0 0.02421875 0.23125 0.0484375 0.0625
0 0.1539126039545021 0.2652276286047324 0.11019316000954511 0.0709488251355733
4 0.17734375 0.36796875 0.1578125 0.0640625
4 0.028125 0.35390625 0.05625 0.0921875
3 0.01484375 0.290625 0.0296875 0.034375
3 0.1360523946133206 0.32294013465485666 0.045694308004454245 0.033076120413308895
5 0.07421875 0.296875 0.1484375 0.20625
5 0.16796875 0.31171875 0.2171875 0.1765625
8 0.6328125 0.2 0.446875 0.4
0 0.86171875 0.3984375 0.0078125 0.003125
0 0.2953125 0.43125 0.20625 0.0625
3 0.075 0.41875 0.146875 0.0375
3 0.32683993193032135 0.530243574546398 0.10228975334181775 0.06309087334017516
4 0.27109375 0.778125 0.2546875 0.44375
4 0.1078125 0.72890625 0.215625 0.5421875
5 0.10859375 0.7 0.2171875 0.6
5 0.25625 0.7 0.30625 0.6
8 0.7015625 0.80546875 0.559375 0.3890625