0 0.03125 0.021875 0.0625 0.04375
0 0.16111295938095244 0.06953125 0.1196954293443632 0.08125
4 0.15992427140354232 0.2359375 0.17721812269254436 0.190625
4 0.02421875 0.15703125 0.0484375 0.1609375
3 0.01640625 0.06796875 0.0328125 0.0390625
3 0.13364248738858836 0.12578125 0.05043635200509069 0.0375
5 0.075 0.184375 0.15 0.36875
5 0.14453125 0.1953125 0.2609375 0.346875
8 0.821875 0.184375 0.35625 0.36875
8 0.621875 0.184375 0.384375 0.36875
8 0.68203125 0.6296875 0.4390625 0.521875
8 0.71484375 0.7734375 0.5703125 0.453125