2 0.01640625 0.053125 0.0328125 0.103125
2 0.246875 0.02734375 0.14375 0.0546875
3 0.275 0.07101555124127694 0.075 0.06024770401018138
4 0.02421875 0.21875 0.0484375 0.225
4 0.3453125 0.1609375 0.33125 0.321875
5 0.053125 0.26640625 0.10625 0.4265625
5 0.0734375 0.23984375 0.146875 0.4796875
5 0.30859375 0.23984375 0.5015625 0.4796875
5 0.253125 0.05546875 0.303125 0.1109375
8 0.7734375 0.284375 0.428125 0.390625
7 0.07734375 0.8441370672740482 0.1296875 0.22025905068427187
7 0.275 0.884375 0.15625 0.23125
3 0.09765625 0.7274944599379574 0.04375 0.041134077339272504
3 0.29140625 0.7557087245783223 0.0484375 0.04118862133990877
0 0.30703125 0.6977144112428678 0.078125 0.06497156667727229
0 0.10859375 0.6742421906031393 0.0609375 0.056959072008272216
5 0.078125 0.81875 0.15625 0.3625
5 0.26328125 0.8265625 0.2515625 0.346875
8 0.7515625 0.5921875 0.384375 0.225