2 0.18515625 0.3703125 0.11875 0.059375
2 0.2859375 0.2859375 0.125 0.0765625
2 0.51640625 0.1796875 0.0671875 0.121875
3 0.28671875 0.3875 0.06875 0.034375
4 0.0625 0.24609375 0.125 0.1328125
4 0.15078125 0.521875 0.3015625 0.215625
4 0.31484375 0.4390625 0.128125 0.190625
4 0.49453125 0.05703125 0.1109375 0.1140625
4 0.34375 0.0734375 0.1125 0.146875
4 0.184375 0.0265625 0.071875 0.053125
5 0.17890625 0.103125 0.0953125 0.20625
5 0.06328125 0.27109375 0.1265625 0.3484375
5 0.215625 0.4828125 0.43125 0.29375
5 0.3296875 0.42890625 0.246875 0.4015625
5 0.49375 0.37265625 0.1125 0.5140625
5 0.3453125 0.15 0.165625 0.3
5 0.48515625 0.14375 0.1296875 0.2875
8 0.87421875 0.075 0.1 0.1375
8 0.93515625 0.4953125 0.1296875 0.26875
8 0.88359375 0.525 0.2328125 0.209375
8 0.371875 0.70078125 0.140625 0.1421875
8 0.384375 0.7984375 0.184375 0.1875
5 0.4140625 0.696875 0.015625 0.015625
7 0.4140625 0.7015625 0.0125 0.009375
5 0.71953125 0.8125 0.3390625 0.365625