1 0.8231067436552882 0.16484375 0.09288745764913067 0.1203125
1 0.48825956586399516 0.21796875 0.11012949980360834 0.1296875
2 0.5048198310875016 0.11015625 0.10821247579950324 0.06875
2 0.79453125 0.03515625 0.1421875 0.0703125
4 0.77421875 0.34609375 0.2890625 0.1265625
5 0.76796875 0.2046875 0.4640625 0.409375
5 0.48515625 0.23203125 0.2515625 0.3546875
4 0.1796875 0.896875 0.359375 0.20625
5 0.1796875 0.7046875 0.359375 0.590625
8 0.7015625 0.6328125 0.515625 0.446875
8 0.8109375 0.7546875 0.378125 0.490625