5 0.13515625 0.0890625 0.2515625 0.178125
8 0.71953125 0.2 0.5609375 0.4
7 0.65546875 0.3525498457218328 0.0234375 0.056386355386194256
5 0.64609375 0.34453125 0.0484375 0.1109375
8 0.21953125 0.7 0.4390625 0.6
0 0.4953125 0.7755545119038567 0.0765625 0.0738829275949012
2 0.72734375 0.98828125 0.1234375 0.0234375
2 0.8265625 0.9220129180287356 0.128125 0.08355790944452864
2 0.86953125 0.5175754029034252 0.06875 0.044149975799503235
2 0.703125 0.5853572796614458 0.0375 0.02209316861791084
3 0.49296875 0.8317908763652373 0.0390625 0.033039758976990186
3 0.7015625 0.6126919393023662 0.021875 0.01731476502711473
3 0.86640625 0.5730259721852659 0.0390625 0.03460225897699036
4 0.590625 0.8886090238077134 0.146875 0.14147949375348395
4 0.878125 0.680906649878363 0.121875 0.20070904800821018
4 0.7140625 0.6557334121750031 0.0734375 0.06761474687674199
5 0.7109375 0.7080589814568439 0.10625 0.27874314441741416
5 0.5640625 0.86640625 0.2125 0.2671875
5 0.871875 0.92734375 0.25625 0.1453125
5 0.8796875 0.7137282402374426 0.1828125 0.4510635720123152
5 0.9734375 0.68203125 0.053125 0.4796875