4 0.10703125 0.03671875 0.1234375 0.0734375
5 0.1078125 0.14609375 0.215625 0.2921875
0 0.773580213956093 0.2028861890077786 0.1215306493475449 0.10538745764913057
0 0.46870290463877406 0.08313572862817357 0.11497156667727211 0.07878859621281205
4 0.46953125 0.29453125 0.1203125 0.2390625
4 0.79140625 0.37421875 0.2140625 0.1515625
0 0.41796875 0.13359375 0.0171875 0.0359375
5 0.41953125 0.1453125 0.0203125 0.071875
5 0.8203125 0.2984375 0.321875 0.303125
5 0.4875 0.24375 0.15625 0.4125
3 0.7813012599459116 0.2779361859827166 0.07401930267345422 0.05042724687674198
3 0.4654319066279563 0.16280959308955412 0.07085794000636322 0.04728406615858276
4 0.7353251412715028 0.6518549541330891 0.09244313335454457 0.1567772408266178
4 0.8187263452419133 0.8703236738824682 0.11359197469763486 0.22877041549465282
3 0.7242972819462297 0.592411776439992 0.027053396005727138 0.04234203610435348
3 0.7992507339274578 0.7311384540348933 0.017642033338635964 0.03916249394987581
2 0.8290115066040938 0.6578691256778662 0.07458292401336308 0.09886474687674215
2 0.731292716621593 0.5283856378763104 0.044404528007635946 0.056504530054229285
5 0.7275666379296851 0.7143140475172307 0.1143748667249973 0.4303238251355732
5 0.8046875 0.8015625 0.16875 0.396875
8 0.68359375 0.725 0.5484375 0.55