0 0.39116237294739165 0.1739603799331849 0.22271131303532493 0.14633174936345314
3 0.38571232454639803 0.31153310526736666 0.10981133723582168 0.07627269334818117
4 0.434375 0.41953125 0.190625 0.2203125
5 0.40546875 0.30390625 0.2484375 0.4515625
8 0.76484375 0.26484375 0.4703125 0.5296875
5 0.78828125 0.0125 0.0296875 0.025
5 0.375 0.70625 0.190625 0.353125
5 0.24453125 0.6953125 0.1828125 0.33125
5 0.18671875 0.6484375 0.1328125 0.2375
4 0.18828125 0.56953125 0.0578125 0.0796875
4 0.2700560291704665 0.6404859032861385 0.06149201190385671 0.09602157200827222
4 0.34453125 0.615625 0.0921875 0.171875
3 0.23616229732083913 0.5893143019573656 0.011010222872636977 0.012627269334818081
0 0.2390625 0.56015625 0.05 0.0609375
1 0.73671875 0.9171875 0.4140625 0.165625
2 0.70625 0.7265625 0.353125 0.296875
5 0.76484375 0.771875 0.4703125 0.45625