0 0.26328125 0.3377297206331417 0.2140625 0.13562037919390768
0 0.090625 0.046875 0.18125 0.09375
0 0.07734375 0.1359375 0.1546875 0.178125
3 0.0625 0.2765625 0.125 0.128125
3 0.2734375 0.4697018832991242 0.10625 0.0693681444174139
5 0.090625 0.278125 0.18125 0.48125
5 0.18671875 0.3859375 0.3609375 0.265625
7 0.73671875 0.259375 0.2140625 0.51875
5 0.74609375 0.259375 0.2328125 0.51875
5 0.303125 0.5788859857584523 0.04375 0.09244203005422928
8 0.521875 0.6768320854873058 0.09375 0.11148292154477701
8 0.3125 0.66171875 0.4375 0.2859375
8 0.86875 0.759375 0.2625 0.48125
7 0.86953125 0.6411188619272978 0.0421875 0.04555793969514958
5 0.86953125 0.6356501119272978 0.071875 0.06604315651766246