0 0.2625 0.04375 0.21875 0.0875
3 0.05625 0.01796875 0.1125 0.0359375
3 0.2823441640674515 0.16106268150372616 0.10859429734245403 0.06781473477649361
4 0.19765625 0.37890625 0.2765625 0.4015625
4 0.075 0.3109375 0.15 0.5375
5 0.08515625 0.28984375 0.1703125 0.5796875
5 0.20234375 0.28984375 0.3484375 0.5796875
8 0.8 0.34375 0.4 0.471875
5 0.3 0.78984375 0.6 0.4203125
4 0.3 0.953125 0.6 0.09375
1 0.3578125 0.8125 0.484375 0.240625
2 0.35234375 0.5984375 0.4953125 0.0375
6 0.9283351800206809 0.6797768409482547 0.03515679734245403 0.06738748789975162
9 0.8 0.78984375 0.4 0.4203125