5 0.04296875 0.15859375 0.0859375 0.3171875
5 0.05 0.328125 0.1 0.08125
5 0.22578125 0.09609375 0.2484375 0.1921875
5 0.2671875 0.1796875 0.165625 0.359375
8 0.675 0.184375 0.65 0.36875
5 0.91796875 0.13639395872928511 0.08125 0.22703519867214011
7 0.9140625 0.11376043462698408 0.0453125 0.08151362041330898
3 0.90703125 0.06380134124284247 0.0125 0.015697722872636887
0 0.9015625 0.04195815749962106 0.025 0.028270445745273952
5 0.078125 0.684375 0.15625 0.63125
8 0.56640625 0.88515625 0.2109375 0.2296875
8 0.815625 0.88359375 0.278125 0.2328125
8 0.80234375 0.7860126845287881 0.121875 0.1147715480082101
7 0.98515625 0.719324112516473 0.0109375 0.017251132513557366
0 0.98359375 0.7052707028755526 0.00625 0.007848861436318444
5 0.9859375 0.7169758173369332 0.01875 0.037609084308955334