5 0.4109375 0.1859375 0.33125 0.371875
5 0.31640625 0.259375 0.4265625 0.51875
7 0.2921875 0.0796875 0.2875 0.159375
7 0.4328125 0.05078125 0.153125 0.1015625
8 0.8 0.21484375 0.4 0.4296875
8 0.8 0.28359375 0.4 0.4703125
6 0.58046875 0.7875 0.0390625 0.10625
6 0.3626414214465812 0.67578125 0.03000566256778665 0.0546875
6 0.21337721965118311 0.66796875 0.026853391490547728 0.05
6 0.11102437929210351 0.66640625 0.017414758976990363 0.0390625
6 0.07196642447164328 0.6671875 0.012681807181592397 0.03125
6 0.046189719651183125 0.66796875 0.012672716822512697 0.0296875
6 0.021875 0.7859375 0.04375 0.09375
6 0.02744426483072293 0.66875 0.011082945745273864 0.025
6 0.5429010931877499 0.63984375 0.02210225897699054 0.0390625
6 0.4224931444174141 0.6234375 0.01897725897699054 0.0390625
6 0.33495678298109555 0.6171875 0.015806807181592396 0.03125
6 0.26463519262201596 0.615625 0.012654536104353475 0.0265625
6 0.59453125 0.63515625 0.0109375 0.0328125
6 0.5076130329810955 0.6171875 0.01738748789975162 0.034375
6 0.43572439744247615 0.61484375 0.014253397540672097 0.0328125
6 0.2053147347764936 0.625 0.01738748789975162 0.034375
9 0.3 0.7609375 0.6 0.478125
6 0.6495253605525557 0.92109375 0.05048178903121965 0.0828125
6 0.8839498366466465 0.7953125 0.04103406615858276 0.0703125
9 0.85625 0.87890625 0.2875 0.2421875