5 0.2921875 0.21484375 0.25625 0.4296875
5 0.40703125 0.21484375 0.3234375 0.4296875
7 0.3953125 0.13671875 0.253125 0.2734375
7 0.246875 0.12938170138445218 0.1203125 0.24358746268299925
0 0.32890625 0.01875 0.1265625 0.0375
0 0.48046875 0.01953125 0.1296875 0.0390625
7 0.7453125 0.06526520472627002 0.0296875 0.06597044533736351
0 0.7484375 0.00859375 0.01875 0.0171875
5 0.72890625 0.1171875 0.0734375 0.234375
8 0.809375 0.21484375 0.38125 0.4296875
7 0.41796875 0.92265625 0.0984375 0.1546875
7 0.5859375 0.925 0.065625 0.15
2 0.02265625 0.8109375 0.0453125 0.059375
3 0.02265625 0.8493556573440451 0.0453125 0.030214758672817865
3 0.41796875 0.8320805347310426 0.0375 0.03324885200509087
3 0.6015625 0.8296875 0.034375 0.034375
0 0.59765625 0.771875 0.0421875 0.053125
0 0.41953125 0.7797549660645879 0.0546875 0.047511346674090495
4 0.02890625 0.940625 0.0578125 0.11875
5 0.06328125 0.88671875 0.1265625 0.2265625
5 0.41328125 0.87734375 0.1171875 0.2453125
5 0.57421875 0.8703125 0.0890625 0.259375
8 0.84921875 0.71484375 0.3015625 0.5703125