0 0.06608652478967203 0.03242369808296495 0.0753545240041051 0.06137383723582168
3 0.07601097063314181 0.07232653541698246 0.029832945745273776 0.025172716822512698
4 0.07481156411547936 0.14419699023744262 0.11485336123992677 0.13660109621281222
4 0.4 0.07109375 0.21875 0.1421875
5 0.321875 0.18671875 0.375 0.3734375
5 0.0765625 0.19140625 0.153125 0.3828125
1 0.8078125 0.42578125 0.384375 0.1265625
2 0.8296875 0.30078125 0.340625 0.1578125
5 0.7546875 0.34453125 0.490625 0.2890625
8 0.33828125 0.63125 0.3421875 0.284375
4 0.37578125 0.50078125 0.0265625 0.0234375
5 0.38125 0.50546875 0.04375 0.0328125
8 0.7546875 0.74453125 0.490625 0.5109375