0 0.2123134747374058 0.16796875 0.09760225334181775 0.0625
0 0.4095242820655424 0.1296875 0.07572725334181776 0.0625
0 0.29097482407699643 0.2140625 0.04271475867281786 0.0453125
3 0.4302549527370877 0.165625 0.03155908267027261 0.0265625
3 0.2827628820814508 0.246875 0.02687158267027261 0.0265625
3 0.215793010741542 0.1984375 0.05352498933799978 0.034375
7 0.16559411075745034 0.315625 0.1986022266868172 0.1484375
4 0.27234355008749594 0.29140625 0.07420111600890866 0.065625
4 0.4513492500795418 0.2328125 0.11878745735199914 0.1375
5 0.19140625 0.28828125 0.3828125 0.3453125
5 0.2665384454169052 0.2625 0.11422722668681722 0.1484375
5 0.4125 0.28359375 0.2125 0.3890625
8 0.759375 0.290625 0.48125 0.396875
1 0.37421875 0.6171875 0.2890625 0.25625
4 0.259375 0.8234375 0.51875 0.353125
5 0.259375 0.74453125 0.51875 0.5109375
8 0.77265625 0.6796875 0.4546875 0.38125
8 0.878125 0.74453125 0.24375 0.5109375