0 0.3078422327333902 0.49609375 0.10037270472226431 0.0640625
0 0.10886892242853988 0.45390625 0.07693520472226431 0.0640625
0 0.22789565749962107 0.540625 0.04402271077238851 0.046875
0 0.0390625 0.01875 0.078125 0.0375
0 0.01328125 0.2375 0.0265625 0.096875
3 0.0867893893492484 0.4890625 0.031404536104353654 0.0265625
3 0.23472691959986952 0.575 0.028288626463433175 0.028125
3 0.3045445159108775 0.52578125 0.05489657825883114 0.0359375
7 0.353125 0.5890625 0.203125 0.040625
4 0.2453125 0.59765625 0.075 0.0234375
4 0.065625 0.54765625 0.121875 0.1234375
5 0.33125 0.52421875 0.396875 0.1703125
5 0.25078125 0.56171875 0.1171875 0.0953125
5 0.1046875 0.51015625 0.209375 0.1984375
6 0.6125 0.4859375 0.165625 0.246875
2 0.9625 0.05078125 0.075 0.1015625
2 0.85 0.04453125 0.115625 0.0890625
4 0.8765625 0.28671875 0.246875 0.3734375
4 0.7978733768562166 0.1765625 0.1666976623713948 0.184375
5 0.77421875 0.3046875 0.3390625 0.609375
5 0.81015625 0.3046875 0.3796875 0.609375
5 0.94375 0.3046875 0.1125 0.609375
8 0.26484375 0.8078125 0.5296875 0.384375
1 0.790625 0.83984375 0.41875 0.3203125
4 0.76484375 0.94765625 0.4703125 0.1046875
5 0.76484375 0.8046875 0.4703125 0.390625