0 0.2734375 0.271875 0.090625 0.109375
8 0.4984375 0.16484375 0.359375 0.3296875
8 0.159375 0.57421875 0.31875 0.4890625
5 0.22980217125018942 0.37544699023744266 0.0220658975406721 0.03293976502711464
0 0.9213316619786115 0.730254227548019 0.07856133723582168 0.0754545179539809
2 0.685812839377121 0.935127038147457 0.12228406615858275 0.07102154800821019
2 0.5969998033709633 0.8432071828594585 0.12862496974937904 0.08668290944452864
2 0.3703125 0.7125 0.103125 0.13125
2 0.42729427390590924 0.40942201443793946 0.08627384328594587 0.05831246974937891
2 0.5791203943192181 0.45561627926866244 0.06745112041330899 0.04570338544042354
2 0.7342487767345796 0.5322974748175445 0.037636355386194253 0.023655668617910842
3 0.9200782341873184 0.7833701371889393 0.0392533975406721 0.03303975897699054
3 0.7343987676593933 0.5580787248175445 0.021974993949875808 0.01731476502711473
3 0.5794294665279252 0.5087412792686624 0.03926248789975162 0.03460225897699054
3 0.4151533430895541 0.47106804156530246 0.05180793969514976 0.04248748184962743
3 0.33359375 0.78515625 0.0296875 0.0515625
3 0.5866304508134395 0.9407998003459012 0.06897725897699054 0.03946247579950324
4 0.8234713997801671 0.8289002849260031 0.14926472267624505 0.14305108411256356
4 0.553125 0.94375 0.14375 0.1125
4 0.3484375 0.8421875 0.059375 0.290625
4 0.4 0.57265625 0.1625 0.1796875
4 0.5628328398681003 0.6102037853187866 0.12927038524403187 0.19762040944452863
4 0.7197959121750032 0.5993986164062882 0.07539997579950324 0.06918633723582168
5 0.7208635084860111 0.6486219115858279 0.12187604176169416 0.26944995764913066
5 0.846875 0.83828125 0.228125 0.3234375
5 0.65234375 0.9375 0.4859375 0.125
5 0.53828125 0.884375 0.2859375 0.23125
5 0.39296875 0.809375 0.1484375 0.38125
5 0.5575413518701529 0.6406407190620079 0.20567030054229285 0.4386817466803503
5 0.415625 0.596875 0.19375 0.46875