0 0.40546875 0.1733672387835144 0.13125 0.10701359016268785
3 0.4078125 0.28194735324489495 0.0703125 0.05197156615858276
7 0.453125 0.36215248283158596 0.253125 0.20303513817089822
5 0.44453125 0.30625 0.3171875 0.3875
8 0.81953125 0.25 0.3609375 0.5
8 0.81953125 0.1046875 0.3609375 0.209375
7 0.7 0.20309668716106694 0.0265625 0.06109203610435347
4 0.7515625 0.20123420531143948 0.0109375 0.03756363251355736
5 0.77265625 0.2073614854638647 0.0671875 0.13945338544042354
9 0.0984375 0.853125 0.196875 0.175
0 0.215625 0.6097370517206434 0.065625 0.10350679508134383
3 0.24765625 0.6431444493595112 0.025 0.06420794574527378
0 0.296875 0.6334831030485033 0.0328125 0.050190897540672096
7 0.303125 0.7584467416121847 0.0671875 0.17382838544042353
7 0.2609375 0.8266609313073344 0.1328125 0.29921018052176757
5 0.2625 0.75 0.184375 0.5
5 0.30625 0.77109375 0.125 0.4578125
8 0.81953125 0.8203125 0.3609375 0.359375