0 0.9792817040499522 0.18410489363184707 0.0316136266709087 0.0314318071815924
0 0.7727953467138614 0.1625924662333375 0.030051126670908878 0.0314227168225127
0 0.8201970580442254 0.14099472218526587 0.026926126670908702 0.031404536104353474
0 0.567826036043907 0.13718287919390765 0.03633748933799978 0.03458407825883123
0 0.8541907973822249 0.17556516490547763 0.028506808004454244 0.032976126463433175
0 0.9431714813812706 0.16905206537301593 0.026944308004454243 0.032967036104353475
0 0.9101680773790435 0.1524549178323439 0.026926126670908702 0.031404536104353474
0 0.7225049927195885 0.20448452956324994 0.03524770401018138 0.07519998789975162
0 0.8941890887173614 0.18907821906200795 0.03012385200509087 0.0376727168225127
0 0.5065254567154522 0.17276131001026274 0.04742044000636323 0.04714771077238851
3 0.9789277153882703 0.2208190984523073 0.02676249466899989 0.017342036104353475
3 0.9419816987189522 0.20107422501393626 0.020494313335454352 0.015743174668035032
3 0.9112947727164068 0.1821469630118837 0.017387494668999894 0.01728749394987581
3 0.8946345313892248 0.22735946906200794 0.023673857336090974 0.020448855386194252
3 0.8521924927195885 0.20523902936685823 0.01898635733609062 0.02042158430895542
3 0.8213601160486796 0.1738117673648057 0.020530676002545434 0.01886817466803503
3 0.8079339627227702 0.22841745413308914 0.020530676002545434 0.01886817466803503
3 0.7732407893857248 0.20087371623333755 0.022093176002545435 0.01887726502711464
3 0.7434169293841341 0.1889822494108248 0.015788632001908987 0.014153403590796199
3 0.7243220313892247 0.22636861992232954 0.018968176002545432 0.01885908430895533
3 0.6842964680537703 0.21051181576579933 0.01894999466899989 0.01729658430895533
3 0.6513657893857248 0.20016466822512738 0.025218176002545434 0.018895445745273864
3 0.5955339600572701 0.23577491529826117 0.01736931333545435 0.01572499394987581
3 0.5674811380489977 0.17467833401436783 0.025254538669636162 0.022020445745273863
3 0.5100595367202247 0.20793574072842197 0.02369203866963616 0.022011355386194253
0 0.5888566987189521 0.19901980386194262 0.041134077339272504 0.04398634933607006
0 0.6508839840467706 0.15875841822512732 0.03317612667090888 0.03144089754067192
0 0.6877572753819068 0.1722532916634984 0.03317612667090888 0.03144089754067192
0 0.7246123853834977 0.1841856651018694 0.03317612667090888 0.03144089754067201
0 0.7437981900461342 0.15461179459036462 0.02845226400381797 0.028288626463433088
0 0.8106226107176795 0.19093563485124837 0.03163180800445424 0.032994307181592394
7 0.5104873454009968 0.3118374455488821 0.08793744668999892 0.17237496974937905
7 0.5700345207272245 0.25984367437344746 0.08297722668681722 0.14891019867214011
7 0.5926731367361332 0.3255959394005621 0.06898745202099903 0.15507838544042354
7 0.6499129247294516 0.27671353268650795 0.08288632001909005 0.14109769867214011
7 0.6881396307288153 0.2722487464839586 0.042134050684271965 0.12992384933607007
7 0.7212703040658606 0.29978339402463056 0.07507382001909005 0.14105224687674217
7 0.7500214653882702 0.21948736084714326 0.02543635200509069 0.03764544574527395
7 0.7662282680617244 0.2695782644379395 0.057759050684271784 0.13001475292686618
7 0.8056362133990879 0.2994930234149299 0.07029541335136287 0.13321247579950324
7 0.8155464680537703 0.21127540592848723 0.053724984006999675 0.05187157220870704
7 0.8529651993952699 0.27164527936685817 0.05750451201463562 0.10813975292686635
7 0.8985322380649061 0.29378389978016717 0.0811783693507266 0.1285886083130606
7 0.9186623773869975 0.211094119627742 0.022111357336090976 0.020439765027114642
7 0.9345146440563156 0.23071627321853816 0.050490896005727134 0.04247839149054773
7 0.96796875 0.28203125 0.0640625 0.1171875
5 0.9640625 0.2859375 0.071875 0.246875
5 0.93671875 0.27890625 0.0671875 0.2609375
5 0.9136021600493158 0.17903559855050316 0.036973836012090186 0.08927157825883122
5 0.89296875 0.28828125 0.0984375 0.2421875
5 0.8515625 0.2828125 0.0625 0.253125
5 0.8175084100493158 0.17847654146710665 0.059048830681090084 0.10658634328594588
5 0.81015625 0.290625 0.0921875 0.2375
5 0.765625 0.27734375 0.06875 0.2640625
5 0.734375 0.27265625 0.05625 0.2734375
5 0.721875 0.2875 0.08125 0.24375
5 0.69609375 0.28203125 0.0703125 0.2546875
5 0.65078125 0.275 0.0859375 0.26875
5 0.59609375 0.2921875 0.0921875 0.234375
5 0.56796875 0.2640625 0.0921875 0.290625
5 0.51015625 0.27734375 0.1015625 0.2640625
8 0.2296875 0.64375 0.359375 0.46875
6 0.3379236440960865 0.8338145230221464 0.08190562269254435 0.1910886083130606
6 0.07564182009863182 0.8510373426967707 0.10588856269890759 0.23809996369925485
2 0.3231856980426344 0.440005435688129 0.028361357336090798 0.020476126463433175
7 0.3270197700509067 0.5009611164062882 0.06026588534372692 0.07690793364502539
7 0.01015625 0.6109375 0.0203125 0.134375
3 0.3211692120464525 0.4681168001495095 0.018968176002545432 0.01885908430895533
5 0.3283913660486796 0.4845639567653678 0.08871814934754489 0.10519656010845857
5 0.01171875 0.671875 0.0234375 0.35625
3 0.728125 0.4359375 0.09375 0.053125
3 0.965625 0.49921875 0.06875 0.1078125
4 0.9390625 0.7828125 0.121875 0.434375
4 0.6941009187619047 0.7050794272021179 0.2626134667409058 0.5483658188890572
5 0.68828125 0.7046875 0.3671875 0.590625
5 0.91796875 0.7046875 0.1640625 0.590625