5 0.10390625 0.21484375 0.2078125 0.4296875
8 0.95 0.1671875 0.1 0.15625
4 0.903125 0.2179671873574586 0.0359375 0.05802157825883114
2 0.9046875 0.17342684699837907 0.015625 0.012590903590796287
3 0.90234375 0.18594048253699844 0.0140625 0.011019313231716588
5 0.89453125 0.23832968433239649 0.0625 0.1503636143631848
0 0.4203125 0.763024115541535 0.0984375 0.059947692622015936
0 0.21484375 0.7368757477605048 0.075 0.06137383723582168
0 0.34140625 0.8150456786750558 0.0421875 0.04555793969514958
0 0.06328125 0.5299450125912277 0.1015625 0.09277837334017516
3 0.0390625 0.5777421631569618 0.059375 0.0440954336450254
3 0.1953125 0.772926877249 0.03125 0.026744307181592396
3 0.35234375 0.8493570461614984 0.0265625 0.026717036104353654
3 0.41875 0.7942832059006146 0.053125 0.03312157220870695
7 0.478125 0.9111252722555893 0.1984375 0.1449044756031114
4 0.36640625 0.8938064829297818 0.0734375 0.06448974687674217
4 0.17890625 0.8433348260193361 0.1140625 0.13660109621281222
5 0.06953125 0.72265625 0.1390625 0.5546875
5 0.4296875 0.85703125 0.340625 0.2859375
5 0.3703125 0.8625337570320829 0.109375 0.1490738251355733
5 0.20234375 0.84921875 0.2296875 0.3015625
8 0.75625 0.6377534882925351 0.14375 0.29302381303532493
8 0.653125 0.4828125 0.10625 0.10625