3 0.56015625 0.0234375 0.0578125 0.046875
4 0.4953125 0.175 0.1875 0.35
5 0.45625 0.29453125 0.265625 0.5890625
1 0.38267458197126436 0.9210281767111386 0.1351931323171655 0.14140677088084708
1 0.03984375 0.75859375 0.0796875 0.2015625
2 0.27578125 0.61953125 0.0921875 0.0609375
3 0.2565080334720749 0.7179435624461497 0.050290891490547905 0.05029089149054773
3 0.20625 0.97265625 0.0875 0.0546875
2 0.16863532874981058 0.781497002337691 0.20564198770335979 0.16525333703942985
2 0.33455576541989807 0.7316793304001306 0.1477749455488823 0.15554199375348415
4 0.09140625 0.85625 0.1828125 0.2875
5 0.50546875 0.79453125 0.1671875 0.4109375
5 0.27890625 0.68046875 0.1296875 0.1828125
5 0.38671875 0.8125 0.4046875 0.375
5 0.2375 0.815625 0.475 0.36875
5 0.09609375 0.79453125 0.1921875 0.4109375
5 0.8484375 0.77890625 0.303125 0.3796875