0 0.10625 0.03515625 0.1375 0.0703125
3 0.12326374141579302 0.08388300930936472 0.056495439695149675 0.042842028007635945
4 0.15527174463724683 0.2217824513049104 0.22363852966144576 0.3057067493634532
5 0.1640625 0.225 0.328125 0.45
6 0.65703125 0.0171875 0.0359375 0.034375
6 0.82890625 0.0171875 0.0328125 0.034375
6 0.9625 0.0234375 0.025 0.046875
9 0.77734375 0.225 0.3765625 0.45
8 0.48203125 0.63671875 0.2140625 0.3734375
4 0.904576332167656 0.6130956052673666 0.18568401170746468 0.22714539735836253
3 0.87265625 0.478125 0.0828125 0.05625
5 0.83515625 0.71640625 0.3296875 0.5328125