4 0.321875 0.1890625 0.275 0.378125
4 0.08125 0.171875 0.1625 0.34375
5 0.2734375 0.2296875 0.371875 0.459375
5 0.096875 0.2296875 0.19375 0.459375
5 0.515625 0.23984375 0.1125 0.4390625
4 0.48828125 0.2125 0.0578125 0.184375
3 0.5173672236582039 0.1162228801758662 0.01893180718159222 0.03135908430895533
0 0.5130342476623089 0.05531265125310512 0.06601588544042354 0.06756929508134384
0 0.09296875 0.7296875 0.1859375 0.540625
7 0.38984375 0.7296875 0.1390625 0.540625
5 0.2296875 0.7296875 0.459375 0.540625
8 0.7296875 0.7296875 0.540625 0.540625
8 0.9234375 0.64609375 0.153125 0.3734375