0 0.22734375 0.015625 0.0421875 0.03125
4 0.22373113804899775 0.10036011094533914 0.052671561346272176 0.09561248184962734
5 0.25390625 0.17578125 0.1296875 0.3515625
8 0.92578125 0.35390625 0.1484375 0.1921875
4 0.7708981340706331 0.2849078277678519 0.01598862667090888 0.03134090359079611
2 0.7713793920671332 0.25913112294739166 0.0047784066677271754 0.007839771077238922
5 0.781154381405133 0.2935606651018694 0.025909066677272285 0.07827044574527395
8 0.8046875 0.22578125 0.390625 0.4234375
5 0.8644486867440874 0.9063964875069681 0.014535214672181596 0.040706813231716765
8 0.884375 0.925 0.23125 0.15
8 0.7493322167409057 0.8822908461146163 0.049455654678545 0.08778180113146802
4 0.8147844940722241 0.8678288911959602 0.0032522693348180807 0.010955680718159045
5 0.8148117660725422 0.8701726411959602 0.004923857336090976 0.020339771077238923