0 0.4875 0.03984375 0.0625 0.0609375
0 0.2515625 0.01640625 0.096875 0.0328125
3 0.4743671782822723 0.07797462324954933 0.040788626463433175 0.028597714672181595
3 0.24257682279788223 0.03926830128104788 0.040779536104353475 0.027035214672181597
7 0.21399275966436146 0.11850181528486585 0.14948289129415607 0.1814147266868172
7 0.45859375 0.175 0.1203125 0.2
5 0.43359375 0.24765625 0.1703125 0.4921875
5 0.18984375 0.19453125 0.2359375 0.3890625
7 0.8438666120254936 0.2614887466184113 0.018922716822512696 0.029905676002545345
0 0.8471188770526084 0.2395773839513204 0.0063045421544778435 0.009447725334181811
5 0.839097298793777 0.2756057906190476 0.03329428903121965 0.08319430800445433
8 0.93046875 0.4109375 0.1390625 0.33125
5 0.8651547629840112 0.4963813672820024 0.05523292154477701 0.09438634667409058
8 0.76640625 0.28984375 0.4671875 0.5796875
6 0.34609375 0.78984375 0.3453125 0.4203125
6 0.14609375 0.78984375 0.2921875 0.4203125
1 0.7484375 0.93046875 0.459375 0.1390625
2 0.7640625 0.7890625 0.471875 0.240625
5 0.759375 0.80078125 0.48125 0.3984375