0 0.11936203659533282 0.10948825258595826 0.07999657220870696 0.05405224801081765
0 0.23433759680198724 0.08549567457036807 0.03606476502711473 0.022293170671545237
0 0.16939839803165127 0.10265644991250404 0.04388635538619425 0.023946577339272503
0 0.37802396428843005 0.09476049188418716 0.037636355386194253 0.02387385200509069
0 0.4282194070086417 0.060584939210732894 0.03450226502711473 0.022274989337999783
0 0.3906285034178456 0.07664629121582359 0.03448408430895533 0.019149989337999784
0 0.18669043716106692 0.08448770524350416 0.02822499394987581 0.017514764003817972
3 0.370897265518094 0.11124855788514165 0.010992042154477844 0.00950226933481808
1 0.23971089803165135 0.10183828990295903 0.01726022287263689 0.012699994668999893
3 0.17474897336361633 0.12290531524509496 0.01414431323171641 0.014226132001908986
3 0.10660750654110354 0.1533837032543218 0.039207945745273955 0.025454533338636055
7 0.14669617535540613 0.2450984885821402 0.1635999334486339 0.19095335868872637
7 0.23018136192729788 0.12850987790423166 0.04723861436318479 0.0630454400063634
7 0.4107910124930319 0.10219118387973278 0.031395445745273774 0.025363626670908877
7 0.43515625 0.1171875 0.0296875 0.075
4 0.3995808017206432 0.14919345321455096 0.0614011083130606 0.0803965720082724
4 0.19738249746591716 0.12654793590868602 0.02208407825883114 0.03619203866963625
4 0.18234784992524525 0.15953315857736775 0.06604315651766246 0.07263861600890867
5 0.42734375 0.14296875 0.0453125 0.1953125
5 0.40423194028432474 0.1553889092139146 0.06980448165323594 0.18204997867599956
5 0.3971052415139889 0.17187697521486908 0.07451925273047451 0.18679202267663583
5 0.24327625956616564 0.16038658656909538 0.09167948165323558 0.18230451734563582
5 0.1955927384889268 0.16562861724223144 0.06512607201231528 0.1835579346753633
5 0.1770563619272978 0.12912804324477678 0.0551420179539809 0.07876134667409058
5 0.16015625 0.30625 0.2203125 0.465625
4 0.79765625 0.01953125 0.0265625 0.0390625
5 0.790625 0.08359375 0.06875 0.1671875
1 0.3859375 0.76484375 0.128125 0.2265625
5 0.321875 0.76953125 0.25625 0.4609375
5 0.5732273799794745 0.7923853052991834 0.0847032946885605 0.32596361067790847
5 0.5093375968019872 0.7634432399745468 0.07517375858420702 0.2992920226766359
5 0.71484375 0.79921875 0.3921875 0.4015625
5 0.90703125 0.78828125 0.1859375 0.4234375
2 0.91796875 0.68359375 0.1640625 0.1734375
2 0.6777199581401099 0.6903949966184113 0.15248062626704134 0.15957608935390813
2 0.5701938044511179 0.642430758633047 0.015761355386194255 0.023619313335454528
2 0.49919550322145384 0.6268517593093648 0.018877265027114554 0.022093176002545255
4 0.5034830274219507 0.6955472153087283 0.04429542154477702 0.09425907733927233
4 0.5758847473677213 0.7384517832988652 0.04286927693097127 0.11767839600572697
1 0.9265625 0.91796875 0.146875 0.1640625
1 0.66796875 0.91640625 0.1296875 0.1671875