0 0.3546875 0.08636214247250643 0.0765625 0.050445427594901296
0 0.10625 0.11046375956616564 0.090625 0.056777240826617795
0 0.40078125 0.0796875 0.0359375 0.021875
0 0.41328125 0.06171875 0.0109375 0.0171875
3 0.409375 0.10088772990471977 0.0125 0.012572722872636888
3 0.34140625 0.12862691052468317 0.0375 0.023655668617910842
3 0.1078125 0.15029841920708603 0.0390625 0.022102258976990453
7 0.1015625 0.23392853064340446 0.13125 0.16795109016268786
7 0.36015625 0.21875 0.1171875 0.184375
4 0.4015625 0.134375 0.034375 0.071875
5 0.40859375 0.14140625 0.0203125 0.1796875
5 0.4015625 0.10546875 0.034375 0.0765625
5 0.3546875 0.29140625 0.128125 0.4765625
5 0.0921875 0.2925768227978821 0.184375 0.419822662371395
6 0.59609375 0.2859375 0.3546875 0.571875
6 0.8453125 0.31484375 0.309375 0.6296875
5 0.209375 0.81484375 0.41875 0.3703125
4 0.253125 0.92734375 0.33125 0.1453125
1 0.29296875 0.73359375 0.2109375 0.2078125