5 0.36109762304558757 0.25543030504029307 0.28070562021691714 0.17662717427525151
3 0.345699882022578 0.2945837086310892 0.19885565651766246 0.07302947560311139
5 0.33984375 0.228125 0.6796875 0.421875
8 0.83984375 0.21953125 0.3203125 0.4390625
5 0.075 0.71953125 0.15 0.5609375
5 0.1984375 0.73515625 0.184375 0.5296875
5 0.27669535196834866 0.4981541362259905 0.03806360226293641 0.09709316861791084
5 0.18223227966144587 0.5104228529503073 0.017532933645025395 0.05947499394987581
4 0.1823095477136226 0.5237041029503073 0.01737839754067192 0.03291249394987581
4 0.28071068627730417 0.5168814103282914 0.01582498789975162 0.03446590359079611
2 0.2741197978118185 0.45832402176460996 0.026726126463433177 0.028279536104353475
2 0.18059705678880889 0.49793194330938695 0.01730567466803503 0.02041249394987581
2 0.22365671037960508 0.5133069584346975 0.09425906010845857 0.08804542154477701
2 0.2959725927949665 0.588670051917035 0.11151019262201593 0.09908291549465283
2 0.44287888817089804 0.45890476298401117 0.03301248789975162 0.034565897540672096
2 0.45289930366555087 0.5697877208295334 0.10051815046753809 0.08964428298109546
1 0.5281533128389331 0.47872183841417204 0.02678975897699054 0.039217036104353474
1 0.5828125 0.52265625 0.10625 0.1671875
1 0.44078966822512733 0.5026683985226306 0.023592036104353654 0.026698855386194254
1 0.4651589300307881 0.6626882931364364 0.06299996974937905 0.0863011143631848
1 0.21486349336070062 0.6133615005891752 0.06460792154477701 0.09412270472226432
1 0.2709094811622563 0.7122575428418487 0.08505677693097127 0.11767837939029935
4 0.05625 0.7859375 0.1125 0.428125
4 0.18671875 0.825 0.1203125 0.35
4 0.28125 0.89140625 0.225 0.2171875
4 0.44609375 0.8453125 0.1703125 0.309375
4 0.58046875 0.77421875 0.1984375 0.4515625
4 0.5152993097156752 0.5522366064663488 0.03948065651766246 0.07210225897699037
5 0.91953125 0.69609375 0.1609375 0.5140625