5 0.1780222659532294 0.16458259124284239 0.31035788669636233 0.2205408007386847
3 0.16659386994750242 0.20683372375639975 0.21369996801399935 0.10436128883482798
4 0.14609375 0.50625 0.2921875 0.4875
5 0.275 0.375 0.55 0.75
8 0.90078125 0.22109375 0.1984375 0.4421875
0 0.60859375 0.05625 0.0921875 0.1125
3 0.6257886986394103 0.1411597685431561 0.036519302673454136 0.05020907825883123
7 0.62421875 0.31015625 0.1484375 0.3421875
5 0.6546875 0.31875 0.209375 0.6375
0 0.06640625 0.8421875 0.1328125 0.134375
0 0.34999781063018354 0.8463729467272326 0.11230110001590851 0.11783291549465283
3 0.36505864194782056 0.9619024979568966 0.0632454346753633 0.0644261143631848
3 0.084375 0.97109375 0.084375 0.0578125
5 0.1921875 0.875 0.384375 0.25
5 0.4015625 0.8796875 0.296875 0.240625
5 0.775 0.875 0.45 0.25
1 0.7515625 0.915625 0.403125 0.16875
2 0.73671875 0.7859375 0.3734375 0.071875