5 0.13984375 0.11953125 0.2390625 0.2390625
5 0.30625 0.11953125 0.246875 0.2390625
4 0.79765625 0.05234375 0.2234375 0.1046875
5 0.565625 0.03359375 0.084375 0.0671875
5 0.80859375 0.11953125 0.3828125 0.2390625
3 0.421875 0.35859375 0.015625 0.0640625
0 0.4171875 0.2828125 0.025 0.0875
7 0.39765625 0.54140625 0.0640625 0.3015625
5 0.334375 0.61953125 0.190625 0.7609375
0 0.6396464920432707 0.358982031036188 0.19128062269254437 0.19172493344863373
3 0.619725985399406 0.5270780460633027 0.10570565467854501 0.08810905405833439
4 0.55234375 0.79140625 0.2421875 0.4171875
5 0.5828125 0.62265625 0.30625 0.7546875