0 0.2297825712524128 0.36513217983439644 0.1870476560311804 0.230760162371395
3 0.1973502372295048 0.5337049178323439 0.03501134667409058 0.05488748789975162
0 0.42681375461491144 0.15142017953980885 0.15052835335772627 0.18055108411256365
4 0.2453125 0.596875 0.2125 0.084375
4 0.4390625 0.4640625 0.253125 0.35
5 0.42734375 0.34921875 0.3046875 0.5796875
5 0.21171875 0.44140625 0.3078125 0.3953125
8 0.7808996285805494 0.27704987597245384 0.0382817973424542 0.06740566861791084
8 0.6171875 0.50390625 0.075 0.0796875
6 0.7184536252387316 0.33919080678880886 0.006431813335454351 0.015661361436318445
6 0.7041996738940504 0.42270728873663216 0.006522720003181703 0.023473861436318445
6 0.6812888852244141 0.44445047852997777 0.006577264003817973 0.028161361436318443
6 0.6916365865690954 0.3609112706844554 0.004887494668999892 0.01721477107723892
7 0.6236945612269594 0.4253641352440319 0.006377269334818081 0.010973861436318445
7 0.6472138772279139 0.4184692406302261 0.007976132001908987 0.014107951795397967
7 0.6644831932288684 0.41153798458010193 0.006377269334818081 0.010973861436318445
7 0.6707241025620958 0.41235559601642036 0.006431813335454351 0.015661361436318445
0 0.623840011895323 0.41286413524403187 0.00474204400063627 0.004714771077238921
0 0.6481314872295048 0.4067550358097659 0.00474204400063627 0.004714771077238921
5 0.6236309265595503 0.43083288524403185 0.014517033338636054 0.03914431323171641
5 0.6471684238940503 0.4223754906302261 0.009793170671545327 0.03599204215447784
5 0.6636292178946868 0.41778343940056206 0.009774989337999784 0.03442954215447767
5 0.6706513772279139 0.4186055960164204 0.009793170671545327 0.03599204215447767
7 0.8692235952021423 0.6096174571581512 0.012827264003817973 0.028197722872636888
5 0.86484375 0.61484375 0.0234375 0.0484375
0 0.99609375 0.5328125 0.0078125 0.00625
0 0.9677343678787784 0.5367481046006273 0.00474204400063627 0.004714771077238567
7 0.9675889172104147 0.5492481046006272 0.007957950668363623 0.012545451795398321
7 0.9953125 0.54609375 0.009375 0.0140625
5 0.9953125 0.540625 0.009375 0.025
5 0.9676252798775057 0.5461231046006272 0.009647720003181703 0.023492042154477845
5 0.75792465790105 0.37145386094533916 0.009702264003817972 0.028179542154477842
0 0.8279104412396862 0.3327958819243822 0.0047238626670910834 0.0031522710772389217
5 0.8270382845719588 0.34060383674484235 0.009611357336090975 0.020367042154477665
6 0.7261206745703681 0.35173625858420704 0.006413632001908987 0.014098861436318444
6 0.6793274905713226 0.3444322978118185 0.004887494668999892 0.01721477107723892
7 0.7289189579090042 0.3126873941228264 0.006359088001272717 0.009411361436318443
5 0.7280922545751405 0.3165890989432866 0.008067038669636161 0.021920451795397967
8 0.7064627025780041 0.295368083916172 0.022329533338636055 0.03918976502711473
9 0.7317536039147312 0.27051352966144576 0.025254538669636162 0.022020445745273776
9 0.7541825872454131 0.29017658986810024 0.028415901336727067 0.025163626463433175
7 0.961440009229823 0.40623390280522925 0.004796588001272539 0.009402271077238922
5 0.9614218278962774 0.4077964028052293 0.008048857336090976 0.020357951795398142
4 0.2421875 0.721875 0.171875 0.165625
5 0.3484375 0.81953125 0.4125 0.3609375
8 0.90390625 0.78984375 0.1921875 0.3015625
8 0.7787120619430482 0.7136595416634984 0.08713746801399944 0.10362496974937904