5 0.11640625 0.234375 0.2328125 0.46875
5 0.0703125 0.234375 0.140625 0.46875
5 0.30703125 0.234375 0.2765625 0.46875
5 0.47578125 0.234375 0.2859375 0.46875
3 0.5213967143866258 0.04149277792809421 0.05499657220870695 0.053761346674090583
3 0.35546875 0.01640625 0.0546875 0.0328125
4 0.4866212177062755 0.24500867659932127 0.1991112283335859 0.38666584802672616
4 0.3253206242239379 0.17501544462127488 0.15801352966144577 0.3049431333545446
4 0.11796875 0.178125 0.1765625 0.35625
4 0.04609375 0.23046875 0.0921875 0.4609375
8 0.809375 0.734375 0.38125 0.53125