0 0.34765625 0.07890625 0.1890625 0.1578125
3 0.30234375 0.19318938027406213 0.0359375 0.053334078258831144
4 0.3328125 0.28828125 0.2125 0.1609375
4 0.51953125 0.184375 0.2765625 0.36875
5 0.51796875 0.184375 0.3421875 0.36875
5 0.31640625 0.184375 0.3296875 0.36875
5 0.06875 0.2171875 0.1375 0.303125
8 0.89140625 0.13359375 0.2171875 0.2671875
9 0.1265625 0.6891796329063408 0.034375 0.03301248789975162
9 0.19453125 0.6770654522863774 0.03125 0.026744307181592396
9 0.1671875 0.6850370335702707 0.028125 0.025163626463433175
8 0.434375 0.6959825821676561 0.0296875 0.032985216822512695
9 0.40625 0.7039587086310892 0.0328125 0.0298783975406721
3 0.45546875 0.7607036123200812 0.0078125 0.010982951795397966
0 0.45859375 0.742716681601922 0.0203125 0.03293067466803503
5 0.4390625 0.8303303110904172 0.0609375 0.21285452400410518
4 0.328125 0.7130069765850701 0.0296875 0.0548602168225127
0 0.33203125 0.6731405006873711 0.015625 0.020403403590796287
5 0.32109375 0.7513291332009284 0.0578125 0.18314884328594597
8 0.84453125 0.6875 0.3109375 0.46875