5 0.2765625 0.19453125 0.146875 0.3890625
5 0.16640625 0.19453125 0.2828125 0.3890625
5 0.0890625 0.19453125 0.178125 0.3890625
4 0.06015625 0.0828125 0.1203125 0.165625
4 0.1546875 0.103125 0.184375 0.20625
5 0.74921875 0.3109375 0.1484375 0.15625
4 0.071875 0.7359375 0.14375 0.44375
5 0.1375 0.68359375 0.275 0.5890625
3 0.021875 0.490625 0.04375 0.065625
5 0.6984375 0.75390625 0.440625 0.4921875
4 0.64921875 0.8875 0.2359375 0.225
4 0.44296875 0.83515625 0.1859375 0.3296875
3 0.421875 0.6799756646244565 0.0625 0.05697725334181776
0 0.42578125 0.53515625 0.1515625 0.2109375
0 0.61171875 0.620735382598685 0.15 0.17049540802036275
5 0.46953125 0.7171875 0.2390625 0.565625
3 0.62578125 0.749478000596776 0.05 0.052144302673454136