5 0.08828125 0.275 0.1765625 0.55
5 0.0390625 0.275 0.078125 0.55
5 0.26875 0.275 0.2 0.55
3 0.3136004543294809 0.08076262402754616 0.05498748184962743 0.05188066256778665
3 0.1422749001729506 0.04191426834676433 0.04559430113146816 0.048701120413308985
3 0.034375 0.0375 0.053125 0.075
2 0.3171875 0.0078125 0.065625 0.015625
4 0.2951009600850175 0.25822000351604146 0.1439783007386847 0.30863972267624523
4 0.08103391490547766 0.25868413270994906 0.15855895120622293 0.3977840359079618
4 0.01875 0.28984375 0.0375 0.5203125
1 0.5 0.1125 0.19375 0.225
4 0.59921875 0.3390625 0.3890625 0.421875
5 0.646875 0.275 0.55625 0.55
1 0.2390625 0.82421875 0.259375 0.2078125
2 0.1921875 0.6171875 0.353125 0.134375
4 0.184375 0.92890625 0.36875 0.1421875
5 0.184375 0.775 0.36875 0.45
7 0.80859375 0.9328125 0.0734375 0.134375
1 0.7898816740788599 0.8588274949318345 0.02209316861791093 0.037627265027114734
1 0.4866107074527388 0.7012114794137405 0.026707945745273954 0.025154536104353475
1 0.46242883976990445 0.8419819251590145 0.03456589754067192 0.03301248789975162
1 0.6829498971478886 0.7422581393492484 0.0376908975406721 0.03303066861791084
2 0.670267569085449 0.5767013170423455 0.020385222872636888 0.012618174668035031
2 0.5601385901626879 0.5820296873574586 0.01726022287263689 0.01259999394987581
2 0.3796875 0.64765625 0.021875 0.0265625
2 0.49098913524403187 0.6480592083365015 0.05336134933607006 0.04093407220870695
2 0.46127488504764014 0.7779239703385541 0.08632838544042354 0.06768746974937896
2 0.6896311683233233 0.6820609827333902 0.07533634328594588 0.05824883723582168
4 0.6919618036655508 0.8140831423743105 0.08515677088084708 0.13486587939029926
4 0.6696681262670413 0.6079558622218854 0.02518180718159222 0.031395445745273955
4 0.5603476684215191 0.6179671873574586 0.029887487899751618 0.034547716822512696
4 0.5135368218159235 0.763556943309387 0.07253859621281204 0.11448065651766245
4 0.4171875 0.921875 0.096875 0.15625
4 0.390625 0.72734375 0.04375 0.0890625
5 0.40625 0.6984375 0.075 0.140625
5 0.4546875 0.8671875 0.171875 0.265625
5 0.5189328489432865 0.7510251270526083 0.14365104781181834 0.2523897226762452
5 0.5589169786281736 0.6406325277165383 0.042951090162687854 0.1314954396951496
5 0.6736243732419792 0.6165268863241863 0.036501102262936416 0.09708407825883114
5 0.6981118097156751 0.7968592809379921 0.15168171642972936 0.28993517447164335
5 0.81484375 0.89453125 0.1109375 0.2109375
5 0.9578125 0.84609375 0.084375 0.3078125
0 0.8052294181269314 0.8110803413410382 0.04406816256778674 0.05494203005422919
7 0.97109375 0.92265625 0.0578125 0.1546875