5 0.54453125 0.3484375 0.2296875 0.421875
5 0.38515625 0.35859375 0.3140625 0.4015625
5 0.17890625 0.3453125 0.2859375 0.428125
5 0.09140625 0.38671875 0.1828125 0.3453125
3 0.03515625 0.3522062953135009 0.053125 0.04905566534054513
3 0.1875 0.29340236529282004 0.040625 0.06922271467218159
3 0.34921875 0.3126143472708665 0.059375 0.05694089067472685
3 0.52265625 0.2707524692473221 0.0578125 0.05692270934118149
2 0.51015625 0.1802729199156857 0.06875 0.05861247867599957
2 0.33515625 0.20965297927277554 0.0875 0.07445565467854491
2 0.13515625 0.18541768996659244 0.0984375 0.09489542401336304
2 0.02734375 0.2609375 0.0546875 0.075
4 0.0640625 0.465625 0.128125 0.1875
4 0.16796875 0.4375 0.1890625 0.24375
4 0.38359375 0.440625 0.2078125 0.2375
4 0.5546875 0.4234375 0.165625 0.271875
1 0.49296875 0.91875 0.3328125 0.1625
2 0.46875 0.71640625 0.38125 0.3140625
5 0.3296875 0.7796875 0.659375 0.440625
6 0.94921875 0.98203125 0.0359375 0.0359375
9 0.8296875 0.8046875 0.340625 0.390625