2 0.153125 0.04921875 0.053125 0.0703125
9 0.08984375 0.2765625 0.1796875 0.553125
4 0.1046875 0.33671875 0.15 0.3328125
5 0.08984375 0.315625 0.1796875 0.628125
7 0.38203125 0.3609375 0.0171875 0.03125
0 0.378125 0.3375 0.00625 0.009375
5 0.38203125 0.3765625 0.0296875 0.090625
5 0.7546875 0.1796875 0.009375 0.0265625
8 0.74765625 0.18359375 0.075 0.1125
9 0.71953125 0.21484375 0.028125 0.040625
9 0.68203125 0.24140625 0.05625 0.0796875
7 0.74375 0.22265625 0.009375 0.0203125
5 0.7453125 0.23203125 0.0140625 0.05625
8 0.56484375 0.46640625 0.2078125 0.3265625
5 0.48125 0.590625 0.053125 0.078125
8 0.48671875 0.31484375 0.6140625 0.6296875
8 0.86875 0.10859375 0.025 0.04375
9 0.79921875 0.0921875 0.0109375 0.0171875
9 0.81875 0.0796875 0.00625 0.009375
9 0.82109375 0.09296875 0.0125 0.0171875
9 0.821875 0.11015625 0.0171875 0.0203125
9 0.81171875 0.11796875 0.0171875 0.025
9 0.8015625 0.1328125 0.01875 0.025
9 0.784375 0.1265625 0.0171875 0.0203125
9 0.06875 0.915625 0.1375 0.15625
7 0.43046875 0.8484375 0.0171875 0.03125
0 0.4265625 0.825 0.00625 0.009375
5 0.43046875 0.8640625 0.0296875 0.090625
5 0.803125 0.6671875 0.009375 0.0265625
8 0.7953125 0.678125 0.075 0.096875
9 0.76796875 0.70234375 0.028125 0.040625
9 0.73046875 0.72890625 0.05625 0.0796875
7 0.7921875 0.71015625 0.009375 0.0203125
5 0.79375 0.71953125 0.0140625 0.05625
8 0.61328125 0.8953125 0.2078125 0.209375
8 0.5109375 0.81484375 0.6625 0.3703125