0 0.26171875 0.12495805162244747 0.1875 0.10890334308955411
0 0.434375 0.03801606694414972 0.121875 0.06945904800821019
2 0.10078125 0.3305818586076481 0.175 0.06820562021691715
2 0.48046875 0.25727915135130097 0.18125 0.05574198165323567
9 0.52265625 0.29453125 0.4328125 0.5890625
3 0.42578125 0.1075973139190876 0.084375 0.03799087939029935
3 0.23828125 0.21728190700864172 0.11875 0.06631586729005097
3 0.4796875 0.3658774465308408 0.1203125 0.06007495764913049
3 0.1109375 0.44067902127363057 0.115625 0.06629768657189175
4 0.15546875 0.51875 0.3109375 0.140625
4 0.49921875 0.4859375 0.3546875 0.20625
7 0.20625 0.3401245093697739 0.3125 0.2611930718159236
4 0.4140625 0.16782174161218472 0.1875 0.1542158430895541
5 0.4390625 0.12548879586691086 0.259375 0.24994649960721657
5 0.5125 0.40625 0.453125 0.365625
5 0.19609375 0.4390625 0.3921875 0.3
5 0.21171875 0.27734375 0.4234375 0.4359375
8 0.86953125 0.15390625 0.2609375 0.3078125
5 0.29375 0.79453125 0.5875 0.4109375
0 0.04921875 0.70390625 0.0984375 0.2296875
4 0.25078125 0.9203125 0.3984375 0.159375
1 0.15859375 0.8152739794137404 0.2 0.301163565962191