2 0.51953125 0.0265625 0.1921875 0.053125
9 0.334375 0.209375 0.66875 0.41875
3 0.10859375 0.0203125 0.1703125 0.040625
3 0.5043532402374427 0.128125 0.1301056565176623 0.071875
4 0.4578125 0.2734375 0.39375 0.290625
4 0.09375 0.2140625 0.1875 0.409375
5 0.1375 0.209375 0.275 0.41875
5 0.41953125 0.209375 0.4984375 0.41875
1 0.75546875 0.19765625 0.1734375 0.3953125
4 0.834375 0.37265625 0.33125 0.0921875
5 0.834375 0.209375 0.33125 0.41875
5 0.45234375 0.709375 0.4328125 0.58125
3 0.834375 0.6203125 0.33125 0.33125
7 0.834375 0.8265625 0.33125 0.346875
5 0.834375 0.709375 0.33125 0.58125