0 0.09921875 0.3685711753554061 0.1609375 0.09312380698520073
0 0.1 0.18497288017586627 0.1265625 0.10073631908544893
3 0.10390625 0.2115126542781672 0.0453125 0.034638620413308986
3 0.11953125 0.4301717506873711 0.03125 0.03455680718159222
4 0.05859375 0.28515625 0.1171875 0.2078125
4 0.078125 0.45546875 0.15625 0.0890625
5 0.0828125 0.303125 0.165625 0.375
5 0.13515625 0.40859375 0.2703125 0.1828125
3 0.965625 0.16535877518245545 0.040625 0.02836134933607006
4 0.6484375 0.01953125 0.225 0.0390625
4 0.9578125 0.2453125 0.084375 0.14375
0 0.97578125 0.14296875 0.0484375 0.0609375
5 0.665625 0.11328125 0.40625 0.2265625
5 0.8484375 0.29140625 0.303125 0.4171875
8 0.215625 0.75 0.43125 0.5
8 0.19296875 0.75 0.3859375 0.5
1 0.49453125 0.6683813195764283 0.0359375 0.03927157825883114
2 0.46796875 0.63125 0.0359375 0.04375
4 0.56328125 0.7218875937769251 0.1203125 0.12257495764913066
4 0.725 0.57890625 0.2625 0.1578125
5 0.55234375 0.7671875 0.2046875 0.31875
5 0.77421875 0.734375 0.4515625 0.46875