0 0.22719622073133755 0.1828125 0.1630363311856975 0.0921875
0 0.22734375 0.02421875 0.1265625 0.0484375
0 0.43828125 0.00703125 0.0671875 0.0140625
3 0.224208096998379 0.025 0.04551248789975162 0.034375
3 0.2073059015476927 0.24453125 0.03145907825883114 0.0359375
4 0.4615035639190877 0.06015625 0.0723204275949012 0.0765625
4 0.3171875 0.10078125 0.21875 0.2015625
4 0.28878718482337584 0.3390625 0.24194310206654457 0.2265625
5 0.45 0.05625 0.09375 0.1125
5 0.29453125 0.15234375 0.2703125 0.3046875
5 0.24609375 0.34609375 0.3859375 0.4265625
8 0.8 0.253125 0.4 0.50625
8 0.43359375 0.7796875 0.3328125 0.440625
8 0.25703125 0.8828125 0.3359375 0.234375
9 0.5607314042781673 0.87421875 0.06587953005422928 0.04375
5 0.18688938329912422 0.94375 0.04894656010845857 0.0875
5 0.7125 0.7796875 0.225 0.440625
5 0.85078125 0.7796875 0.2984375 0.440625
2 0.80703125 0.5921875 0.1703125 0.065625
4 0.8890625 0.9453125 0.221875 0.109375
1 0.8299626724285399 0.81171875 0.16549877673457952 0.246875
1 0.6171875 0.7921875 0.034375 0.20625