0 0.3442194306174568 0.2840797199236399 0.13722837468172652 0.11251927601845368
0 0.53671875 0.26015625 0.0265625 0.0421875
3 0.34232057594686605 0.3130041512571854 0.04887385200509069 0.038063621339908774
4 0.43671875 0.34609375 0.2265625 0.1671875
5 0.53515625 0.309375 0.0296875 0.14375
5 0.409375 0.3140625 0.28125 0.23125
8 0.775 0.21484375 0.45 0.4296875
2 0.7060830839433663 0.2994876386060028 0.033048857336090795 0.020694308004454244
5 0.7453904846037757 0.34511776460059396 0.12821700135263542 0.14366018801718106
5 0.275 0.71484375 0.55 0.5703125
4 0.2375 0.76953125 0.46875 0.4609375
1 0.2 0.4953125 0.246875 0.13125
5 0.74140625 0.71484375 0.3828125 0.5703125
5 0.8625 0.71484375 0.275 0.5703125
2 0.84375 0.49921875 0.1875 0.1390625
2 0.61796875 0.51328125 0.1359375 0.1671875
4 0.72734375 0.91875 0.2984375 0.1625
4 0.921875 0.90546875 0.15625 0.1890625
1 0.8905848059357302 0.7506217825827766 0.1889737827020892 0.2631010786919079
1 0.62421875 0.75625 0.1484375 0.21875