0 0.37259924618937096 0.45859375 0.17559087334017515 0.1015625
0 0.3675430657657993 0.2609375 0.1381363251355733 0.109375
0 0.594064659149941 0.25390625 0.07211134933607007 0.040625
3 0.3638095325883121 0.290625 0.05021816861791066 0.0375
3 0.35268217680933434 0.5265625 0.03459316861791084 0.0375
4 0.609375 0.321875 0.059375 0.084375
4 0.4665987101832133 0.3671875 0.23725560206654456 0.2265625
4 0.4421875 0.5515625 0.2625 0.096875
5 0.596875 0.3078125 0.084375 0.146875
5 0.44328393003078814 0.38828125 0.29611349336070064 0.40625
5 0.3984375 0.5015625 0.421875 0.196875
8 0.83359375 0.12265625 0.3328125 0.2453125
8 0.92578125 0.26640625 0.1484375 0.4765625
5 0.769778252337691 0.0953125 0.028497704722264317 0.0640625
8 0.2984375 0.8171875 0.596875 0.365625
7 0.3221265475172309 0.88515625 0.04555793969514958 0.0421875
5 0.3221310926967707 0.8859375 0.058257927594901206 0.0765625
4 0.9703125 0.89296875 0.059375 0.2140625
0 0.9440197282353902 0.88515625 0.03478406615858276 0.0703125
0 0.9240344811622563 0.94140625 0.047129530054229464 0.04375
0 0.8902861950579029 0.91484375 0.025263620413308985 0.0453125
0 0.8093220204880638 0.8296875 0.12236587939029926 0.084375
0 0.7708594841873184 0.9328125 0.08633747579950324 0.06875
0 0.73828125 0.98046875 0.0515625 0.0390625
0 0.6796875 0.9578125 0.08125 0.084375
5 0.80390625 0.69921875 0.2734375 0.1984375
3 0.8419577793668582 0.93359375 0.0706761143631848 0.0625
5 0.9395094902374426 0.915625 0.04607609016268803 0.13125
5 0.9201509570599553 0.9453125 0.03786361436318479 0.0625
5 0.890625 0.8890625 0.21875 0.221875
5 0.775 0.94921875 0.08125 0.1015625
5 0.7640625 0.98046875 0.090625 0.0390625
5 0.80390625 0.94140625 0.3296875 0.1171875