0 0.08270043315404614 0.13644022338477035 0.0878545240041051 0.061955654678544914
0 0.20727370715815124 0.19882313940163324 0.08970791549465282 0.11197383601209036
3 0.20268620110802704 0.21595609540099686 0.04715680113146821 0.048982940006363405
3 0.06601744808296495 0.2229589787157705 0.05663179508134393 0.06627952800763595
4 0.04140625 0.36015625 0.0828125 0.2796875
7 0.196875 0.37578125 0.2125 0.2484375
5 0.221875 0.31484375 0.365625 0.3703125
5 0.0890625 0.25 0.178125 0.5
1 0.76328125 0.2984375 0.4484375 0.403125
2 0.76953125 0.07421875 0.4609375 0.1484375
4 0.76953125 0.42265625 0.4609375 0.1546875
5 0.76953125 0.25 0.4609375 0.5
4 0.26953125 0.89765625 0.5390625 0.2046875
1 0.20390625 0.6984375 0.4078125 0.396875
5 0.26953125 0.75 0.5390625 0.5
3 0.61953125 0.68125 0.1609375 0.3625
7 0.76953125 0.8421875 0.4609375 0.315625
5 0.76953125 0.75 0.4609375 0.5