0 0.5535126146165024 0.12862236534514335 0.08028748400699967 0.052026108313060516
0 0.4357433119430481 0.17930414227611466 0.07928860534690844 0.1004545179539809
3 0.4386864986075937 0.19491096155795554 0.042678396005727134 0.04243293969514959
3 0.5627416166056847 0.20825077801112588 0.05069089067472703 0.059665891490547907
4 0.596875 0.3609375 0.10625 0.296875
7 0.43125 0.3703125 0.18125 0.278125
5 0.41015625 0.3140625 0.3234375 0.390625
5 0.56171875 0.2546875 0.1765625 0.509375
7 0.9035206105983669 0.3375706393492484 0.18205107336090762 0.20417039129415607
0 0.7805467346037757 0.2984450277165382 0.08286813868554468 0.13953519867214012
3 0.8136404979312758 0.3412183349963264 0.028797709341181487 0.05797612646343318
5 0.86875 0.353125 0.2625 0.3125
8 0.22890625 0.7546875 0.4578125 0.490625
5 0.01640625 0.790625 0.0328125 0.103125