0 0.3050404613615637 0.059375 0.08311248184962743 0.0515625
0 0.16972513007767046 0.08671875 0.07873405405833438 0.1046875
3 0.16884388612779463 0.10390625 0.042442030054229286 0.04375
3 0.2982814012531051 0.146875 0.050354524004105096 0.0609375
4 0.33046875 0.27890625 0.1546875 0.2203125
7 0.1171875 0.265625 0.175 0.246875
5 0.115625 0.203125 0.23125 0.371875
5 0.340625 0.19453125 0.253125 0.3890625
5 0.825 0.19453125 0.35 0.3890625
5 0.18497288017586627 0.671875 0.08880901170746487 0.225
5 0.3365262898167867 0.6734375 0.10764082493918145 0.2390625
4 0.17433081684595386 0.62109375 0.033094301131468204 0.0484375
4 0.35241945540963543 0.62734375 0.03944429508134384 0.065625
3 0.18229785295030734 0.59453125 0.004751132513557366 0.0109375
3 0.34871319330938705 0.59296875 0.006295451795397966 0.0078125
0 0.35431375351604144 0.5703125 0.025154536104353475 0.0265625
0 0.1792864824388026 0.575 0.023610216822512697 0.0296875
8 0.825 0.6484375 0.35 0.51875