0 0.4 0.08203125 0.159375 0.1640625
8 0.05625 0.21328125 0.1125 0.4265625
7 0.36328125 0.36640625 0.2328125 0.2671875
3 0.40409416500367357 0.24373565006363346 0.10840337334017516 0.10281701201463563
5 0.253125 0.25 0.453125 0.5
2 0.859375 0.46953125 0.13125 0.0609375
2 0.7597316075274936 0.38001914274345105 0.1364647408266179 0.09220677601845359
2 0.52109375 0.24609375 0.0828125 0.1390625
2 0.8983612737095175 0.03868671276254103 0.040770445745273776 0.025472714672181596
3 0.8985203549934108 0.06603046276254103 0.02510908430895533 0.01904090133672707
3 0.728125 0.01796875 0.040625 0.0359375
3 0.75234375 0.4828125 0.0734375 0.034375
4 0.96328125 0.35703125 0.0734375 0.1515625
4 0.71875 0.46640625 0.15 0.0671875
4 0.55078125 0.09375 0.1421875 0.1875
4 0.7137322645361353 0.12715722473740582 0.134048788834828 0.21404541335136287
4 0.8847214754067197 0.11117933076063205 0.08010565651766263 0.07280224801081765
5 0.8873788427949666 0.16511285276095022 0.12356580678880888 0.2920431440165447
5 0.95703125 0.346875 0.0859375 0.30625
5 0.703125 0.4015625 0.296875 0.196875
5 0.71015625 0.19921875 0.2078125 0.3984375
5 0.56484375 0.18515625 0.1703125 0.3703125
8 0.23984375 0.75 0.4796875 0.5