2 0.12265625 0.17460613202257802 0.0109375 0.009438632513557366
2 0.071875 0.15868569535249044 0.0125 0.012572722872636888
2 0.05859375 0.17110842730031361 0.009375 0.009429542154477843
4 0.12265625 0.21210613202257803 0.0203125 0.03449317466803503
4 0.07734375 0.1938737616092691 0.0140625 0.03289431323171641
4 0.05546875 0.20468399658215447 0.0203125 0.03293067466803503
5 0.05625 0.22812604176169424 0.0328125 0.1267533975406719
5 0.075 0.18448512607064965 0.0234375 0.06263635538619425
5 0.1015625 0.19792091217500313 0.0296875 0.0736102168225127
4 0.103125 0.19793000253408283 0.021875 0.03918976502711473
4 0.121875 0.22460158684303816 0.0265625 0.11265453610435347
7 0.24375 0.25390625 0.3125 0.3109375
3 0.290625 0.10448959562363687 0.0984375 0.09276019262201593
5 0.31484375 0.2046875 0.4703125 0.409375
8 0.6578125 0.3015625 0.215625 0.215625
8 0.22421875 0.78046875 0.4484375 0.4390625
4 0.62578125 0.91328125 0.1515625 0.1734375
3 0.6609375 0.8023549238824682 0.0828125 0.06454428903121964
2 0.646875 0.6460231106507516 0.1328125 0.10233518052176756
5 0.69140625 0.7921875 0.2828125 0.415625