0 0.37265625 0.0515625 0.1828125 0.103125
8 0.721875 0.2109375 0.175 0.421875
2 0.18938222521032796 0.23019305669061305 0.010992042154477666 0.009438632513557366
2 0.1400589360809124 0.21193796037960508 0.012572722872636888 0.012572722872636888
2 0.12606461377400952 0.2235748971478885 0.009429542154477666 0.009429542154477666
4 0.1864753938282388 0.26767487597245376 0.02208407825883123 0.03606476502711473
4 0.14182142398066402 0.24632205073868468 0.01581589754067192 0.03290340359079611
4 0.12078221613514169 0.2555743308911099 0.02363748789975162 0.03451135538619425
5 0.12013732152133594 0.27900728571156996 0.042923819085449025 0.12680793969514959
5 0.14099017700572608 0.23772375555914493 0.026935204722264315 0.06421703610435366
5 0.16607199023744262 0.2519317013044187 0.033239746876741985 0.0736283975406721
4 0.16763903541698247 0.25272204166349843 0.023673849336070064 0.040761355386194256
4 0.18498107152133594 0.27938453561337423 0.035029505853732525 0.11269998789975162
7 0.290625 0.29140625 0.353125 0.2765625
3 0.35858167710392197 0.1741481106507516 0.10368860226293623 0.09747496369925486
5 0.40390625 0.21484375 0.5921875 0.4296875
8 0.9046875 0.278125 0.190625 0.303125
5 0.50546875 0.48828125 0.5046875 0.1171875
1 0.9046875 0.62109375 0.190625 0.3828125
5 0.8484375 0.71015625 0.078125 0.5609375
4 0.9046875 0.88125 0.190625 0.2375
5 0.9046875 0.71484375 0.190625 0.5703125