2 0.2662447070599554 0.14312522687965767 0.011001132513557365 0.011001132513557365
2 0.31778902634179607 0.13970024503003026 0.012572722872636888 0.012572722872636888
2 0.3264691347530525 0.15449399805509234 0.011001132513557365 0.011001132513557365
4 0.25785094495970695 0.17755022385459557 0.02520907825883114 0.03608294574527395
4 0.3046941287029282 0.17180876308220708 0.017378397540672098 0.03291249394987581
4 0.3219679871141847 0.18655251913233126 0.02519998789975162 0.03452044574527395
5 0.31662650214129934 0.20845933538910993 0.05385222872636941 0.12530907220870696
5 0.3085503817279903 0.163192287184508 0.033176114363184794 0.06269089754067192
5 0.2804617431643089 0.1696059136479411 0.039489746876741984 0.07366475897699054
4 0.27889924316430886 0.1696150040070208 0.026798849336070064 0.040779536104353656
4 0.25557537265280406 0.18928260939321503 0.0443863251355733 0.10962953005422929
7 0.1484375 0.203125 0.296875 0.371875
3 0.12421875 0.04453125 0.1078125 0.0890625
5 0.178125 0.19453125 0.35625 0.3890625
6 0.7126379180287357 0.3229864854638647 0.05516928903121983 0.08313066256778648
6 0.8851759933607006 0.3016695007855669 0.02999657220870695 0.0532977168225127
4 0.6114788972460843 0.12434951844496026 0.011055674668035032 0.020376132513557365
5 0.6123010538619427 0.1313762232654204 0.02375566256778665 0.054823855386194255
9 0.74453125 0.34453125 0.5109375 0.0890625
8 0.24803960772388534 0.6655592839630542 0.2165340359079618 0.1575044695529872
4 0.14200323116225633 0.7028961783804683 0.037809072208706954 0.05334316861791066
2 0.14644983664664651 0.6614626573032293 0.015697722872636887 0.012590903590796287
3 0.14339301433974364 0.6731995880213886 0.014126132513557366 0.01101931323171641
5 0.1319515202916719 0.7209240157144856 0.069559041958086 0.13946247579950324
9 0.428125 0.7375 0.121875 0.065625
6 0.8584448008368806 0.6005190494811481 0.02368293969514994 0.04232385538619425
6 0.6682965238077134 0.5492797781093217 0.029969301131468028 0.048610216822512695
9 0.74453125 0.69453125 0.5109375 0.6109375