4 0.09296875 0.1890625 0.1859375 0.378125
4 0.18984375 0.06484375 0.0921875 0.1296875
0 0.0171875 0.0921875 0.034375 0.184375
3 0.17421875 0.01015625 0.0390625 0.0203125
5 0.16953125 0.3046875 0.3390625 0.609375
5 0.0265625 0.3046875 0.053125 0.609375
8 0.96640625 0.428125 0.0671875 0.3625
8 0.4609375 0.1109375 0.24375 0.221875
5 0.4046875 0.15497034289316236 0.015625 0.028215903590796287
8 0.596875 0.278125 0.515625 0.55625
8 0.06328125 0.83671875 0.1265625 0.3265625
5 0.04453125 0.8421946495837755 0.0421875 0.08774543969514959
8 0.53515625 0.71015625 0.3765625 0.2015625
8 0.79921875 0.8046875 0.2953125 0.390625
9 0.465625 0.692997062838933 0.0640625 0.03943520472226432
5 0.86484375 0.7265696495837755 0.0421875 0.08774543969514959