0 0.0828125 0.06484375 0.165625 0.1296875
2 0.2984375 0.0453125 0.19375 0.090625
3 0.26519138470717996 0.16494985177195698 0.08521134134309047 0.07236587939029934
4 0.13359375 0.428125 0.2671875 0.34375
4 0.2455794133911337 0.2921708819243822 0.06555336935072642 0.12849770472226432
4 0.40859375 0.3796875 0.3015625 0.440625
4 0.50078125 0.296875 0.1171875 0.21875
0 0.515625 0.06796875 0.0875 0.1046875
3 0.5205419560391346 0.15627987548147448 0.07087612133990877 0.04884656615858276
0 0.384231738701453 0.12345776424154771 0.039607940006363404 0.047102258976990365
5 0.3120760227164068 0.23318676736480573 0.20512604137490714 0.30742265632127064
5 0.5046875 0.13515625 0.109375 0.2515625
5 0.4828125 0.3 0.153125 0.6
5 0.34296875 0.3 0.4328125 0.6
0 0.203125 0.3 0.40625 0.6
9 0.2796875 0.3 0.559375 0.6