4 0.12890625 0.23984375 0.2578125 0.4796875
4 0.39375 0.23984375 0.15 0.4796875
0 0.33984375 0.23984375 0.2578125 0.4796875
0 0.16875 0.23984375 0.3375 0.4796875
9 0.234375 0.23984375 0.46875 0.4796875
8 0.68359375 0.115625 0.4078125 0.23125
2 0.634016632598685 0.09099279125559452 0.00793976933481808 0.011028406667727354
5 0.6378047039306395 0.10110358792173084 0.020730670671545326 0.0361738573360908
8 0.27578125 0.73984375 0.3859375 0.5203125
4 0.209327904638774 0.5677189232575035 0.03481135200509069 0.03789998933799978
3 0.20413187464195567 0.5443450579249125 0.014226132001908986 0.014226132001908986
2 0.20117050664386465 0.5303189205920035 0.015788632001908987 0.01424431333545435
5 0.21547790730427413 0.5762399479233217 0.062264737348817434 0.1147715720082724
9 0.10275009329250188 0.664258663271821 0.03962612133990877 0.04889203333863605
5 0.60859375 0.6171875 0.2015625 0.275