0 0.2596623880727022 0.17909923106406045 0.08343064441741407 0.10673178903121974
0 0.1105572675611974 0.19776235177195697 0.08964428298109546 0.10051815046753818
2 0.389522604895215 0.20954123086766874 0.08789088544042371 0.06769656010845856
2 0.01171875 0.18125 0.0234375 0.084375
3 0.39245722823539014 0.3111173664062882 0.04259656615858276 0.07055793969514959
3 0.25002883371978013 0.26888389373004296 0.04555793969514958 0.042451120413308986
3 0.09547314392643465 0.29064019818116077 0.04716589149054791 0.050272710772388506
4 0.0703125 0.40390625 0.13125 0.2109375
4 0.24609375 0.39609375 0.1421875 0.2265625
4 0.43046875 0.41796875 0.1421875 0.1828125
5 0.3828125 0.3375 0.253125 0.34375
5 0.23828125 0.3125 0.2390625 0.39375
5 0.0828125 0.32265625 0.165625 0.3734375
5 0.9179026558302914 0.22195383069471805 0.09508628278470362 0.230232921544777
4 0.9074555143397436 0.17189474336070062 0.03154998184962743 0.0517443071815924
0 0.9134191680287357 0.12271235479701907 0.023601126463433174 0.028261355386194252
3 0.9158810926967706 0.14303849033563854 0.0063045421544778435 0.009411361436318443
1 0.26796875 0.69453125 0.4828125 0.3203125
4 0.2546875 0.9046875 0.509375 0.190625
5 0.2546875 0.7546875 0.509375 0.490625
8 0.64921875 0.7546875 0.2796875 0.490625