8 0.3046875 0.27734375 0.609375 0.5546875
7 0.065625 0.14609375 0.13125 0.2921875
5 0.146875 0.28671875 0.29375 0.5734375
0 0.72109375 0.03515625 0.1359375 0.0703125
3 0.738506425453602 0.1390625 0.08635565651766246 0.071875
3 0.9765625 0.11953125 0.046875 0.0828125
4 0.9421875 0.38984375 0.115625 0.3796875
4 0.7606985462596944 0.353125 0.18638396935659546 0.3453125
5 0.7546875 0.28984375 0.290625 0.5796875
5 0.9203125 0.28984375 0.159375 0.5796875
2 0.18984375 0.72265625 0.3796875 0.2859375
5 0.3046875 0.78984375 0.609375 0.4203125
4 0.70625 0.6796875 0.19375 0.078125
4 0.7515625 0.9265625 0.196875 0.146875
0 0.729604124125742 0.8171875 0.1112102107723885 0.046875
5 0.71640625 0.7375 0.2140625 0.196875
5 0.734375 0.89609375 0.25 0.2078125