0 0.26794952752014645 0.1501115459651067 0.0912613251355733 0.10990224082661779
0 0.3875 0.20234375 0.0625 0.1046875
2 0.13749441305876595 0.1485268409482548 0.09105224687674207 0.07396474082661779
3 0.11037285597536943 0.24477512705260832 0.04728406615858276 0.07058521077238851
3 0.25572171741168787 0.23767972365820383 0.04713862041330898 0.04558521077238851
3 0.39453125 0.29375 0.0484375 0.053125
4 0.36171875 0.36875 0.1140625 0.140625
4 0.2234375 0.34140625 0.165625 0.1953125
4 0.05703125 0.340625 0.1140625 0.196875
5 0.11328125 0.265625 0.2265625 0.346875
5 0.20546875 0.259375 0.3140625 0.359375
5 0.32578125 0.29140625 0.1859375 0.2953125
4 0.71484375 0.03359375 0.2140625 0.0671875
3 0.60234375 0.02109375 0.0640625 0.0421875
5 0.709375 0.12734375 0.58125 0.2546875
4 0.09140625 0.61875 0.1828125 0.359375
4 0.32109375 0.659375 0.1953125 0.440625
5 0.29453125 0.71953125 0.2484375 0.5609375
5 0.12109375 0.71953125 0.2421875 0.5609375
8 0.8265625 0.71953125 0.346875 0.5609375