0 0.190625 0.03203125 0.153125 0.0640625
3 0.11234390125310512 0.0855088332288009 0.050354524004105096 0.06122839149054773
3 0.18422344643264488 0.08514573974646336 0.06131929508134419 0.06597952400410509
4 0.23359375 0.18203125 0.2328125 0.2953125
4 0.1140625 0.21796875 0.08125 0.2234375
4 0.025 0.19609375 0.05 0.2671875
5 0.05 0.16484375 0.1 0.3296875
5 0.09921875 0.16484375 0.1984375 0.3296875
5 0.20078125 0.16484375 0.2984375 0.3296875
1 0.06015625 0.60078125 0.1203125 0.3265625
4 0.1453125 0.846875 0.290625 0.30625
5 0.175 0.66484375 0.35 0.6703125
7 0.7342194221339522 0.5036088725546082 0.15278969847574828 0.2118192648307229
3 0.7363273436787293 0.4098679629136878 0.036228391490547726 0.05020907825883118
0 0.7390625 0.35 0.05625 0.040625
5 0.7390625 0.66484375 0.203125 0.6703125