8 0.159375 0.26484375 0.31875 0.5296875
7 0.07734375 0.4234375 0.1546875 0.2125
0 0.0578125 0.2714038639704012 0.084375 0.09736587939029935
5 0.159375 0.3640625 0.31875 0.33125
4 0.3390625 0.08515625 0.040625 0.1703125
5 0.121875 0.63515625 0.090625 0.2109375
5 0.26796875 0.628125 0.1015625 0.196875
4 0.10390625 0.5794936199223295 0.0328125 0.048628397540672094
4 0.2796875 0.56015625 0.040625 0.0609375
3 0.1078125 0.5513913458200286 0.00625 0.010973861436318445
0 0.10078125 0.53828125 0.0234375 0.0171875
8 0.659375 0.76484375 0.68125 0.4703125