4 0.0703125 0.1015625 0.140625 0.203125
4 0.2359375 0.096875 0.175 0.19375
4 0.41015625 0.17109375 0.1828125 0.3421875
4 0.50078125 0.2328125 0.0984375 0.465625
5 0.471875 0.259375 0.15625 0.51875
5 0.3578125 0.259375 0.35 0.51875
5 0.21640625 0.259375 0.3390625 0.51875
5 0.09296875 0.25859375 0.1859375 0.5171875
1 0.83828125 0.1390625 0.3234375 0.278125
4 0.775 0.3390625 0.45 0.359375
5 0.775 0.259375 0.45 0.51875
8 0.275 0.746875 0.55 0.45625
8 0.84921875 0.80703125 0.3015625 0.3515625
8 0.775 0.91328125 0.45 0.1734375
4 0.9546500968019872 0.7655411032448949 0.017342036104353652 0.02666249394987581
5 0.9546819130587659 0.760072353244895 0.02521816861791102 0.03764544574527395