8 0.259375 0.259375 0.51875 0.51875
7 0.28622176278761946 0.31796875 0.18657486689726746 0.378125
0 0.2774472473677214 0.08046875 0.08178633118569749 0.0921875
5 0.21953125 0.26953125 0.4171875 0.4984375
8 0.7171875 0.43359375 0.396875 0.1703125
8 0.759375 0.259375 0.48125 0.51875
8 0.27109375 0.759375 0.4953125 0.48125
8 0.078125 0.78359375 0.15625 0.4328125
7 0.04784454313643636 0.8625 0.02836134933607006 0.040625
5 0.04941613349551597 0.8609375 0.03466589149054773 0.05
8 0.759375 0.80859375 0.48125 0.3828125
8 0.61875 0.91328125 0.2 0.1734375
0 0.8220001815037261 0.846875 0.034556807181592576 0.03125
3 0.8210325791425941 0.87890625 0.018886355386194254 0.0234375
7 0.7997933833973201 0.90390625 0.06457156010845858 0.0875
5 0.8140625 0.91328125 0.1125 0.1734375