0 0.33212319535249046 0.267435401351301 0.0896897347764936 0.10833065046753818
0 0.67109375 0.3171875 0.1578125 0.21875
0 0.46913738202257804 0.31742124493183443 0.09277837334017516 0.10209883118569749
0 0.05390625 0.0875 0.1078125 0.1625
2 0.20399819535249045 0.26818081079582967 0.08948065651766246 0.07239315046753828
2 0.5840447645361353 0.32769060353948254 0.06924996974937905 0.08633747579950324
3 0.02734375 0.22578125 0.0546875 0.1046875
3 0.1803294120768073 0.3628529613615637 0.04728406615858276 0.07058521077238851
3 0.32325271028140923 0.3542086935057787 0.04556703005422946 0.0440136204133089
3 0.46419587284919583 0.4080780611886131 0.04873748184962743 0.05184430113146821
3 0.5901816559284873 0.44250253728270383 0.0519261143631848 0.06279998184962743
3 0.6620702914671067 0.44442813076504145 0.06445338544042371 0.06756020472226432
4 0.6609375 0.49140625 0.178125 0.1953125
4 0.584375 0.5265625 0.1 0.125
4 0.4546875 0.50078125 0.15 0.1765625
4 0.2953125 0.47578125 0.159375 0.2265625
4 0.10390625 0.47578125 0.1640625 0.2265625
5 0.0609375 0.29453125 0.121875 0.5890625
5 0.14765625 0.4015625 0.2953125 0.375
5 0.28125 0.39453125 0.296875 0.3890625
5 0.4515625 0.42421875 0.271875 0.3296875
5 0.5671875 0.43515625 0.240625 0.3078125
5 0.62578125 0.3984375 0.2484375 0.38125
8 0.88203125 0.36171875 0.2359375 0.4546875
8 0.45546875 0.79453125 0.5890625 0.4109375
0 0.575465691836449 0.8813559590238726 0.03300339754067192 0.033003397540672094
0 0.2907952551663614 0.8322291543763631 0.048710210772388504 0.04715680113146803
0 0.2516463967551051 0.8176126633533535 0.03460225897699054 0.03926248789975162
0 0.218620273316734 0.7810848108940255 0.048728391490547904 0.050281801131468205
0 0.10852765583029136 0.7926631812091386 0.03145907825883123 0.0361193071815924
0 0.0950146016737611 0.7528966992613153 0.03459316861791084 0.03769998789975162
0 0.03601685157556522 0.8180858829063407 0.034547716822512696 0.029887487899751618
3 0.20085151121648562 0.8155643500234412 0.014153403590796287 0.01570681323171641
3 0.2518327491162372 0.8496439133533535 0.020430674668035033 0.02043067466803521
3 0.2761833093228917 0.8721592627876195 0.02200226502711473 0.02200226502711473
1 0.5678304538385015 0.9118701608192709 0.023555674668035032 0.020448855386194252
7 0.56171875 0.96015625 0.0703125 0.0796875
7 0.30234375 0.93046875 0.0890625 0.1390625
7 0.2459190924021831 0.9074927747896719 0.06320904800821019 0.1222386143631848
7 0.19971171291368783 0.8882296903825206 0.08359427088084707 0.13485678903121964
7 0.10542135742929774 0.9301859071068377 0.04110678903121982 0.08304884933607007
7 0.07930830932289168 0.8733046480316513 0.0790340359079618 0.156704517953981
7 0.02421875 0.90625 0.0484375 0.14375
5 0.03046875 0.8984375 0.0609375 0.203125
5 0.06875 0.8625 0.1375 0.275
5 0.09453125 0.8859375 0.1171875 0.228125
5 0.18515625 0.875 0.1421875 0.25
5 0.23515625 0.896875 0.1078125 0.20625
5 0.284375 0.903125 0.15 0.19375
5 0.54375 0.92734375 0.134375 0.1453125
0 0.7875 0.73671875 0.075 0.0578125
0 0.9056566650036736 0.7913587146812134 0.0849931444174139 0.10674087939029935
3 0.9026316589535494 0.8085643953993727 0.04401362041330899 0.04556703005422937
3 0.7734375 0.82109375 0.046875 0.0640625
7 0.903125 0.92265625 0.19375 0.1546875
5 0.87890625 0.86328125 0.2421875 0.2734375
5 0.8078125 0.79453125 0.115625 0.4109375