0 0.50703125 0.090625 0.1046875 0.18125
0 0.37444250555914493 0.1385746031466991 0.15883062021691713 0.17591812626704134
0 0.08005670130441878 0.16528813583320706 0.13824540944452868 0.1289249515990063
3 0.08627995110802704 0.29494381957642835 0.08793633723582168 0.07550906010845856
3 0.3456776770057261 0.2973410699692118 0.09894656010845856 0.08807269262201593
3 0.53046875 0.37578125 0.0578125 0.1484375
4 0.096875 0.390625 0.19375 0.11875
5 0.12734375 0.2734375 0.2546875 0.353125
5 0.31875 0.246875 0.325 0.40625
5 0.48515625 0.225 0.1484375 0.45
1 0.7796875 0.2421875 0.440625 0.340625
4 0.7796875 0.40078125 0.440625 0.0984375
5 0.7796875 0.225 0.440625 0.45
4 0.1796875 0.5984375 0.278125 0.296875
0 0.3171875 0.48125 0.09375 0.0625
5 0.2296875 0.725 0.459375 0.55
8 0.91171875 0.725 0.1765625 0.55