0 0.35 0.1 0.3 0.2
0 0.1578125 0.19560495413308915 0.175 0.19008062021691713
3 0.1671875 0.3581594962875668 0.1078125 0.09750223477649378
3 0.41640625 0.38359375 0.1671875 0.1796875
5 0.1875 0.2984375 0.375 0.403125
5 0.3515625 0.25 0.296875 0.5
9 0.9703125 0.32734375 0.059375 0.0546875
8 0.78125 0.2982406373853312 0.275 0.1984749031980126
8 0.65625 0.22578125 0.3125 0.4515625
5 0.1796875 0.75 0.359375 0.5
4 0.134375 0.75 0.26875 0.5
8 0.75 0.75 0.5 0.5
0 0.9734375 0.8843952642415477 0.0109375 0.014126132513557366
7 0.96796875 0.903113447984769 0.0203125 0.021993174668035208
5 0.96875 0.8968679931643088 0.028125 0.03610112646343282
9 0.70625 0.9625 0.40625 0.075
9 0.65546875 0.85703125 0.3109375 0.2859375