0 0.5484375 0.2875 0.103125 0.08125
3 0.5733782440722239 0.34025878123257963 0.048982940006363405 0.04715680113146803
4 0.39573504941117826 0.3827013321676561 0.2854124306969986 0.22508285499341074
5 0.3 0.34140625 0.6 0.3171875
8 0.8 0.25 0.4 0.5
0 0.7809180240690423 0.2978915575743758 0.03317612667090888 0.03144089754067192
1 0.7804913100731785 0.3283648527539157 0.0221113573360908 0.020439765027114733
7 0.7679827667488599 0.3948483708060924 0.06538973734881744 0.11443520472226432
5 0.775 0.38671875 0.128125 0.2265625
8 0.13046875 0.6984375 0.2609375 0.396875
9 0.2692629087364514 0.8009468172387374 0.05715906667727211 0.07845225292686635
8 0.8 0.6625 0.4 0.325
5 0.76796875 0.5484375 0.1203125 0.096875