0 0.2099887866009121 0.34375 0.13997156667727229 0.078125
3 0.2046922119271397 0.39609375 0.04740225867281787 0.0453125
4 0.378125 0.4 0.278125 0.1375
5 0.3953125 0.36015625 0.56875 0.2171875
8 0.30546875 0.734375 0.6109375 0.53125
7 0.31724730327023015 0.81484375 0.03030566534054522 0.053125
5 0.3326995806015485 0.8296875 0.06558973201781733 0.13125
1 0.83984375 0.790625 0.3203125 0.30625
2 0.83984375 0.5390625 0.3203125 0.140625
4 0.83984375 0.91796875 0.3203125 0.1640625
5 0.83984375 0.734375 0.3203125 0.53125