0 0.525 0.346875 0.05 0.09375
4 0.51796875 0.50078125 0.0640625 0.1984375
3 0.5309984524827691 0.4068843843602691 0.03459316861791084 0.03769998789975162
5 0.4703125 0.4421875 0.159375 0.315625
5 0.775 0.25859375 0.45 0.5171875
5 0.175 0.65 0.1 0.1
5 0.03671875 0.63984375 0.0734375 0.0796875
8 0.775 0.8 0.45 0.4
4 0.9454200216664141 0.958373640606785 0.028434072208706952 0.05328862646343317
2 0.9550904583365016 0.9076469327612628 0.014153403590796287 0.01570681323171641
5 0.9455109252572103 0.942748640606785 0.041152240826617614 0.09086134933607007
8 0.7660734101318998 0.8987344993126289 0.13965337334017525 0.102371541958086