2 0.35696214190804965 0.46135759729296655 0.068205654678545 0.08789088544042353
3 0.34779567990136817 0.5106263442679044 0.03482953333863605 0.03926248789975162
4 0.29296875 0.5453125 0.1359375 0.0875
5 0.30078125 0.49453125 0.1890625 0.1890625
0 0.02421875 0.80390625 0.0484375 0.0859375
4 0.12890625 0.9125 0.2578125 0.175
5 0.209375 0.875 0.41875 0.25
4 0.8478267832988653 0.7085234887835143 0.23096019334818116 0.1107112827847038
4 0.74921875 0.93046875 0.2203125 0.1390625
0 0.7908035292807296 0.8424399465308408 0.11947725334181776 0.06319086729005079
2 0.99140625 0.721875 0.0171875 0.059375
3 0.9716819066279563 0.7390508052366848 0.039462489337999784 0.03460225897699036
5 0.84765625 0.77109375 0.3046875 0.2484375
5 0.75859375 0.89921875 0.3359375 0.2015625