7 0.34453125 0.13984375 0.0890625 0.2796875
5 0.28046875 0.29453125 0.2171875 0.5890625
0 0.6375096112399268 0.08709339549756852 0.08337610226293642 0.09735678903121973
1 0.6497146954506863 0.1706189678044714 0.055023843285945874 0.05813066256778665
4 0.681873731358648 0.32668716062287906 0.15333512002052546 0.305569264830723
5 0.6703125 0.31015625 0.375 0.5578125
8 0.19453125 0.79453125 0.3890625 0.4109375
1 0.7875 0.8359375 0.425 0.328125
2 0.725 0.6328125 0.425 0.0875
4 0.74140625 0.95 0.5171875 0.1
5 0.69453125 0.79453125 0.6109375 0.4109375