9 0.26015625 0.11328125 0.1828125 0.2265625
2 0.3546875 0.0265625 0.228125 0.053125
3 0.4171875 0.08515625 0.103125 0.1265625
4 0.38203125 0.25625 0.1734375 0.3875
4 0.12109375 0.3 0.2421875 0.3
3 0.015625 0.146875 0.03125 0.08125
5 0.14375 0.225 0.2875 0.45
5 0.275 0.1203125 0.2 0.240625
5 0.3546875 0.225 0.228125 0.45
8 0.734375 0.225 0.53125 0.45
8 0.234375 0.725 0.46875 0.55
1 0.67578125 0.815625 0.4140625 0.36875
2 0.66328125 0.5453125 0.3890625 0.190625
4 0.734375 0.9125 0.53125 0.175
5 0.734375 0.725 0.53125 0.55