9 0.1469487646343312 0.18571603994272992 0.16118398145684393 0.3127919960216354
2 0.24140625 0.08984375 0.2109375 0.1796875
2 0.371875 0.12421875 0.115625 0.2484375
3 0.2994652314568439 0.21363085992204905 0.10691359621281205 0.11529883068109026
4 0.34921875 0.046875 0.0921875 0.09375
4 0.14921875 0.075 0.0859375 0.15
4 0.30546875 0.36328125 0.2484375 0.3328125
4 0.0578125 0.39921875 0.115625 0.2609375
5 0.0796875 0.29140625 0.159375 0.4765625
5 0.37421875 0.26484375 0.1109375 0.5296875
5 0.3453125 0.06640625 0.1125 0.1328125
5 0.1625 0.17734375 0.171875 0.3546875
5 0.28359375 0.26484375 0.2921875 0.5296875
4 0.90859375 0.4125 0.1828125 0.234375
5 0.753125 0.378125 0.49375 0.303125
5 0.378125 0.85234375 0.103125 0.2953125
1 0.56328125 0.6125 0.2671875 0.165625
4 0.66015625 0.775 0.4609375 0.45
5 0.7125 0.76484375 0.565625 0.4703125