0 0.675056104797019 0.4 0.05820338544042354 0.0671875
0 0.5704095114128773 0.40703125 0.0628545240041051 0.0609375
3 0.6738708546988231 0.46484375 0.028270445745273775 0.025
3 0.5637009691602037 0.4625 0.02831589754067192 0.0328125
7 0.52734375 0.56640625 0.1328125 0.2046875
7 0.65703125 0.565625 0.1234375 0.2
5 0.64453125 0.51640625 0.1484375 0.3046875
5 0.5296875 0.51796875 0.18125 0.3015625
0 0.8088765928931624 0.2296875 0.16038402985783762 0.1734375
4 0.78046875 0.53359375 0.1234375 0.2703125
5 0.859375 0.3984375 0.28125 0.540625
3 0.771436201108027 0.37421875 0.08007838544042345 0.0671875
3 0.5036856197259378 0.95859375 0.028343168617910842 0.0375
2 0.5133782614128773 0.87890625 0.06601588544042354 0.0671875
4 0.49765625 0.97890625 0.1265625 0.0421875
5 0.48203125 0.91875 0.2046875 0.1625
1 0.81875 0.89140625 0.2 0.2171875
2 0.925 0.9109375 0.15 0.159375
5 0.859375 0.88125 0.28125 0.2375