0 0.5437984343323965 0.13478212538327855 0.05506020472226432 0.06438066256778666
0 0.4406007114597596 0.14668216168402387 0.06126475292686635 0.056604524004105095
3 0.5457694796101322 0.198858260921898 0.026698855386194254 0.023592036104353474
3 0.4363717537124332 0.2021281857863248 0.02674430718159222 0.031404536104353474
7 0.40448088339732013 0.3121026286047325 0.12153060811666876 0.21007495764913067
7 0.5490894014494968 0.299662236819597 0.14174311416679294 0.19300563231716553
5 0.5453125 0.31484375 0.165625 0.4296875
5 0.41015625 0.3203125 0.1546875 0.41875
3 0.98671875 0.2765625 0.0265625 0.053125
7 0.9020881781840764 0.3066737434588965 0.1775715298578376 0.17446471057599683
0 0.99296875 0.23515625 0.0140625 0.1015625
5 0.89765625 0.35 0.2046875 0.359375
8 0.353125 0.69765625 0.553125 0.3359375
3 0.8854996001216369 0.6468281283101448 0.02676248789975162 0.03452953610435348
2 0.8914365036142373 0.5663911945669236 0.06287270472226432 0.0644261143631848
4 0.8833507719610016 0.7476002879510653 0.11520788524403187 0.19753859621281214
5 0.871875 0.76484375 0.175 0.4703125