0 0.4984375 0.1109375 0.021875 0.0625
0 0.41640625 0.1328125 0.0578125 0.0546875
3 0.41640625 0.18671875 0.025 0.0296875
7 0.39609375 0.2953125 0.1125 0.2015625
7 0.48828125 0.2703125 0.0421875 0.184375
5 0.48515625 0.30546875 0.0484375 0.4484375
5 0.4078125 0.315625 0.1375 0.428125
8 0.6828125 0.14921875 0.346875 0.2984375
8 0.534375 0.21171875 0.05 0.1578125
3 0.07578125 0.9703125 0.0828125 0.059375
0 0.0859375 0.83671875 0.171875 0.2359375
5 0.1375 0.85703125 0.275 0.2859375
7 0.609375 0.76484375 0.2 0.4703125
5 0.68046875 0.76484375 0.3421875 0.4703125