5 0.33984375 0.259375 0.2578125 0.51875
4 0.3671875 0.31328125 0.203125 0.4109375
4 0.13359375 0.259375 0.2671875 0.51875
3 0.15625 0.015625 0.065625 0.03125
5 0.159375 0.259375 0.31875 0.51875
3 0.3737063886060028 0.08009220126513945 0.05374316534054522 0.05374316534054522
8 0.790625 0.16953125 0.41875 0.3390625
1 0.29140625 0.640625 0.2140625 0.24375
4 0.2109375 0.82734375 0.421875 0.3453125
5 0.234375 0.759375 0.46875 0.48125
7 0.64921875 0.7234375 0.3609375 0.409375
5 0.69140625 0.759375 0.4453125 0.48125