5 0.2421875 0.2 0.484375 0.4
4 0.2890625 0.34453125 0.265625 0.1109375
4 0.525 0.2859375 0.228125 0.228125
3 0.5452188566200021 0.18424411342295044 0.06947725334181776 0.06329997867599957
0 0.54765625 0.06953125 0.1828125 0.1390625
0 0.3357898599618199 0.1192987240610881 0.16936926002545344 0.18944540268936255
5 0.50078125 0.2 0.2765625 0.4
3 0.31851035860918453 0.2613044107256336 0.05690452800763594 0.05690452800763594
6 0.7633223245942306 0.21498448874122386 0.05873974801081765 0.08036020934118149
7 0.0796875 0.578125 0.159375 0.35625
5 0.10546875 0.63828125 0.2109375 0.4765625
8 0.521875 0.60625 0.234375 0.4125