0 0.17217280263368337 0.12671964050858914 0.13424882535008997 0.12421018052176747
7 0.1109375 0.36484375 0.221875 0.2890625
3 0.14723534261618418 0.25548953512239486 0.0773988413430903 0.0723204275949012
5 0.1515625 0.2734375 0.303125 0.471875
4 0.6020222926082299 0.26171628834384875 0.19907603604390722 0.3245737948849522
3 0.604503497294729 0.11562708352338849 0.04122498400699968 0.05179884933607006
2 0.62578125 0.04765625 0.1265625 0.0953125
5 0.6203125 0.2546875 0.3625 0.509375
9 0.21953125 0.80546875 0.4390625 0.3890625
3 0.545529033975183 0.6823191589535493 0.03037839067472703 0.0595477168225127
3 0.6791040552991834 0.7518509298343965 0.0365738466740904 0.05489657825883114
0 0.6861903966422739 0.6800122912707149 0.07294769867918127 0.09260565651766246
0 0.5549500346515007 0.6112754059284873 0.08406701201463562 0.10829428903121965
7 0.503125 0.83125 0.128125 0.321875
7 0.6785671586171387 0.8651367250139362 0.14518742003499838 0.25863972267624513
5 0.65546875 0.8171875 0.2484375 0.365625
5 0.5234375 0.77421875 0.16875 0.4515625