0 0.3918779069104459 0.178125 0.12879768657189175 0.115625
7 0.30859375 0.37734375 0.3078125 0.1453125
0 0.11430689793345543 0.2171875 0.09904655405833437 0.1046875
3 0.11208534690018315 0.33046875 0.055023843285945874 0.0578125
3 0.3832654553114395 0.315625 0.07382838544042354 0.0671875
5 0.3171875 0.2796875 0.325 0.340625
5 0.09609375 0.3015625 0.1921875 0.296875
8 0.81328125 0.125 0.3734375 0.25
8 0.740625 0.278125 0.303125 0.34375
1 0.33322961475596813 0.5296875 0.07549996974937905 0.0859375
7 0.31418820238457323 0.7140625 0.21581693930236626 0.3015625
5 0.28125 0.725 0.396875 0.55
8 0.73984375 0.68984375 0.5203125 0.4796875