3 0.3187152012062229 0.3 0.08168633723582168 0.075
3 0.1957635145361353 0.24921875 0.10081813231716552 0.140625
0 0.1703125 0.090625 0.28125 0.18125
0 0.3398811531980127 0.178125 0.14149767447164335 0.15
4 0.28671875 0.3921875 0.2515625 0.19375
4 0.11328125 0.35703125 0.2265625 0.2640625
4 0.04453125 0.3984375 0.0890625 0.18125
5 0.1734375 0.39921875 0.346875 0.1796875
5 0.26953125 0.24453125 0.5390625 0.4890625
5 0.2765625 0.290625 0.34375 0.396875
8 0.921875 0.24453125 0.15625 0.4890625
8 0.59140625 0.2125 0.1046875 0.425
4 0.85390625 0.05078125 0.0828125 0.1015625
5 0.83515625 0.15390625 0.2015625 0.3078125
5 0.9265625 0.03671875 0.109375 0.0734375
9 0.9443378908031768 0.56328125 0.09146131303532457 0.14375
7 0.82421875 0.525 0.0734375 0.071875
5 0.9578125 0.74453125 0.084375 0.5109375
5 0.825 0.6796875 0.125 0.38125