4 0.43671875 0.209375 0.0640625 0.41875
5 0.0890625 0.209375 0.178125 0.41875
5 0.34921875 0.209375 0.2390625 0.41875
8 0.734375 0.209375 0.53125 0.41875
8 0.846875 0.209375 0.30625 0.41875
0 0.9198535879217309 0.28468198868531847 0.015770450668363623 0.012590903590796287
3 0.9212524559198219 0.29873539832623897 0.011064769334818082 0.011001132513557365
4 0.9257672332511401 0.313551877249 0.023837489337999784 0.03451135538619425
5 0.9327621205840492 0.3166359706331418 0.05098179201145392 0.0846658914905479
1 0.334375 0.85078125 0.26875 0.2640625
2 0.290625 0.609375 0.35625 0.28125
4 0.234375 0.8921875 0.46875 0.215625
5 0.234375 0.709375 0.46875 0.58125