3 0.33976828795354763 0.271875 0.09158861067790855 0.0828125
3 0.46628588196213816 0.20859375 0.11742495202099903 0.1546875
0 0.4828125 0.071875 0.309375 0.14375
0 0.3084284759707286 0.1453125 0.1597760840229082 0.16875
4 0.38984375 0.34453125 0.3015625 0.1703125
4 0.55390625 0.2984375 0.2515625 0.2625
5 0.49296875 0.3421875 0.3734375 0.175
5 0.359375 0.21484375 0.640625 0.4296875
5 0.39609375 0.23671875 0.4265625 0.3859375
8 0.83984375 0.21484375 0.3203125 0.4296875
8 0.1828125 0.70625 0.365625 0.553125
8 0.76484375 0.71484375 0.1703125 0.5703125