3 0.31517429805854275 0.21537397336361624 0.08212270401018137 0.07547269867214013
3 0.18413283605186123 0.16691426834676437 0.1016726826861809 0.14433178298109556
0 0.1484375 0.046875 0.28125 0.09375
0 0.332442519374589 0.08792113905466085 0.1439692706874535 0.15395222267624523
4 0.29140625 0.38203125 0.2453125 0.3359375
4 0.1109375 0.35078125 0.21875 0.3984375
4 0.0421875 0.39453125 0.078125 0.3109375
5 0.17578125 0.39453125 0.3453125 0.3109375
5 0.2546875 0.275 0.509375 0.55
5 0.28203125 0.27734375 0.3328125 0.5453125
6 0.2506947220719058 0.9719330455723233 0.034956802673454225 0.05019998789975162
9 0.7531566507399512 0.6435939012531051 0.09233404535327186 0.1474022408266178
9 0.9249498347389966 0.6355627117543472 0.09794769867918127 0.09275110226293641
7 0.840625 0.63828125 0.1125 0.1765625
7 0.625 0.59765625 0.071875 0.0953125
5 0.825 0.775 0.175 0.45
5 0.628125 0.759375 0.109375 0.41875