4 0.328125 0.08046875 0.2 0.1609375
5 0.084375 0.225 0.16875 0.45
5 0.27265625 0.225 0.4671875 0.45
6 0.9509196889095828 0.3292013159214127 0.034647710772388506 0.047274989337999784
9 0.809375 0.225 0.38125 0.45
5 0.95234375 0.225 0.0953125 0.45
3 0.39012711377400955 0.5995581745703681 0.058094301131468205 0.04911020934118149
0 0.41953125 0.50625 0.1734375 0.1125
4 0.09140625 0.728125 0.1828125 0.54375
4 0.35390625 0.790625 0.2796875 0.41875
5 0.3265625 0.725 0.44375 0.55
5 0.13515625 0.725 0.2703125 0.55
5 0.921875 0.725 0.15625 0.55