0 0.0171875 0.07578125 0.034375 0.1140625
4 0.34180011797742205 0.22310530991409486 0.16564422247985355 0.27378404002227164
4 0.02265625 0.334375 0.0453125 0.28125
3 0.3074256388582691 0.08913938991886736 0.05023634933607006 0.041206802673454224
3 0.01015625 0.18359375 0.0203125 0.0484375
5 0.078125 0.296875 0.15625 0.565625
5 0.30703125 0.28984375 0.3421875 0.5796875
7 0.6375 0.09140625 0.096875 0.1828125
5 0.6453125 0.26875 0.1125 0.5375
8 0.29453125 0.78984375 0.5890625 0.4203125
7 0.0943422932346322 0.7358256752864567 0.026744307181592396 0.03155908267027261
5 0.08655251913233127 0.732010331954184 0.04556703005422928 0.044277258672817864
0 0.7796875 0.6109375 0.1 0.0625
1 0.7720830364971369 0.7065910665977304 0.07234769867214012 0.08208634134309048
7 0.7625 0.8703125 0.19375 0.259375
5 0.76484375 0.78984375 0.3515625 0.4203125