3 0.05078125 0.0125 0.0859375 0.025
4 0.1015625 0.184375 0.203125 0.36875
4 0.22421875 0.184375 0.2296875 0.36875
5 0.1859375 0.184375 0.30625 0.36875
5 0.15703125 0.184375 0.3140625 0.36875
8 0.76875 0.184375 0.4625 0.36875
7 0.8949327884420445 0.23026227614540443 0.02522725897699054 0.039207945745273955
4 0.9875 0.0109375 0.025 0.021875
5 0.98125 0.0390625 0.0375 0.078125
5 0.8972265414671068 0.22168216168402388 0.03787270472226432 0.06428066861791067
8 0.5625 0.77421875 0.446875 0.4515625
8 0.81015625 0.8859375 0.3796875 0.228125