1 0.01328125 0.37109375 0.0265625 0.1328125
1 0.32723570745273883 0.21657702604720855 0.15578743344863372 0.1899624455488822
2 0.34453125 0.059375 0.1609375 0.11875
2 0.057713026930971266 0.0822009842855143 0.08788179508134383 0.06613406010845861
3 0.07858912919390768 0.17919415895354934 0.04714771077238851 0.04714771077238851
3 0.13086574326250472 0.43652084562363686 0.08172269867214013 0.08172269867214013
2 0.16409081283893306 0.2390645835233885 0.1930783551898024 0.15424311416679296
2 0.0375 0.1921875 0.075 0.146875
4 0.33984375 0.3453125 0.3609375 0.346875
5 0.05703125 0.1375 0.1140625 0.184375
5 0.0734375 0.30625 0.146875 0.425
5 0.19453125 0.30859375 0.3890625 0.4203125
5 0.35703125 0.259375 0.4234375 0.51875
9 0.284375 0.759375 0.56875 0.48125
3 0.1703125 0.59375 0.1 0.15
5 0.19375 0.759375 0.3875 0.48125
7 0.1546875 0.759375 0.309375 0.48125
4 0.86015625 0.5375 0.0640625 0.0375
5 0.884375 0.646875 0.16875 0.25625