6 0.14453125 0.28984375 0.2703125 0.5796875
6 0.2984375 0.28984375 0.2625 0.5796875
1 0.7859375 0.19765625 0.428125 0.3953125
4 0.71484375 0.4390625 0.5703125 0.28125
5 0.71484375 0.28984375 0.5703125 0.5796875
2 0.3640625 0.71328125 0.13125 0.2671875
5 0.26796875 0.78984375 0.3234375 0.4203125
4 0.30234375 0.90859375 0.2546875 0.1828125
1 0.38046875 0.921875 0.0984375 0.15625
5 0.7734375 0.78984375 0.453125 0.4203125
4 0.8109375 0.82109375 0.378125 0.3578125
1 0.92421875 0.65390625 0.1515625 0.1484375