6 0.44453125 0.3046875 0.1109375 0.56875
6 0.23125 0.29453125 0.440625 0.5890625
6 0.9390625 0.403125 0.121875 0.371875
5 0.93515625 0.378125 0.1296875 0.421875
2 0.5069013805686498 0.7 0.012572722872636888 0.0125
2 0.6677525221573933 0.71484375 0.007876132513557366 0.0109375
2 0.6794712721573933 0.71484375 0.011001132513557365 0.0109375
2 0.99375 0.73515625 0.0125 0.0171875
4 0.5078125 0.74375 0.015625 0.053125
4 0.6635462903077659 0.76640625 0.012845433645025394 0.059375
4 0.6776178806668456 0.76484375 0.02374657220870695 0.053125
3 0.6747155944642962 0.7265625 0.007876132513557366 0.0109375
3 0.6676797992847564 0.72734375 0.006304542154477666 0.009375
4 0.99375 0.80390625 0.0125 0.0734375
4 0.9891411879466337 0.7984375 0.011328385440423716 0.0671875
4 0.9845264108192708 0.7859375 0.014498837235821682 0.075
2 0.99609375 0.74921875 0.0078125 0.0140625
5 0.98203125 0.8046875 0.0359375 0.159375
5 0.98359375 0.81640625 0.0328125 0.1484375
5 0.99140625 0.82265625 0.0171875 0.1609375
5 0.6697008415374299 0.7828125 0.030560174471643366 0.15
5 0.6782491397420319 0.790625 0.052507897344280255 0.1625
5 0.5109375 0.76484375 0.021875 0.1484375
5 0.50859375 0.79140625 0.0171875 0.1703125