1 0.2296875 0.396875 0.459375 0.40625
2 0.2296875 0.1046875 0.459375 0.209375
5 0.2296875 0.3 0.459375 0.6
4 0.86328125 0.11953125 0.1578125 0.2390625
5 0.84375 0.3 0.271875 0.6
0 0.3138154099697741 0.740974609922049 0.12387494668999892 0.17329314401654478
7 0.375 0.86796875 0.16875 0.2640625
5 0.32109375 0.825 0.2765625 0.35
8 0.55859375 0.68984375 0.1984375 0.1796875
6 0.8869410905872309 0.8018473805697317 0.04814769334818116 0.1099204400063634
6 0.8837984565961395 0.7362678339035954 0.0273079346753633 0.06437158267027243
6 0.7738512919319123 0.7195808679185491 0.030469297342454203 0.06753294533736351
6 0.6872416299331849 0.7112149319303214 0.030414753341817757 0.06284544533736351
4 0.8469433465945487 0.7484138452419133 0.03815452800763595 0.05668635200509069
2 0.8475069679344575 0.6999763452419133 0.019022720003181705 0.023655676002545433
5 0.8414836872613215 0.7476962299093224 0.07494655068427178 0.13054202267663584