3 0.04921875 0.23125 0.0984375 0.246875
1 0.275 0.20234375 0.55 0.4046875
5 0.1296875 0.21953125 0.259375 0.4390625
4 0.275 0.38828125 0.55 0.1015625
5 0.275 0.21953125 0.55 0.4390625
6 0.18017456460854805 0.8080967627876194 0.05739542401336308 0.09876475292686626
6 0.034872249960229064 0.6737950065411036 0.02080339600572696 0.04230567466803503
6 0.18945066195895643 0.6822700609922213 0.019222714672181597 0.04073408430895533
6 0.3104807772915474 0.687034308163551 0.019149989337999784 0.03448408430895551
6 0.42128191728995656 0.6981076426688981 0.017587489337999786 0.03447499394987581
6 0.4954824859564111 0.6992383506126163 0.016006808004454243 0.032903403590796285
6 0.5259421452896383 0.6998423386105637 0.017587489337999786 0.03447499394987581
6 0.508055211290593 0.6929156277399794 0.016024989337999784 0.03446590359079611
6 0.16306088462763818 0.667580847096575 0.016024989337999784 0.03446590359079611
6 0.2762330466263655 0.6762967960633025 0.017587489337999786 0.03447499394987581
6 0.36517736795832006 0.6859348955957644 0.016024989337999784 0.03446590359079611
9 0.275 0.89375 0.55 0.2125
8 0.775 0.7375 0.45 0.525