1 0.1953125 0.465625 0.390625 0.1875
2 0.2171875 0.203125 0.434375 0.396875
2 0.42734375 0.42578125 0.0828125 0.2671875
5 0.296875 0.409375 0.34375 0.3
5 0.22265625 0.2796875 0.4453125 0.559375
8 0.734375 0.2796875 0.53125 0.559375
7 0.6815651800307881 0.21066061541213274 0.028470433645025394 0.05970226400381797
5 0.6895185805965223 0.23497027207986002 0.06352721057599667 0.17728975334181776
8 0.18515625 0.7796875 0.3703125 0.440625
4 0.07421875 0.5703125 0.0609375 0.021875
5 0.078125 0.5703125 0.0875 0.021875
8 0.5 0.86875 0.0625 0.165625