1 0.2828125 0.27578125 0.565625 0.1078125
2 0.3046875 0.12890625 0.609375 0.2578125
2 0.58515625 0.23984375 0.0484375 0.1796875
5 0.446875 0.221875 0.325 0.215625
5 0.3046875 0.16484375 0.609375 0.3296875
8 0.8046875 0.18515625 0.390625 0.2890625
5 0.3046875 0.66875 0.609375 0.6625
4 0.3046875 0.9234375 0.609375 0.153125
1 0.365625 0.78203125 0.4875 0.2734375
2 0.3734375 0.4609375 0.471875 0.2125
6 0.8125 0.5309056081166688 0.05 0.08779089149054772
6 0.9078125 0.4095851200205255 0.021875 0.04231476502711469
6 0.9671875 0.37711805366555096 0.015625 0.03290340359079611
9 0.8796875 0.74765625 0.240625 0.5046875