3 0.07265625 0.1765625 0.1453125 0.246875
1 0.2578125 0.18984375 0.4625 0.3796875
5 0.15625 0.18984375 0.3125 0.3796875
4 0.24453125 0.328125 0.4890625 0.103125
5 0.24453125 0.18984375 0.4890625 0.3796875
3 0.93203125 0.04375 0.1359375 0.0875
4 0.8078125 0.1 0.384375 0.2
5 0.74453125 0.12578125 0.5109375 0.2515625
3 0.796875 0.3421875 0.25625 0.075
2 0.8484375 0.20593936514875164 0.2484375 0.1373828670936593
5 0.74453125 0.2375 0.5109375 0.284375
8 0.74453125 0.68984375 0.5109375 0.6203125
8 0.59921875 0.68984375 0.2203125 0.6203125
5 0.85625 0.6245797599589491 0.115625 0.17723518657189175
4 0.87421875 0.6033814708295335 0.028125 0.06578862646343317