4 0.2864273376286051 0.0734375 0.1539067708808471 0.134375
3 0.26015625 0.003125 0.0609375 0.00625
5 0.31796875 0.22421875 0.3046875 0.4484375
5 0.7078125 0.325 0.35625 0.65
4 0.65625 0.53046875 0.253125 0.2390625
2 0.65390625 0.0703125 0.2265625 0.140625
1 0.6533188800776705 0.28203125 0.21697037314378348 0.23125
0 0.0796875 0.69921875 0.153125 0.0984375
4 0.3171875 0.825 0.425 0.35
3 0.15078125 0.69609375 0.0703125 0.0921875
5 0.26484375 0.825 0.5296875 0.35
0 0.96875 0.6546875 0.0375 0.009375
3 0.9587603590004316 0.66328125 0.010982951795397966 0.0078125
3 0.68984375 0.66015625 0.0390625 0.0203125
7 0.7160183470965749 0.75859375 0.16202834308955402 0.1875
7 0.8171875 0.66875 0.046875 0.0375
7 0.9921875 0.6609375 0.015625 0.021875
4 0.97578125 0.70390625 0.0484375 0.0796875
4 0.784375 0.6578125 0.021875 0.015625
4 0.7640625 0.68203125 0.065625 0.0640625
5 0.97578125 0.7265625 0.0484375 0.153125
5 0.96953125 0.73515625 0.0609375 0.1703125
5 0.825 0.71484375 0.0875 0.1296875
5 0.7765625 0.7140625 0.0625 0.128125
5 0.76484375 0.66796875 0.0546875 0.0359375
5 0.7171875 0.825 0.2125 0.35