9 0.48984375 0.3609375 0.1203125 0.078125
5 0.178125 0.0890625 0.35625 0.178125
8 0.775 0.2 0.45 0.4
9 0.97890625 0.0109375 0.0421875 0.021875
4 0.215625 0.49921875 0.153125 0.1984375
4 0.39609375 0.84609375 0.2734375 0.3078125
4 0.4354234965786404 0.6671172387835144 0.05390679734245403 0.06749657220870695
4 0.2990769165738679 0.7030643500234411 0.19771353071290693 0.34175220452587246
5 0.14921875 0.69453125 0.2984375 0.5890625
0 0.28539786660568456 0.46878479879377705 0.036737478675999566 0.06895907825883114
0 0.3011677699315941 0.5233768500234411 0.04738407733927232 0.04402271077238851
0 0.3358154899347757 0.4997393621236895 0.025527258672817865 0.04545794574527377
0 0.41640625 0.43203125 0.1203125 0.0640625
0 0.4480427699315941 0.522522356269957 0.08517497867599957 0.06924087939029935
0 0.47551324192395805 0.5786087298065239 0.052253390674726855 0.059674981849627426
0 0.5203125 0.56484375 0.059375 0.1140625
3 0.5070985019096405 0.683886582265852 0.07249316534054522 0.05354315651766228
3 0.4483416672501857 0.6311070159108774 0.029978401336727245 0.025172716822512698
3 0.42762972525463994 0.5984172357584523 0.037881808004454245 0.03303066861791084
3 0.38089163259868497 0.5197882417103805 0.07103975334181775 0.06290906615858276
5 0.2881774212683212 0.4984541180756178 0.051454506683635604 0.1252908914905479
5 0.3050285665977304 0.527260374125742 0.039771572008272395 0.061164758976990544
5 0.31015625 0.7 0.2671875 0.6
5 0.4413200552594125 0.5631837177062755 0.08770108935390812 0.15206246974937904
5 0.4483871205840493 0.6272007659108774 0.09402381468808993 0.15834883118569748
5 0.3875 0.73359375 0.325 0.5328125
8 0.70703125 0.7 0.3140625 0.6
8 0.95234375 0.684375 0.0953125 0.240625