6 0.26953125 0.259375 0.3765625 0.51875
6 0.0359375 0.30703125 0.071875 0.4234375
6 0.91796875 0.259375 0.1640625 0.51875
5 0.7546875 0.259375 0.490625 0.51875
4 0.71796875 0.48203125 0.2890625 0.0734375
3 0.7464059025700498 0.3898575525939124 0.14064427601845358 0.1375556386855445
2 0.74765625 0.07421875 0.1765625 0.1484375
2 0.46328125 0.65625 0.0921875 0.275
5 0.359375 0.759375 0.3 0.48125
1 0.4703125 0.8953125 0.078125 0.15625
0 0.6615711099618199 0.7840535426082299 0.14985673870145302 0.2579590453532717
4 0.86640625 0.8625 0.2671875 0.275
3 0.7422211259548203 0.8346706132638669 0.06717041335136287 0.13357611600890856
5 0.7859375 0.81953125 0.428125 0.3609375