6 0.3546875 0.23984375 0.128125 0.4796875
6 0.165625 0.23359375 0.33125 0.4671875
9 0.33399566657480734 0.8609314792330046 0.034556807181592396 0.031649989337999784
9 0.26540929303824046 0.8336064579090042 0.031404536104353654 0.026926126670908702
9 0.2934479346269841 0.8481229439051863 0.028270445745273775 0.025327264003817972
8 0.0125 0.8046875 0.025 0.034375
9 0.038946786988116246 0.8190552512730938 0.032985216822512695 0.030069308004454242
4 0.11848429606330253 0.8439092532622761 0.02688975292686635 0.05655908267027243
0 0.12185019057891253 0.8024666405951851 0.015752265027114732 0.02205681333545435
5 0.11667635636815295 0.8861149345958215 0.051136294884952346 0.19589430267345415
5 0.68984375 0.73984375 0.5421875 0.5203125
4 0.65 0.803125 0.409375 0.39375
1 0.63046875 0.56875 0.1953125 0.178125