3 0.39640721140990554 0.5670759540348932 0.01894999466899989 0.01729658430895533
2 0.40460097207190576 0.5327509510098312 0.025254538669636162 0.022020445745273776
4 0.38203125 0.590625 0.0734375 0.0375
5 0.37421875 0.56171875 0.1296875 0.0953125
8 0.76953125 0.36171875 0.4609375 0.4953125
5 0.6922186033974971 0.4685480713249442 0.08090564934754489 0.1051511083130606
5 0.07360551074154201 0.8204771682251273 0.0208215773392725 0.04386817466803512
8 0.471875 0.77421875 0.134375 0.3296875
8 0.36807312607413295 0.8167219509116354 0.06295453333863606 0.03942611436318479
8 0.209375 0.87265625 0.41875 0.2546875
4 0.028519730068405913 0.7725618429913583 0.004814769334818081 0.010964771077238922
5 0.028547002068724136 0.7749055929913583 0.009629538669636162 0.021929542154477667
5 0.97265625 0.8109375 0.0546875 0.353125