3 0.1421875 0.39250357904439814 0.0171875 0.01728749394987581
2 0.1421875 0.3557848290443982 0.025 0.018895445745273777
4 0.14453125 0.4588961935057787 0.059375 0.1097204336450254
5 0.14765625 0.5080967627876195 0.084375 0.33017837939029915
8 0.83671875 0.24765625 0.3265625 0.4953125
8 0.8984375 0.2818655400131783 0.0984375 0.14588519262201594
8 0.6609375 0.3090285245932803 0.078125 0.1332670179539809
8 0.55390625 0.3026199641902341 0.0453125 0.07370112041330898
8 0.54375 0.29252280152425153 0.10625 0.0896806444174139
1 0.365625 0.93671875 0.146875 0.1265625
2 0.35625 0.84609375 0.159375 0.0328125
2 0.07109375 0.8832518197728201 0.0859375 0.06299996974937905
3 0.10859375 0.97734375 0.0453125 0.0453125
2 0.20390625 0.9734375 0.1890625 0.053125
2 0.0515625 0.96640625 0.103125 0.0671875
5 0.07734375 0.92421875 0.1109375 0.1515625
5 0.10390625 0.9625 0.2078125 0.075
5 0.225 0.94609375 0.45 0.1078125
5 0.3578125 0.91484375 0.184375 0.1703125
4 0.51875 0.91484375 0.1375 0.1703125
5 0.584375 0.91484375 0.26875 0.1703125