5 0.16484375 0.13984375 0.3296875 0.2796875
8 0.66484375 0.13984375 0.6703125 0.2796875
8 0.47734375 0.13984375 0.2953125 0.2796875
8 0.246875 0.50625 0.165625 0.453125
8 0.1328125 0.828125 0.265625 0.34375
1 0.8402771046988231 0.6812473955957644 0.12104881908544911 0.12726245764913066
1 0.5280033219141194 0.45336887705260837 0.14950107201231527 0.18367608411256367
2 0.5453125 0.31875 0.159375 0.078125
2 0.8112016412941561 0.38375022687965765 0.08474770472226431 0.06455337939029934
3 0.7710857014026147 0.47148657621572776 0.04557612041330898 0.04557612041330898
3 0.6685384600850174 0.7056848350945224 0.07858860831306061 0.0801420179539809
2 0.6775584152000652 0.5103132477605048 0.18679199375348396 0.1479567527304745
2 0.8368788730455876 0.5000110311343838 0.13363063231716552 0.14139768052176754
4 0.5875 0.84765625 0.325 0.3046875
4 0.46953125 0.70078125 0.2796875 0.5984375
4 0.809375 0.85859375 0.284375 0.2828125
5 0.940625 0.63984375 0.11875 0.7203125
5 0.8005823038619427 0.43850135939321505 0.11353630093507654 0.17877950585373253
5 0.8171875 0.70859375 0.365625 0.5828125
5 0.6421875 0.68828125 0.484375 0.6234375
5 0.48515625 0.63984375 0.3109375 0.7203125