5 0.6421875 0.11328125 0.015625 0.0765625
5 0.5545612767345796 0.13795139266889817 0.048873837235821685 0.0752818011314682
3 0.543569234580102 0.12864002518245546 0.01572499394987581 0.01727840359079611
3 0.64609375 0.10390625 0.0078125 0.0203125
2 0.64609375 0.08046875 0.0078125 0.0171875
2 0.5411300358097659 0.11224741072107491 0.021974993949875808 0.01731476502711473
4 0.5538845658639951 0.15592468784843794 0.03302157825883114 0.03612839754067192
2 0.13113338797450633 0.2763569251590144 0.015770445745273864 0.02509090359079611
2 0.14852996623333756 0.3121944312091386 0.020439765027114642 0.02199317466803503
3 0.14133054459036462 0.2833290878249969 0.014189765027114642 0.02195681323171659
3 0.14546859874689488 0.3231501119272978 0.007867042154477666 0.009420451795398143
4 0.1573009782353901 0.3426131842342007 0.029932939695149673 0.042360216822512696
4 0.16554020423128502 0.28162568725926274 0.051944295081343926 0.06592498184962743
5 0.17209473126045222 0.3339330758229443 0.09792948165323567 0.18181360226293625
5 0.15819585772388534 0.3621398890546608 0.056986319085449114 0.12688975292686636
4 0.8666764991162372 0.22450301278761947 0.01418976502711473 0.02195681323171659
4 0.9712730955254412 0.2082689587292851 0.00945681323171641 0.014117042154477843
4 0.8143736557320954 0.23183878981678668 0.015752265027114732 0.02196590359079629
2 0.8642463907049809 0.20967289832623895 0.004732951795397966 0.007839771077238922
2 0.969660598550503 0.19968429908836463 0.004723861436318444 0.006277271077238922
2 0.8111713876799188 0.2185757205349459 0.007867042154477843 0.009420451795398143
5 0.8144009268093344 0.23652628981678667 0.025290891490547907 0.05014544574527378
5 0.8666764991162372 0.22450301278761947 0.02054884933607006 0.04074317466803503
5 0.9712867310640604 0.21061270872928511 0.012663626463433175 0.028197722872636888
8 0.16015625 0.82109375 0.3203125 0.3578125
8 0.2390625 0.840625 0.371875 0.31875
6 0.7173259389095827 0.7347921147559682 0.052044289031219645 0.08311248184962743
6 0.7640625 0.609375 0.021875 0.01875
9 0.85859375 0.8 0.2828125 0.4