3 0.35390625 0.53515625 0.1671875 0.1078125
2 0.1171875 0.45859375 0.234375 0.2609375
5 0.234375 0.35859375 0.46875 0.4609375
4 0.5933166453011769 0.3074973199692118 0.1922259449597071 0.5448499334486337
1 0.5236000847017388 0.0711921813073344 0.07252041549465282 0.11135565651766247
5 0.6203125 0.29453125 0.303125 0.5890625
8 0.29140625 0.79453125 0.3546875 0.4109375
8 0.20546875 0.91953125 0.4109375 0.1609375
5 0.490625 0.66015625 0.04375 0.1421875
5 0.52421875 0.665625 0.0734375 0.153125
5 0.56484375 0.65234375 0.0484375 0.1265625
5 0.59375 0.6703125 0.08125 0.1625
5 0.65 0.65078125 0.071875 0.1234375
5 0.6953125 0.66484375 0.09375 0.1515625
5 0.73828125 0.64765625 0.0609375 0.1171875
5 0.78359375 0.6703125 0.0953125 0.1625
5 0.82734375 0.653125 0.0578125 0.128125
5 0.87109375 0.67265625 0.0859375 0.1671875
5 0.91796875 0.65703125 0.0640625 0.1359375
5 0.95 0.646875 0.053125 0.115625
5 0.9625 0.671875 0.075 0.165625
5 0.97890625 0.66015625 0.0421875 0.1421875