4 0.13203125 0.13046875 0.2640625 0.2609375
5 0.2375 0.275 0.475 0.55
7 0.80078125 0.275 0.3984375 0.55
5 0.79453125 0.275 0.4109375 0.55
5 0.515625 0.584375 0.040625 0.06875
5 0.00546875 0.78046875 0.0109375 0.0359375
5 0.01015625 0.56953125 0.0203125 0.0390625
4 0.01640625 0.56015625 0.0078125 0.0203125
4 0.00390625 0.78515625 0.0078125 0.0140625
2 0.00234375 0.7640625 0.0046875 0.00625
4 0.52578125 0.55859375 0.0109375 0.0171875
8 0.209375 0.565625 0.15625 0.03125
8 0.17890625 0.83203125 0.3578125 0.2921875
8 0.31875 0.67265625 0.4625 0.2453125
8 0.634375 0.884375 0.16875 0.23125