3 0.39296875 0.45546875 0.1015625 0.0671875
3 0.18828125 0.42421875 0.1234375 0.1296875
2 0.20664841315696178 0.3257328156676035 0.11121930113146812 0.04908291549465282
2 0.3721688740275463 0.344665143730043 0.11916815651766229 0.07256586729005096
5 0.2859375 0.3890625 0.571875 0.2
0 0.6919915363989411 0.14711641539645698 0.17559087334017515 0.10258062021691723
4 0.66171875 0.3734375 0.1640625 0.23125
5 0.91640625 0.33046875 0.1671875 0.3171875
5 0.71328125 0.28671875 0.2671875 0.4046875
3 0.719548388956465 0.24493629185989008 0.07379202400410509 0.06136474687674198
0 0.50390625 0.53984375 0.1515625 0.1015625
0 0.521875 0.5984375 0.115625 0.134375
0 0.05625 0.628125 0.1125 0.196875
0 0.45235075683569115 0.7773690803019347 0.1761635659621911 0.20101812021691715
0 0.084375 0.92890625 0.15 0.1421875
0 0.425 0.9328125 0.20625 0.134375
5 0.328125 0.51640625 0.23125 0.0546875
2 0.5609375 0.86015625 0.0375 0.1296875
3 0.54072693472518 0.8958559807694728 0.029951120413308985 0.0454852168225127
0 0.07734375 0.821875 0.1546875 0.128125
4 0.07602006099222139 0.7353345537637468 0.10385222872636941 0.12559996369925486
4 0.21306099785870067 0.8150407553627531 0.17790787314378348 0.23227721057599676
2 0.2045859434075828 0.6602987132082754 0.10370678298109545 0.10059996369925486
3 0.2839189194034777 0.7216998215213359 0.040897710772388504 0.047111349336070064
5 0.4828125 0.60234375 0.19375 0.2265625
4 0.4457245486955812 0.5734173785065366 0.07748971662612103 0.1598204275949012
4 0.55625 0.7625 0.046875 0.190625
4 0.17421875 0.96796875 0.1296875 0.0640625
5 0.146875 0.92890625 0.29375 0.1421875
5 0.0765625 0.70390625 0.153125 0.2703125
5 0.2305302989901688 0.7667032493126289 0.3317601018701529 0.3581680657657994
5 0.54609375 0.89609375 0.0671875 0.2078125
5 0.4523553020152309 0.7765878303019347 0.17307492739850955 0.20724993949875808
5 0.52109375 0.70078125 0.1171875 0.3484375
8 0.640625 0.625 0.121875 0.246875
6 0.7737126724285399 0.6464049057320954 0.012990879390299349 0.08444772287263688
8 0.82265625 0.53515625 0.1859375 0.0921875