3 0.3359375 0.46484375 0.0875 0.1015625
2 0.33671875 0.3359375 0.0859375 0.078125
4 0.25390625 0.5453125 0.2515625 0.0875
5 0.18984375 0.43984375 0.3796875 0.2984375
5 0.271875 0.421875 0.215625 0.334375
7 0.6502060957218327 0.28093675274504193 0.03322156615858276 0.07069430800445424
0 0.6404402102814093 0.2136401647437692 0.022093168617910663 0.03775453866963616
5 0.6723265354169824 0.32337879141467807 0.09220672247985355 0.27292951734563575
8 0.68984375 0.29453125 0.6203125 0.5890625
5 0.33125 0.79453125 0.096875 0.4109375
9 0.96640625 0.6578125 0.0671875 0.034375
6 0.8843492915653025 0.6793009800684059 0.009465903590796288 0.01573408800127272
6 0.8695237222834618 0.6822532573997242 0.011037493949875809 0.01731476933481808
6 0.8515595174630015 0.6828254220639516 0.009465903590795932 0.01573408800127272
6 0.8343901981811609 0.6857504273949517 0.009493174668035209 0.02042158800127254
6 0.8234617885402404 0.6871856580601337 0.009502265027114732 0.021984088001272717
6 0.8133100837197802 0.6878487293920882 0.011055674668035208 0.02043976933481808
9 0.6568873668972675 0.6563430960375437 0.11143746974937904 0.08722837468172653
9 0.7843765626425414 0.6828248747214974 0.042360216822512696 0.03017839600572696
8 0.7716089179305398 0.7709515833863613 0.1272715480082102 0.12334768801718106