5 0.5453125 0.115625 0.028125 0.075
5 0.43930104670590725 0.1183565787714497 0.03989884134309048 0.07232953333863605
3 0.4297896867043164 0.10652874077017707 0.01424431333545435 0.015788632001908987
3 0.5477402553707711 0.10633893145285814 0.022093176002545435 0.01900453866963625
2 0.55078125 0.0828125 0.0171875 0.0125
2 0.43114310136854384 0.08857817210372251 0.02049431333545453 0.015861357336090797
4 0.43560388204167994 0.1362798754375861 0.028506808004454244 0.033139764003817976
4 0.54765625 0.13203125 0.0234375 0.0359375
4 0.01640625 0.1796875 0.0328125 0.0625
5 0.02109375 0.234375 0.0421875 0.178125
7 0.81875 0.0453125 0.196875 0.090625
5 0.85859375 0.1625 0.2765625 0.325
6 0.5028721033577261 0.8266134267584049 0.022511346674090583 0.054942038669636165
6 0.35011927335295373 0.789684496737724 0.019331802673454135 0.05021817600254526
6 0.24519541601686293 0.7681538473901792 0.011392033338636054 0.03918976933481808
6 0.20527894068268107 0.7614402233847704 0.006631808004454331 0.03288522533418181
6 0.17867098734881748 0.7572248907144978 0.006613626670908879 0.03132272533418181
6 0.13005276869827126 0.8753930880410437 0.03702838001272672 0.09416817067154533
6 0.062201650023862506 0.8175800406985895 0.019440890674726853 0.059593176002545434
6 0.033031770687453575 0.7945874360279988 0.01462612133990877 0.048601132001908895
6 0.011138589353908147 0.7927703973583625 0.011410214672181552 0.040752269334818084
6 0.003125 0.771875 0.00625 0.028125
6 0.007640872016226518 0.7607027846912716 0.011282945337363426 0.02981476933481808
6 0.1583312153484993 0.754644783378407 0.006540901336727067 0.02507272533418181
6 0.12320223734881744 0.7565794533736345 0.006522720003181703 0.02351022533418181
6 0.4849300780155902 0.7615696820894049 0.012863626670908878 0.03139545066836362
6 0.4128914460136812 0.7466708407463145 0.009702264003817972 0.028234088001272716
6 0.350364174013363 0.7435998374044968 0.011337489337999784 0.03450226933481808
9 0.2796875 0.85703125 0.559375 0.2859375