5 0.4484375 0.16015625 0.521875 0.3203125
0 0.98515625 0.128125 0.0296875 0.05
7 0.96875 0.20703125 0.0625 0.1265625
5 0.9796875 0.30234375 0.040625 0.3796875
5 0.9203125 0.265625 0.159375 0.409375
6 0.6831603953011769 0.6788758536376784 0.02529998184962743 0.05170794574527378
6 0.5114081151487516 0.6587820431364364 0.031586343285945874 0.057994307181592396
6 0.5789683198710159 0.5943286576960128 0.01581589754067192 0.03290340359079611
6 0.07218653386485832 0.688680184037809 0.04892837939029935 0.08465680113146803
6 0.7309166392510527 0.66141109768575 0.012681807181592574 0.03132272287263689
6 0.6499575307416003 0.6118837963578903 0.014217036104353653 0.026644313231716586
6 0.5946887686413519 0.5778315041052167 0.011073855386194254 0.023501132513557364
6 0.5565029674116879 0.5616479679026672 0.011064765027114731 0.021938632513557366
6 0.1627347866935287 0.5670637383907309 0.02054884933607006 0.04074317466803503
6 0.21875 0.534375 0.015625 0.03125
6 0.26015625 0.525 0.0109375 0.0125
6 0.5206654613615637 0.5446695461614984 0.009502265027114732 0.021929542154477667
6 0.4637251149523599 0.5293763442679045 0.009493174668035032 0.020367042154477665
6 0.3984375 0.52265625 0.009375 0.0078125
6 0.4158234252572102 0.5718411002198328 0.018986349336070064 0.04073408430895533
6 0.366018867977422 0.5385382417103806 0.014235216822512697 0.02976931323171659
6 0.42071091315696185 0.537438829142594 0.012654536104353475 0.026635222872636886
6 0.4909052384889268 0.5573422629840111 0.012654536104353475 0.026635222872636886
9 0.3171875 0.825 0.58125 0.35
8 0.88984375 0.66640625 0.2203125 0.2953125