3 0.1254116705628184 0.4992944554096354 0.1760544816532356 0.18226812021691713
4 0.07421875 0.55234375 0.1484375 0.0953125
2 0.41171875 0.39921875 0.3359375 0.3265625
5 0.28984375 0.3140625 0.5796875 0.571875
0 0.81484375 0.06875 0.1828125 0.1375
2 0.99453125 0.3 0.0109375 0.009375
4 0.9921875 0.3390625 0.015625 0.0375
4 0.990625 0.3515625 0.01875 0.11875
7 0.85 0.409375 0.3 0.38125
3 0.8179748578220811 0.2230905037124332 0.10368860226293633 0.09747496369925486
5 0.78984375 0.3 0.4203125 0.6
5 0.68671875 0.70546875 0.2140625 0.2109375
5 0.815625 0.8 0.36875 0.4
5 0.93671875 0.7359375 0.1265625 0.271875