3 0.28125 0.09359338037225799 0.1640625 0.14626698770335986
4 0.2890625 0.29375 0.4375 0.4125
5 0.30390625 0.25 0.6078125 0.5
8 0.8546875 0.25 0.290625 0.5
7 0.7609375 0.23515625 0.103125 0.3828125
7 0.775 0.28203125 0.13125 0.2765625
7 0.76484375 0.14296875 0.1109375 0.1296875
2 0.75390625 0.0608308773471959 0.05625 0.030014752926866218
5 0.78203125 0.128125 0.1453125 0.18125
5 0.8140625 0.33938714852263063 0.140625 0.27738063231716553
5 0.76953125 0.25 0.1203125 0.5
3 0.32265625 0.94453125 0.1921875 0.1109375
2 0.1171875 0.8359375 0.234375 0.328125
5 0.3546875 0.75 0.709375 0.5