7 0.4987498667249973 0.30908619203284077 0.1202601453691802 0.26474427693097125
7 0.7375 0.36484375 0.1125 0.2484375
3 0.6618038500556793 0.2905048845566608 0.025781797342454026 0.06733294574527396
3 0.4473044507081344 0.18457655054229294 0.033357940006363405 0.04706589754067192
0 0.4471675433640895 0.10567484572183279 0.07431020401018137 0.07542724687674199
0 0.6494214813812705 0.23340545686356365 0.06057496801399935 0.10347043364502558
5 0.7109375 0.33203125 0.1875 0.3140625
5 0.509375 0.275 0.23125 0.428125
0 0.41806348806490606 0.515680583916172 0.09276930267345418 0.05053633118569749
0 0.6171875 0.5109375 0.06875 0.04375
0 0.4890214254057694 0.5715584000747548 0.03797271467218159 0.04084316861791084
3 0.6339975707351787 0.5434975534691592 0.028397720003181703 0.023601126463433174
3 0.476894142743451 0.6035169272021178 0.023710220003181702 0.023573855386194255
3 0.41684643340226957 0.5453589935570923 0.05032726400381797 0.028415891490547907
7 0.3859375 0.65234375 0.1125 0.1265625
4 0.4602066294159507 0.6463856832522421 0.06786020934118149 0.058203385440423715
4 0.6441907307447237 0.6138645956236368 0.10301700668363552 0.12559087334017516
5 0.85390625 0.63203125 0.2921875 0.2859375
5 0.44140625 0.634375 0.2234375 0.290625
5 0.4582895934118145 0.6159078428931624 0.09691245735199913 0.13805451190385654
5 0.615625 0.6671875 0.196875 0.35625