2 0.22496714198152717 0.08368027792809425 0.11610678903121965 0.08415791868236297
3 0.19130923858712262 0.2293745859325485 0.1539158612399268 0.1377192706874535
4 0.1640625 0.3609375 0.328125 0.296875
5 0.2609375 0.2546875 0.521875 0.509375
3 0.0125 0.65 0.025 0.025
2 0.03134791042648728 0.6278148226448191 0.031404536104353474 0.02692612667090888
4 0.328125 0.75 0.3375 0.48125
4 0.56875 0.7546875 0.2 0.490625
4 0.02734375 0.76171875 0.0546875 0.1734375
5 0.03203125 0.8 0.0640625 0.4
5 0.3328125 0.7546875 0.575 0.490625
5 0.54921875 0.7546875 0.2390625 0.490625
8 0.73203125 0.7484375 0.1265625 0.478125