3 0.29593713037225805 0.1748066408031767 0.01728749394987581 0.01728749394987581
2 0.3008291634515494 0.13967766188041555 0.02511817466803503 0.020457945745273775
4 0.290086585290914 0.24039982454639802 0.0615738251355733 0.1097295240041051
5 0.2866797841594459 0.2888191438282388 0.09096238504764002 0.32708065046753826
2 0.5542228499252453 0.07379306576579933 0.012645445745273775 0.025072722872636975
2 0.5610177505891751 0.11445897238165763 0.01887726502711473 0.02198408430895533
3 0.5619808077707675 0.0832135175611974 0.012627265027114731 0.02194772287263689
3 0.5554853680756179 0.12536465612487896 0.007867042154477666 0.009420451795398143
4 0.5608223078689634 0.14805272238165762 0.026807939695149764 0.04234203610435348
4 0.5877347866935286 0.0880510084860111 0.04724770472226432 0.0643352107723885
5 0.5788228741257421 0.1426885115110732 0.08231357201231529 0.18328519867214013
5 0.5583649283804683 0.16757033684303818 0.04606699980360816 0.12995112041330897
5 0.2296875 0.8015625 0.459375 0.396875
1 0.3296875 0.9421875 0.259375 0.115625
2 0.32890625 0.690625 0.2609375 0.178125
8 0.7296875 0.74453125 0.540625 0.5109375