5 0.37265625 0.096875 0.4578125 0.19375
4 0.378125 0.025 0.2625 0.05
3 0.4265625 0.52109375 0.11875 0.0359375
4 0.465625 0.434375 0.29375 0.209375
5 0.39375 0.26953125 0.65 0.5390625
3 0.2079200216664141 0.5879297085328934 0.009429542154477843 0.009429542154477666
0 0.2041274011549093 0.5684211844305924 0.020448855386194252 0.023555674668035032
4 0.22190525361423727 0.6011291453011768 0.03462043969514959 0.04238748789975162
4 0.15211492838046822 0.6460649162802198 0.033185204722264314 0.06425339754067191
5 0.14664617838046823 0.6460967325369984 0.06637040944452863 0.12850679508134402
5 0.21864389822804303 0.624584826019336 0.07896131303532491 0.1442045179539809
8 0.859375 0.7953125 0.28125 0.409375
5 0.9006791725267357 0.8151103529503073 0.02208407825883114 0.03606476502711473
8 0.7900774949318345 0.8923137232654204 0.12559996369925486 0.10385222872636923