2 0.18795750049097934 0.29296875 0.012645445745273954 0.025
2 0.2002211511549093 0.33359375 0.01887726502711473 0.021875
3 0.19650125351604145 0.3015625 0.012627265027114642 0.021875
3 0.1954700186413519 0.34453125 0.007867042154477666 0.009375
4 0.20392741325515767 0.36796875 0.026807939695149673 0.0421875
4 0.22383591315696183 0.303125 0.04724770472226432 0.0640625
5 0.22116036505055575 0.36015625 0.0807692527304745 0.1859375
5 0.20303707894620224 0.38671875 0.04296018052176755 0.1328125
6 0.5451074460398615 0.11171875 0.06457156010845858 0.0875
9 0.71953125 0.309375 0.5609375 0.61875
4 0.35 0.69296875 0.178125 0.1484375
5 0.3296875 0.809375 0.21875 0.38125
8 0.6578125 0.87578125 0.40625 0.2484375