6 0.9461498547970191 0.32581396527038853 0.07740790339440444 0.1457579275949012
6 0.52265625 0.37890625 0.0265625 0.0953125
6 0.5901356832522421 0.23413202196100164 0.01894998789975162 0.03448408430895542
6 0.694705008584207 0.21321046790266723 0.01738748789975162 0.03447499394987581
6 0.7617834242752515 0.19406958246224368 0.017378397540672098 0.03291249394987581
6 0.7898629724798535 0.18609345599881055 0.01738748789975162 0.03447499394987581
6 0.7711038821207739 0.18464004030776598 0.01581589754067192 0.0329034035907962
6 0.5557561380727022 0.23355075986075322 0.01737839754067192 0.03291249394987581
6 0.639258984481906 0.2174394256499937 0.01581589754067192 0.0329034035907962
9 0.9222073189872532 0.10485202547704305 0.09587610226293641 0.09742951190385671
9 0.7546875 0.4140625 0.490625 0.171875
7 0.09765625 0.58359375 0.1796875 0.1671875
5 0.1265625 0.75 0.253125 0.5
0 0.6255010115110732 0.6780501936039747 0.19634880093507653 0.17926129488495235
3 0.5602396258742579 0.7409319886853185 0.0926420179539809 0.07866133118569749
4 0.62109375 0.85390625 0.2234375 0.2921875
5 0.69296875 0.75 0.3671875 0.5