3 0.2298012999284124 0.34921875 0.12968859468490823 0.134375
2 0.23874104260822993 0.25234375 0.11157384667409058 0.0546875
5 0.1546875 0.32421875 0.309375 0.2703125
8 0.80859375 0.303125 0.3828125 0.3125
6 0.09574666263527423 0.5828125 0.057104522676635835 0.0734375
9 0.1546875 0.7296875 0.309375 0.540625
5 0.7264206665738678 0.72421875 0.17447712006681498 0.4921875
5 0.5892110205681409 0.76640625 0.1711692120464523 0.3421875
5 0.5348240599140949 0.6734375 0.12258626137808885 0.3296875
4 0.5416467719207764 0.62421875 0.05592383068109026 0.10625
4 0.6187263452419133 0.7140625 0.058921561346272175 0.0953125
4 0.6987501999125041 0.68515625 0.08664766669318062 0.1953125
3 0.5313001652610033 0.5734375 0.022093176002545435 0.01875
3 0.5873223512492312 0.66015625 0.009520450668363623 0.0125
3 0.721089371260367 0.578125 0.022274989337999783 0.034375
0 0.524741629933185 0.5328125 0.036428396005727136 0.0421875
0 0.5931456372533673 0.6296875 0.04916475334181776 0.0625
0 0.7053921932686393 0.5171875 0.07116702267663584 0.0734375