5 0.046875 0.01953125 0.0375 0.0390625
4 0.051260318626683656 0.02136428063336515 0.02692612667090888 0.03155908267027261
4 0.44296875 0.06328125 0.0140625 0.0609375
5 0.43828125 0.11640625 0.0234375 0.1734375
5 0.725 0.25 0.55 0.5
4 0.725 0.38203125 0.55 0.2359375
1 0.6967524425923216 0.14040299260027575 0.4554158480267261 0.202147586728179
8 0.81171875 0.578125 0.1890625 0.15625
8 0.5765625 0.70234375 0.253125 0.3609375
7 0.8336541006126843 0.6331428339035954 0.009520450668363623 0.012609088001272717
5 0.8321279632797752 0.6300360152371407 0.011155676002545434 0.01887726933481808
8 0.8389228559436844 0.6502666992361863 0.079234061346272 0.09622156667727229
2 0.5775757285964578 0.7556376412715029 0.006359088001272717 0.009447725334181811
5 0.5743234592616397 0.7666115039385938 0.016024989337999784 0.03455681333545435