5 0.2828125 0.15 0.484375 0.3
4 0.2898584273003137 0.11374158995068409 0.2807510720123153 0.18606695870463463
3 0.2755141261688455 0.06546772195259312 0.16454428903121973 0.08472154002227175
5 0.3 0.16484375 0.6 0.2703125
0 0.3081913125443455 0.47585759257641325 0.05811248184962743 0.05223520934118149
5 0.3231537580932276 0.6303814605745043 0.19123509582002854 0.3756374413589988
5 0.47386176433974364 0.4817428712205961 0.02210225897699054 0.039317038669636165
5 0.526146427005726 0.47097754654682367 0.026826120413308986 0.04562158267027261
5 0.5890625 0.4578125 0.021875 0.053125
3 0.29901175526455737 0.509560430577686 0.031395445745273774 0.025363626670909058
4 0.33378218588452063 0.5771291912396862 0.10231699980360816 0.1308692866804538