3 0.44140625 0.4 0.1171875 0.05625
4 0.36796875 0.3328125 0.2640625 0.228125
5 0.25 0.25 0.5 0.5
1 0.90859375 0.30859375 0.1828125 0.3828125
5 0.778125 0.25 0.44375 0.5
4 0.43203125 0.790625 0.1359375 0.209375
3 0.37269480203690736 0.7053990945655956 0.07232953333863605 0.03989884134309048
3 0.0612198580124085 0.5285302486075937 0.028415901336727067 0.025327264003817972
0 0.39932038936186237 0.6433621712285502 0.1743465666772721 0.08014312802354447
5 0.284375 0.79453125 0.43125 0.4109375
5 0.075 0.67890625 0.15 0.3578125
8 0.74921875 0.78671875 0.4984375 0.4265625
5 0.8418464334022696 0.8192739746180931 0.015934082670272787 0.02674431333545435