3 0.38515625 0.2640625 0.0671875 0.09375
2 0.40546875 0.2 0.0265625 0.109375
4 0.36875 0.33671875 0.1 0.1046875
5 0.32109375 0.26484375 0.1953125 0.2484375
9 0.44453125 0.20234375 0.0515625 0.3734375
6 0.6995706695998695 0.2586044030016209 0.033076120413308985 0.0455033975406721
9 0.8265625 0.19453125 0.346875 0.3890625
3 0.5625 0.0390625 0.05625 0.078125
7 0.56875 0.2046875 0.253125 0.36875
5 0.57421875 0.19453125 0.3109375 0.3890625
1 0.18671875 0.90625 0.3734375 0.1875
2 0.16328125 0.6671875 0.3265625 0.34375
5 0.209375 0.7203125 0.41875 0.559375
3 0.83671875 0.43828125 0.1265625 0.0984375
4 0.85234375 0.7234375 0.2953125 0.553125
5 0.7828125 0.69453125 0.434375 0.6109375