3 0.22890625 0.54453125 0.4578125 0.2296875
2 0.2546875 0.1984375 0.509375 0.365625
4 0.334375 0.54765625 0.66875 0.2234375
5 0.334375 0.33125 0.66875 0.65625
8 0.834375 0.15703125 0.33125 0.3140625
7 0.84296875 0.10234375 0.3140625 0.2046875
7 0.834375 0.09375 0.33125 0.1875
5 0.703125 0.10078125 0.06875 0.2015625
5 0.834375 0.29453125 0.33125 0.5890625
0 0.59453125 0.96015625 0.0859375 0.0796875
2 0.0296875 0.92109375 0.059375 0.1453125
2 0.23359375 0.66875 0.0734375 0.01875
2 0.3996294720321349 0.7424264537403056 0.042496582670272606 0.026807939695149587
3 0.39839423603595286 0.7705423633812261 0.0252363573360908 0.020457945745273775
3 0.23365902669477148 0.7117753756778662 0.04264203333863605 0.039307939695149584
3 0.05625 0.6734375 0.05625 0.028125
4 0.0640625 0.77265625 0.128125 0.1984375
4 0.21068569804263443 0.8186657251121321 0.14782152402927143 0.21647040339440443
4 0.38170672270845263 0.8134111194313502 0.08370338534372675 0.07704428903121965
5 0.3796875 0.859375 0.140625 0.28125
5 0.509375 0.94921875 0.259375 0.1015625
5 0.2046875 0.8296875 0.240625 0.340625
5 0.08359375 0.8296875 0.1671875 0.340625
8 0.73828125 0.75078125 0.1390625 0.1828125