3 0.37578125 0.15580755494209714 0.09375 0.048982921544777014
2 0.41640625 0.10478995560602708 0.121875 0.06164654800821019
4 0.36171875 0.2504206181738137 0.25 0.22332945745273883
5 0.290625 0.321875 0.51875 0.575
8 0.865625 0.3407961541799714 0.240625 0.25764991529826115
8 0.90546875 0.2625 0.1890625 0.525
5 0.99140625 0.278125 0.0171875 0.065625
6 0.53125 0.95625 0.0375 0.0875
6 0.421875 0.7944109918085764 0.0171875 0.04072499394987581
6 0.309375 0.761471747662309 0.015625 0.03759090359079611
6 0.1703125 0.714624539620395 0.015625 0.03602840359079611
6 0.4890625 0.7940201063681529 0.0109375 0.031313632513557364
6 0.3671875 0.7642604043763631 0.0125 0.028197722872636888
6 0.18828125 0.96328125 0.0734375 0.0734375
6 0.1390625 0.7046500968019873 0.0125 0.03132272287263689
6 0.2734375 0.7358995759211402 0.0140625 0.032894313231716585
6 0.12734375 0.7008120244950844 0.0125 0.02976022287263689
6 0.04453125 0.6684813135263041 0.009375 0.020367042154477665
6 0.1 0.6822211057789778 0.009375 0.020367042154477665
6 0.15 0.7038052142884299 0.0109375 0.021938632513557366
6 0.165625 0.6966830606976337 0.009375 0.018804542154477667
6 0.21484375 0.7081154643866258 0.009375 0.017242042154477666
6 0.22265625 0.7346325125912277 0.015625 0.03290340359079611
6 0.2203125 0.7229273981298472 0.009375 0.023492042154477664
6 0.21875 0.7198114884889268 0.0078125 0.018795451795398144
6 0.259375 0.7203563891528567 0.009375 0.017242042154477666
6 0.2828125 0.7342825337666625 0.009375 0.021929542154477667
6 0.28984375 0.7373666271508041 0.009375 0.020367042154477665
6 0.34296875 0.7487763049420971 0.009375 0.020367042154477665
6 0.3625 0.754912675453602 0.0078125 0.020357951795398142
6 0.4171875 0.7670945128858153 0.009375 0.021929542154477667
6 0.4625 0.7777683924725064 0.009375 0.017242042154477666
6 0.471875 0.7784951003180287 0.009375 0.017242042154477666
6 0.45625 0.7637422539088249 0.00625 0.014098861436318444
6 0.48359375 0.7706144226249315 0.00625 0.010973861436318445
6 0.51171875 0.7884195461614985 0.0078125 0.018795451795397967
6 0.525 0.7883422781093217 0.0078125 0.018795451795398144
6 0.546875 0.7843087630822071 0.00625 0.012536361436318444
6 0.50390625 0.7728399979568965 0.00625 0.012536361436318444
1 0.771875 0.7636336904807166 0.390625 0.23039758976990435
4 0.775 0.8765625 0.45 0.21875
5 0.775 0.8046875 0.45 0.390625