3 0.33515625 0.4109375 0.2671875 0.196875
2 0.3703125 0.15546875 0.196875 0.3109375
4 0.234375 0.39375 0.46875 0.23125
5 0.234375 0.2546875 0.46875 0.509375
5 0.5921875 0.3953125 0.2 0.228125
4 0.49609375 0.47265625 0.0546875 0.0734375
4 0.57578125 0.4453125 0.0953125 0.128125
3 0.4781452642415477 0.42517375858420703 0.011010222872636888 0.012563632513557365
3 0.6247839149054777 0.385403252337691 0.022074987899751618 0.03450226502711473
0 0.49296875 0.39765625 0.0484375 0.0640625
0 0.6259873457218328 0.32369359269677067 0.07387383723582168 0.07542724687674215
1 0.44375 0.54765625 0.05 0.0765625
1 0.13671875 0.5484375 0.1296875 0.078125
4 0.32109375 0.80234375 0.2953125 0.3953125
4 0.11171875 0.77890625 0.2234375 0.4421875
5 0.26796875 0.7546875 0.4015625 0.490625
5 0.140625 0.7546875 0.28125 0.490625
8 0.734375 0.83125 0.53125 0.3375
7 0.8176521500747548 0.8167350655694076 0.033048849336070066 0.04081589754067201
5 0.8160760145361353 0.8143822252103281 0.03779089149054791 0.05021816861791075