2 0.15859375 0.14609375 0.3171875 0.2828125
5 0.2296875 0.18984375 0.459375 0.3796875
6 0.5803853741257421 0.07808425859327608 0.028534066158582762 0.07063976400381797
6 0.7225410578689634 0.08189850724064059 0.023764752926866174 0.0565227200031817
6 0.8404461753554061 0.09146331655795947 0.018995439695149587 0.04240567600254543
6 0.9340961814055303 0.10755993654523284 0.015870439695149584 0.04236931333545435
9 0.59765625 0.2421875 0.2765625 0.275
8 0.2296875 0.62265625 0.459375 0.4859375
0 0.528125 0.6828125 0.1375 0.15625
3 0.586662645202981 0.7317183359325485 0.08475679508134401 0.06660679201145392
4 0.6109375 0.85625 0.253125 0.2875
5 0.6140625 0.734375 0.309375 0.53125