3 0.27421875 0.3015625 0.5484375 0.33125
4 0.284375 0.32109375 0.56875 0.3578125
5 0.284375 0.25 0.56875 0.5
4 0.815625 0.0515625 0.125 0.103125
5 0.8 0.25 0.271875 0.5
6 0.04453125 0.6851794967785462 0.040625 0.10179884933607006
6 0.23203125 0.5331453398681003 0.028125 0.06110112646343317
6 0.51875 0.5621571707592101 0.03125 0.0517443071815924
6 0.48203125 0.52109375 0.0171875 0.0421875
9 0.284375 0.83515625 0.56875 0.3296875
6 0.24609375 0.5046875 0.0109375 0.009375
6 0.04609375 0.5109375 0.0140625 0.021875
1 0.734375 0.86328125 0.33125 0.2484375
2 0.784375 0.6140625 0.43125 0.196875
5 0.784375 0.75 0.43125 0.5