4 0.409375 0.09765625 0.1375 0.1953125
4 0.21328125 0.096875 0.1171875 0.19375
4 0.05703125 0.09609375 0.1140625 0.1921875
5 0.0703125 0.19453125 0.140625 0.3890625
5 0.253125 0.19453125 0.334375 0.3890625
5 0.42890625 0.19453125 0.2203125 0.3890625
5 0.5078125 0.19453125 0.0625 0.3890625
7 0.8734375 0.19453125 0.253125 0.3890625
5 0.86484375 0.19453125 0.2703125 0.3890625
3 0.81875 0.85859375 0.3625 0.2828125
2 0.80546875 0.49609375 0.3890625 0.2140625
4 0.76953125 0.928125 0.4609375 0.14375
5 0.76953125 0.69453125 0.4609375 0.6109375