3 0.076293292645457 0.14296875 0.09742042154477701 0.09375
2 0.12891429859738537 0.0953125 0.0928238251355733 0.109375
4 0.0578125 0.2765625 0.115625 0.246875
5 0.08984375 0.203125 0.1796875 0.39375
3 0.9607041332009285 0.31015625 0.0314045361043533 0.0265625
3 0.9240626512531052 0.296875 0.02512726502711473 0.021875
3 0.8630342476623089 0.3125 0.025136355386194253 0.0234375
3 0.8539365036142372 0.26484375 0.020439765027114733 0.021875
3 0.8155643500234412 0.28046875 0.023573855386194255 0.0234375
3 0.775298419207086 0.21875 0.028261355386194252 0.0234375
3 0.7670995789462023 0.28515625 0.025136355386194253 0.0234375
3 0.7034506902843249 0.2140625 0.023564765027114732 0.021875
3 0.7030688952029809 0.2796875 0.026707945745273954 0.025
3 0.6642245638208918 0.2421875 0.025145445745273776 0.025
3 0.5988950004909793 0.19140625 0.026717036104353477 0.0265625
3 0.4296875 0.20234375 0.021875 0.0265625
3 0.47285922043675005 0.23515625 0.029851126463433176 0.028125
3 0.5463467174116878 0.2265625 0.031404536104353474 0.0265625
3 0.6258296843323965 0.26171875 0.028288626463433175 0.028125
0 0.43671875 0.1578125 0.0359375 0.046875
0 0.4778148860295987 0.1890625 0.05342498184962743 0.0515625
0 0.5536188619272978 0.18515625 0.04557612041330881 0.0453125
0 0.6069347594679698 0.15234375 0.03773634933607006 0.040625
0 0.6362722806434045 0.2125 0.04557612041330898 0.0453125
0 0.6722597776183423 0.20390625 0.039317030054229284 0.04375
0 0.7083381781840765 0.1796875 0.03615566861791084 0.0375
0 0.7103501300776704 0.23671875 0.04400453005422946 0.04375
0 0.782543292645457 0.18203125 0.03928066861791084 0.0375
0 0.7766927475641131 0.24765625 0.042451120413308986 0.0453125
0 0.821251268641352 0.24296875 0.040870439695149585 0.0421875
0 0.8650876270526083 0.228125 0.039298849336070064 0.040625
0 0.8749984373574586 0.2703125 0.04558521077238851 0.046875
0 0.9321251361277947 0.25390625 0.04399543969514959 0.0421875
0 0.9711194584346975 0.265625 0.05029998184962743 0.0515625
7 0.4375 0.2578125 0.0375 0.084375
7 0.471875 0.3140625 0.10625 0.171875
7 0.5326064042781672 0.30546875 0.12597266842151916 0.1671875
7 0.5869399011549092 0.23203125 0.06915906615858276 0.0703125
7 0.60703125 0.32578125 0.1296875 0.1484375
7 0.6890625 0.3421875 0.1 0.115625
7 0.662489346998379 0.271875 0.05351588544042354 0.0671875
7 0.7071115005891752 0.25625 0.07224770472226431 0.0640625
7 0.764074572896078 0.26796875 0.08805451190385663 0.0953125
7 0.75625 0.34765625 0.1 0.1046875
7 0.8078125 0.34921875 0.075 0.1015625
7 0.8420177657144856 0.29921875 0.03303975897699054 0.0390625
7 0.8484375 0.35546875 0.1125 0.0890625
7 0.9167814163784156 0.33984375 0.06299087939029953 0.084375
7 0.93828125 0.3546875 0.1234375 0.090625
7 0.975 0.35546875 0.05 0.0890625
5 0.44375 0.265625 0.05 0.26875
5 0.48203125 0.27734375 0.1265625 0.2453125
5 0.5171875 0.2765625 0.184375 0.246875
5 0.56640625 0.265625 0.1390625 0.26875
5 0.5921875 0.290625 0.1875 0.21875
5 0.63828125 0.2890625 0.1359375 0.221875
5 0.6703125 0.28046875 0.115625 0.2390625
5 0.67265625 0.30546875 0.1734375 0.1890625
5 0.74453125 0.27890625 0.1578125 0.2421875
5 0.740625 0.31015625 0.153125 0.1796875
5 0.7859375 0.31015625 0.1375 0.1796875
5 0.82421875 0.30234375 0.1265625 0.1953125
5 0.8296875 0.3203125 0.178125 0.159375
5 0.89140625 0.3125 0.1359375 0.175
5 0.90859375 0.315625 0.1828125 0.16875
5 0.94921875 0.315625 0.1015625 0.16875
9 0.2726950730924697 0.69921875 0.10718630698520074 0.1609375
9 0.3562479164766115 0.70625 0.10995678298109546 0.1
7 0.21117631099222134 0.66484375 0.1501555778660478 0.2953125
7 0.08729844945770701 0.60625 0.09013516237139489 0.184375
0 0.24369896126336785 0.44609375 0.06613406010845857 0.0875
0 0.12951828659533282 0.46640625 0.02996021077238851 0.046875
5 0.07578125 0.69609375 0.1515625 0.5578125
5 0.17109375 0.7 0.3421875 0.6
9 0.98515625 0.87890625 0.0296875 0.1203125
9 0.8765625 0.8421875 0.246875 0.2
7 0.5640336662802199 0.8 0.20356237899751584 0.34375
3 0.5718421419815272 0.66640625 0.04720225292686635 0.05625
0 0.5818216508603217 0.5625 0.11500789734428025 0.1625
5 0.59375 0.73515625 0.35 0.5296875