4 0.45078125 0.37734375 0.1171875 0.2421875
5 0.29609375 0.353125 0.4265625 0.29375
8 0.7546875 0.25 0.490625 0.5
2 0.8211552989901689 0.16971613323523177 0.022020445745273776 0.025254538669636162
3 0.8171081484244347 0.19398033656909544 0.01572499394987581 0.01736931333545435
4 0.815327479806524 0.2314985179026408 0.02844316256778683 0.055014764003817974
5 0.804317256933887 0.24412578723745887 0.06508062021691714 0.1757454346753633
5 0.21015625 0.75 0.4203125 0.5
4 0.15234375 0.9453125 0.2765625 0.109375
3 0.13997750098195869 0.8425831105983669 0.13355790944452864 0.12967041335136287
2 0.1546875 0.5625 0.16875 0.125
1 0.63046875 0.6703125 0.2421875 0.340625
4 0.7546875 0.8515625 0.490625 0.296875
5 0.7546875 0.75 0.490625 0.5