4 0.33359375 0.10234375 0.1421875 0.2046875
5 0.353125 0.23203125 0.265625 0.4640625
5 0.47421875 0.38203125 0.4890625 0.2953125
3 0.5864355289740748 0.386144637483527 0.03810905405833438 0.10490566861791084
2 0.66015625 0.35703125 0.1171875 0.2453125
4 0.98046875 0.271875 0.0390625 0.16875
4 0.8964584061248789 0.3149781646108901 0.1183601563212708 0.20224427693097136
4 0.73515625 0.31171875 0.0328125 0.3265625
0 0.79296875 0.515625 0.0484375 0.028125
5 0.900196484481906 0.2860946405085891 0.13293171642972937 0.28982609016268784
5 0.75859375 0.2390625 0.0796875 0.478125
1 0.98671875 0.17890625 0.0265625 0.0359375
1 0.8848982165279251 0.20788328209733278 0.040861349336070066 0.040861349336070066
2 0.8673880087805987 0.15231453814745696 0.04389544574527378 0.025254530054229285
2 0.9828125 0.11953125 0.034375 0.0265625
9 0.32401175526455733 0.6634509842855143 0.10206246974937905 0.08652837334017498
9 0.47795891188041556 0.6713776346548567 0.221121541958086 0.14034424063022613
7 0.61328125 0.60625 0.0734375 0.153125
7 0.428125 0.66171875 0.115625 0.2640625
5 0.4390625 0.76484375 0.159375 0.4703125
5 0.6265625 0.759375 0.1125 0.459375
8 0.859375 0.76484375 0.28125 0.4703125