9 0.13984375 0.159375 0.2796875 0.31875
8 0.5757156767111385 0.18649953962039492 0.04102497579950324 0.06898634933607006
6 0.3046875 0.31328125 0.00625 0.0109375
6 0.31875 0.3125 0.00625 0.0125
6 0.5198565621515621 0.25401429254726116 0.00634090359079611 0.015661361436318445
6 0.4957787127172962 0.2783739431129952 0.00634999394987581 0.017223861436318443
6 0.30055711630809234 0.29513523799794744 0.011082945745273864 0.025063632513557366
5 0.5622076886149951 0.2818938528521115 0.011101126463433175 0.028188632513557365
0 0.6275736133812261 0.23698080777076758 0.004705680718159222 0.0031522710772389217
5 0.6276190651766241 0.24479330777076758 0.009493174668035032 0.020367042154477842
6 0.5292951946651193 0.2648972503927835 0.007894313231716587 0.014107951795397967
6 0.4816298543060397 0.26361200634471177 0.004787493949875809 0.01721477107723892
7 0.5275099808676688 0.22662509075186305 0.006304542154477666 0.009411361436318443
5 0.5267514567653678 0.2305358859314029 0.009502265027114732 0.021929542154477667
7 0.9113309898446591 0.2634559075978169 0.009447722872636889 0.012554542154477844
5 0.9113809868195972 0.2720496575978169 0.014298849336070063 0.040706813231716585
7 0.8466372307694728 0.2896144074996211 0.007885222872636887 0.012545451795398144
5 0.8458877970262515 0.2950877026791609 0.011110216822512698 0.029751132513557366
8 0.5032048724564124 0.21192224131759713 0.023673849336070064 0.040761355386194256
9 0.5257020411725191 0.18444668111094273 0.026698855386194254 0.023592036104353654
9 0.5500207851223948 0.20149328054520863 0.029842036104353476 0.026735216822512696
7 0.7685531373853312 0.2971001754536019 0.004742042154477844 0.009402271077238922
5 0.7677809777444108 0.29866722063314183 0.007930674668035032 0.020357951795397965
1 0.13671875 0.70703125 0.2734375 0.3078125
2 0.1265625 0.4140625 0.253125 0.190625
4 0.13984375 0.88359375 0.2796875 0.2328125
5 0.13984375 0.659375 0.2796875 0.68125
6 0.81015625 0.80625 0.2828125 0.3875
6 0.60078125 0.66015625 0.3515625 0.6796875