4 0.33025638060950263 0.21653823126195784 0.2157362773710892 0.2805976613621805
2 0.5125 0.18828125 0.1125 0.3015625
3 0.4420654899347757 0.27460417524668584 0.06382723734881743 0.11478975334181776
5 0.284375 0.21953125 0.56875 0.4390625
5 0.284375 0.71953125 0.56875 0.5609375
0 0.17890625 0.578125 0.1859375 0.278125
4 0.40859375 0.82734375 0.3203125 0.3453125
1 0.3387228612746845 0.6762506806174567 0.24446126137808885 0.3324874253659984
8 0.953125 0.78203125 0.09375 0.3515625
8 0.83359375 0.71953125 0.3328125 0.5609375
9 0.8274591919557747 0.5951643126193658 0.025763616008908485 0.06591590133672706
9 0.859481351289002 0.5955728452816842 0.06032042934436319 0.08194089067472703
8 0.6601904232972744 0.5369625559755011 0.038136346674090583 0.05512385200509069
9 0.7130977946371833 0.4879159813017287 0.011101132001908987 0.014189769334818081
9 0.7049762119669106 0.514569387969456 0.017442038669636162 0.02207499466899989
9 0.7205466679662742 0.5190750746340015 0.019022720003181705 0.023655676002545433