4 0.3578125 0.34609375 0.14375 0.1265625
4 0.18203125 0.365625 0.1328125 0.0875
4 0.0515625 0.36953125 0.103125 0.0796875
2 0.14682680995386582 0.2247143579328667 0.08535679201145392 0.085356792011454
3 0.16138820194145725 0.31593879459741225 0.05844884667409058 0.055360209341181486
5 0.22265625 0.278125 0.3859375 0.2625
5 0.57109375 0.1609375 0.2828125 0.321875
0 0.340625 0.42421875 0.10625 0.0296875
0 0.22734375 0.4421875 0.0984375 0.065625
0 0.2903222712842295 0.5048552965865947 0.033212489337999786 0.03475680800445424
0 0.19579102128422948 0.5059552672660941 0.039535214672181594 0.04107953333863605
0 0.1440285266152296 0.5237427512730937 0.041134077339272324 0.0442227146721816
0 0.01484375 0.55078125 0.0296875 0.0421875
3 0.02233479260822997 0.5767143046228657 0.011137494668999891 0.01731476933481808
3 0.15306717194463895 0.552539913271821 0.018986357336090796 0.020530676002545434
3 0.35640180462286564 0.46502918057768594 0.053724984006999675 0.05218066534054522
3 0.24026772728359322 0.5101245992600488 0.04745680267345413 0.05054544000636341
5 0.021875 0.675 0.04375 0.23125
5 0.04375 0.69140625 0.0875 0.3234375
5 0.01796875 0.690625 0.0359375 0.28125
5 0.1611240252625942 0.6657120752705483 0.12106012404517977 0.33417610001590836
5 0.20414731926323046 0.6605245885980487 0.14624193738063412 0.3500920013526355
5 0.2918484086171387 0.5079621152530491 0.038063621339908774 0.04887385200509069
5 0.346875 0.7046875 0.165625 0.590625
5 0.27265625 0.7046875 0.3140625 0.590625
7 0.02890625 0.6359375 0.0578125 0.13125
7 0.15234900926959388 0.614258663271821 0.06864200668363551 0.12578179734245404
7 0.2624865305935943 0.6817177885900945 0.24188170138445209 0.3793260626989077
7 0.19108479260822991 0.5747507205999576 0.07291133601209036 0.08989884134309048
7 0.3609375 0.5984375 0.1375 0.359375
7 0.8109375 0.7046875 0.378125 0.590625
5 0.78125 0.7046875 0.4375 0.590625