4 0.12587461524694749 0.15546875 0.12302038524403187 0.196875
4 0.27998085314669907 0.12109375 0.1403169695529872 0.215625
4 0.54296875 0.096875 0.0921875 0.19375
3 0.11402003074160039 0.04453125 0.05499657220870695 0.053125
3 0.31171875 0.01015625 0.0390625 0.0203125
5 0.45703125 0.17734375 0.2640625 0.3546875
5 0.30234375 0.23203125 0.2359375 0.4640625
5 0.13515625 0.24296875 0.2703125 0.4859375
5 0.034375 0.31015625 0.06875 0.5390625
0 0.6538728711006799 0.25390625 0.0628454336450254 0.059375
3 0.6613717537124332 0.3078125 0.028306807181592397 0.03125
7 0.6982626996540988 0.4125 0.1324771984757483 0.2109375
7 0.61015625 0.409375 0.0421875 0.196875
5 0.625 0.39609375 0.071875 0.3671875
5 0.69609375 0.396875 0.1859375 0.365625
5 0.77578125 0.78984375 0.3734375 0.4203125