9 0.31780266188041556 0.4357598512492311 0.19964651775758924 0.21012152936027154
0 0.012956080596522267 0.4119614612905929 0.025263620413308895 0.045603401336727245
4 0.01640625 0.4421875 0.0328125 0.053125
5 0.02265625 0.4640625 0.0453125 0.1625
1 0.65859375 0.52421875 0.3578125 0.4078125
2 0.6375 0.16484375 0.315625 0.2609375
4 0.73984375 0.6671875 0.5203125 0.165625
5 0.73984375 0.3765625 0.5203125 0.746875
8 0.23984375 0.9109375 0.4796875 0.178125
1 0.69296875 0.875 0.4265625 0.25
4 0.73984375 0.8875 0.5203125 0.225
5 0.73984375 0.875 0.5203125 0.25