4 0.1453125 0.31328125 0.115625 0.0515625
4 0.3078125 0.30546875 0.13125 0.0671875
2 0.15821545833650158 0.17379813182618625 0.0801511083130606 0.08015110831306052
3 0.1553035608940255 0.2714407462875668 0.05498748184962743 0.05188066256778647
3 0.3647649193052819 0.25781510440423555 0.03935339149054773 0.05022725897699054
5 0.3203125 0.2609375 0.209375 0.15625
5 0.13515625 0.228125 0.2703125 0.221875
5 0.8921875 0.28828125 0.215625 0.1015625
8 0.15625 0.66953125 0.3125 0.6609375
2 0.19492109367872928 0.48196567671113844 0.01884999394987581 0.01729658430895533
3 0.19477110275391568 0.5077469267111384 0.01572499394987581 0.017278403590796288
7 0.17269611485416406 0.5419946616840239 0.022265885440423537 0.06731476502711473
5 0.18351544018612903 0.5623707941975812 0.09324198165323558 0.18178633118569748