3 0.2938847927436529 0.2125 0.09554884933607007 0.040625
2 0.33172113602959874 0.1546875 0.12529998184962743 0.0515625
4 0.28940130494209715 0.31171875 0.24496810811666875 0.209375
5 0.31484375 0.446875 0.6296875 0.665625
8 0.825 0.44453125 0.35 0.6703125
0 0.7784274435057787 0.36640625 0.01729658430895533 0.01875
3 0.7759518832991242 0.3890625 0.011028403590796288 0.015625
7 0.7695018953993726 0.4234375 0.033167024004105095 0.0609375
5 0.7702922357584523 0.421875 0.04763859016268786 0.13125
3 0.1361813770526083 0.8609375 0.023555674668035032 0.0203125
2 0.13641772638867833 0.8203125 0.0376727168225127 0.0296875
2 0.3140625 0.83125 0.209375 0.103125
5 0.4416955788480063 0.853125 0.06943177693097127 0.1171875
5 0.13359375 0.9 0.1515625 0.2
5 0.3234375 0.88984375 0.646875 0.2203125
4 0.1415410427436529 0.8796875 0.06753293364502548 0.059375
6 0.95390625 0.928125 0.0578125 0.14375