4 0.3502742734149299 0.3421875 0.212555583916172 0.278125
2 0.11015625 0.321875 0.2203125 0.3
3 0.23813334259857477 0.40390625 0.06160109621281222 0.1140625
5 0.29453125 0.30859375 0.5890625 0.3609375
8 0.390625 0.740625 0.396875 0.503125
8 0.1171875 0.66796875 0.234375 0.3578125
0 0.921875 0.86875 0.15625 0.103125
0 0.95546875 0.67421875 0.0890625 0.1109375
3 0.9704322373105765 0.703125 0.05021816861791066 0.0375
3 0.8943929538385016 0.92734375 0.03459316861791102 0.0375
4 0.9640625 0.80625 0.071875 0.228125
4 0.91015625 0.9625 0.1796875 0.075
5 0.93515625 0.8078125 0.1296875 0.384375
5 0.8453125 0.90546875 0.309375 0.1890625