6 0.27734375 0.24453125 0.4015625 0.4890625
3 0.46484375 0.4234375 0.1078125 0.13125
2 0.453125 0.1125 0.13125 0.19375
5 0.3078125 0.25625 0.421875 0.465625
3 0.81171875 0.01015625 0.0703125 0.0203125
4 0.8090734555078314 0.1390625 0.15916696350286302 0.2328125
5 0.76328125 0.24453125 0.2984375 0.4890625
8 0.259375 0.76484375 0.51875 0.4703125
8 0.19423477156821817 0.78671875 0.08814541549465282 0.1109375
8 0.21976603669352865 0.8296875 0.11522606596219091 0.2
8 0.2714239854638647 0.81328125 0.11849651170746504 0.225
8 0.31435637402754624 0.81953125 0.10902151775758924 0.2078125
8 0.45078125 0.821875 0.1359375 0.165625
8 0.4859375 0.81796875 0.065625 0.1515625
8 0.50703125 0.8109375 0.0234375 0.15625
0 0.9631574883907309 0.62890625 0.059929511903856536 0.0953125
3 0.9636478469001831 0.67890625 0.01749657220870695 0.053125
7 0.8877893288480063 0.6921875 0.09141586123992695 0.1359375
5 0.9168137535160416 0.671875 0.15106357201231546 0.1828125