6 0.39140625 0.2765625 0.2515625 0.484375
6 0.22578125 0.2421875 0.3109375 0.484375
8 0.9421875 0.26171875 0.115625 0.5140625
8 0.76328125 0.38984375 0.3953125 0.2578125
6 0.14296875 0.884375 0.2703125 0.23125
3 0.21554625389882281 0.9385399532543218 0.05859429734245403 0.06786020934118149
2 0.22139790658818548 0.7713069999204583 0.09627611067790873 0.08392156134627218
5 0.18046875 0.859375 0.3578125 0.28125
1 0.8609375 0.88203125 0.278125 0.2359375
2 0.8625 0.6203125 0.275 0.19375
5 0.7796875 0.759375 0.440625 0.48125