6 0.53125 0.453125 0.25625 0.53125
6 0.40234375 0.31953125 0.3703125 0.6390625
5 0.94765625 0.584375 0.1046875 0.26875
1 0.1875 0.728125 0.034375 0.01875
4 0.25390625 0.77578125 0.1203125 0.1140625
5 0.2109375 0.84765625 0.275 0.2578125
5 0.44765625 0.859375 0.4234375 0.28125
1 0.87578125 0.7265625 0.0703125 0.015625
1 0.8406148678792261 0.84375 0.07693520472226431 0.0640625
1 0.83671875 0.98828125 0.0671875 0.0234375
2 0.971875 0.978125 0.05625 0.04375
2 0.8448569402843248 0.9203125 0.08164997579950324 0.06875
2 0.8676682472695255 0.759375 0.09734769867214013 0.08125
4 0.70234375 0.80625 0.0859375 0.175
4 0.9198120093697739 0.79375 0.06803290339440445 0.1453125
4 0.965625 0.93984375 0.06875 0.1203125
5 0.728125 0.828125 0.1375 0.21875
5 0.79453125 0.9359375 0.2671875 0.128125
5 0.815625 0.859375 0.296875 0.28125
5 0.87265625 0.825 0.2359375 0.2125
5 0.890625 0.75234375 0.21875 0.0671875
5 0.95546875 0.875 0.0890625 0.25