8 0.3625 0.3109375 0.134375 0.265625
8 0.08125 0.29453125 0.1625 0.5890625
0 0.5140625 0.21171875 0.16875 0.1984375
2 0.70546875 0.42421875 0.0109375 0.0109375
2 0.75390625 0.40234375 0.0140625 0.0140625
2 0.76875 0.41328125 0.0109375 0.009375
4 0.7109375 0.4625 0.025 0.0375
4 0.75390625 0.43828125 0.01875 0.034375
4 0.77734375 0.44609375 0.025 0.0359375
5 0.7796875 0.46953125 0.0515625 0.13125
5 0.7546875 0.42890625 0.03125 0.065625
5 0.73046875 0.4453125 0.0390625 0.0765625
4 0.72890625 0.44609375 0.0265625 0.0421875
4 0.71328125 0.475 0.04375 0.115625
7 0.6203125 0.4671875 0.38125 0.24375
3 0.5265625 0.37734375 0.1109375 0.1046875
5 0.6234375 0.33828125 0.3875 0.5015625
2 0.1046875 0.890625 0.0140625 0.025
2 0.12109375 0.928125 0.0203125 0.0234375
3 0.1140625 0.89765625 0.0140625 0.021875
3 0.11796875 0.9390625 0.0078125 0.009375
4 0.1296875 0.96015625 0.0296875 0.0421875
4 0.13984375 0.896875 0.0515625 0.0671875
5 0.14375 0.92890625 0.096875 0.1421875
5 0.1296875 0.95703125 0.05625 0.0859375
4 0.6 0.66015625 0.1125 0.1421875
5 0.61875 0.79453125 0.196875 0.4109375