8 0.5578125 0.115625 0.1625 0.23125
8 0.2265625 0.3 0.453125 0.6
7 0.142800739258458 0.546081677103922 0.02231135200509069 0.037627265027114734
7 0.03774435331795525 0.10715955678880888 0.019222714672181597 0.04073408430895542
4 0.027359194621274785 0.3282078549934108 0.020767033338636054 0.03918067466803503
0 0.02697793395927457 0.293828309813871 0.014371582670272609 0.026644313231716586
5 0.03592731464831904 0.12902546642972929 0.03755563868554459 0.13927157825883124
5 0.02565124395291125 0.34069876463433124 0.0420795066836356 0.12523634933607006
5 0.13976664592618518 0.5382509963857627 0.031959072008272395 0.0611193071815924
4 0.31953125 0.8953125 0.6390625 0.209375
1 0.2828125 0.6734375 0.546875 0.146875
5 0.31953125 0.8 0.6390625 0.4
5 0.9403655352482767 0.8291315682016862 0.017605670671545327 0.03603749394987581
5 0.9265625 0.6171875 0.025 0.034375
4 0.9171875 0.6078125 0.009375 0.015625
4 0.9387303099140949 0.8353724778426066 0.011101132001909163 0.014126132513557366
2 0.9421007579169582 0.8142969085607659 0.009447725334181811 0.006304542154477488
8 0.71953125 0.615625 0.1546875 0.03125
8 0.9015625 0.65703125 0.196875 0.1140625
8 0.809375 0.871875 0.340625 0.25625
8 0.7375 0.725 0.196875 0.25