8 0.19296875 0.36875 0.1140625 0.1625
8 0.8109375 0.225 0.378125 0.45
8 0.52421875 0.26328125 0.5484375 0.3734375
5 0.33337245609700644 0.2953125 0.04729315651766246 0.071875
2 0.32723608558550166 0.27578125 0.028288626463433088 0.028125
4 0.1328125 0.88671875 0.234375 0.2265625
5 0.125 0.725 0.25 0.55
5 0.60859375 0.8078125 0.1671875 0.384375
5 0.74765625 0.85 0.1640625 0.3
5 0.7818609948336386 0.76640625 0.11590784289316244 0.3171875
4 0.7664950700674076 0.721875 0.052162463699254855 0.103125
4 0.7104445370863122 0.821875 0.056786331185697494 0.0921875
4 0.6292627147794093 0.81015625 0.08234993344863373 0.1890625
3 0.7675672115579555 0.671875 0.020421584308955333 0.01875
3 0.7303121303722581 0.7640625 0.009447722872636889 0.0125
3 0.5884155218628058 0.7140625 0.02050339754067192 0.0328125
0 0.7654552657144856 0.63203125 0.03461134933607006 0.040625
0 0.7187479164766115 0.7375 0.04722952400410509 0.0609375
0 0.5911137958669108 0.653125 0.06915906615858276 0.0703125