8 0.05625 0.11640625 0.1125 0.2296875
8 0.253125 0.31953125 0.29375 0.6390625
4 0.7 0.5578125 0.6 0.1625
1 0.7040305324901162 0.3446382507855669 0.5553339572563473 0.3829054871141846
2 0.6740288942210222 0.15652517242853983 0.41474427693097127 0.11959644515609869
5 0.7 0.34453125 0.6 0.5890625
5 0.175 0.88359375 0.190625 0.2328125
5 0.0671875 0.94375 0.134375 0.1125
5 0.025 0.90390625 0.05 0.1921875
4 0.0078125 0.92265625 0.015625 0.1046875
4 0.06796875 0.97890625 0.0609375 0.0421875
4 0.14375 0.9375 0.09375 0.125
3 0.035531038245652805 0.9558717083365016 0.011010222872636888 0.012563632513557365
3 0.16002197813719424 0.8676444796101321 0.022065897540671918 0.03293976502711473
0 0.03847877624360026 0.9253847776183424 0.050363614363184796 0.06279089149054755
0 0.1409310896717086 0.8091598139190875 0.07230224687674217 0.07385565651766238
1 0.5890625 0.9234375 0.128125 0.153125
3 0.5171875 0.675 0.08125 0.071875
4 0.56796875 0.83046875 0.3171875 0.3390625
5 0.59609375 0.81953125 0.3921875 0.3609375