8 0.27890625 0.28984375 0.5421875 0.5796875
7 0.31143448721238054 0.26494703138922465 0.023655668617910842 0.0377727200031817
7 0.08232370413308913 0.227127216024817 0.023692030054229284 0.044022720003181706
4 0.1743061501729506 0.058677755370771 0.023664758976990365 0.0393352200031817
0 0.17176241227319905 0.02427548337045282 0.015779536104353474 0.02674431333545444
0 0.07348905961747927 0.18562096869031705 0.014198855386194253 0.023601132001909164
5 0.17437887304558758 0.071177755370771 0.04761131908544902 0.12710794000636333
5 0.0840725564942213 0.25917664735836254 0.046294258780598695 0.16927725867281787
5 0.3074827854169825 0.2570890780553611 0.034738614363184615 0.06289998933799978
8 0.79174363504764 0.11011353337840699 0.21358175273047442 0.18841016136218053
8 0.9515625 0.225 0.096875 0.4125
7 0.7741475897699044 0.1739669480426344 0.011010222872637065 0.012627269334818081
5 0.7749106590517452 0.1708510387094071 0.012618174668035031 0.020457950668363624
8 0.7687879240788599 0.19265331337522537 0.09125223477649369 0.10886701734563572
8 0.140625 0.7578125 0.28125 0.35625
8 0.34140625 0.78984375 0.4171875 0.4203125
8 0.775 0.7921875 0.45 0.415625
5 0.79140625 0.6390625 0.0515625 0.11875