8 0.209375 0.1546875 0.41875 0.309375
7 0.79375 0.1546875 0.4125 0.309375
5 0.7921875 0.1546875 0.415625 0.309375
0 0.0859375 0.4296875 0.0171875 0.028125
7 0.05703125 0.4640625 0.0453125 0.0671875
5 0.06328125 0.496875 0.065625 0.1671875
5 0.009375 0.57578125 0.01875 0.2421875
7 0.4328125 0.778125 0.028125 0.303125
7 0.61640625 0.603125 0.0359375 0.0984375
7 0.57421875 0.634375 0.0625 0.1296875
7 0.65390625 0.63203125 0.053125 0.11875
7 0.69921875 0.6328125 0.0359375 0.096875
7 0.72578125 0.6828125 0.065625 0.1671875
7 0.775 0.60390625 0.040625 0.0921875
7 0.80234375 0.684375 0.0640625 0.1203125
7 0.83515625 0.640625 0.025 0.075
7 0.88359375 0.70078125 0.0921875 0.184375
7 0.93828125 0.640625 0.034375 0.1015625
7 0.965625 0.66953125 0.06875 0.1234375
0 0.97109375 0.5640625 0.03125 0.034375
0 0.953125 0.55546875 0.025 0.0296875
0 0.90078125 0.5625 0.0453125 0.0453125
0 0.83125 0.57734375 0.0171875 0.025
0 0.81015625 0.56796875 0.0328125 0.0375
0 0.80078125 0.54765625 0.01875 0.0140625
0 0.77578125 0.52734375 0.0234375 0.025
0 0.7421875 0.54296875 0.0421875 0.04375
0 0.71484375 0.55625 0.015625 0.0203125
0 0.65234375 0.53515625 0.0328125 0.0328125
0 0.59296875 0.52109375 0.015625 0.0171875
0 0.5828125 0.52734375 0.034375 0.0265625
0 0.434375 0.50546875 0.03125 0.1015625
3 0.421875 0.59765625 0.00625 0.0359375
3 0.5890625 0.56328125 0.0140625 0.0171875
3 0.6484375 0.5671875 0.015625 0.0125
3 0.71875 0.58125 0.0109375 0.0125
3 0.7453125 0.5859375 0.01875 0.0171875
3 0.778125 0.5578125 0.0140625 0.0140625
3 0.825 0.5875 0.00625 0.009375
3 0.81484375 0.60546875 0.0125 0.0125
3 0.90078125 0.61484375 0.015625 0.0234375
3 0.9734375 0.5984375 0.015625 0.015625
5 0.4671875 0.72578125 0.096875 0.5484375
5 0.60703125 0.6625 0.0609375 0.2984375
5 0.57578125 0.6890625 0.0859375 0.35625
5 0.65390625 0.6828125 0.096875 0.33125
5 0.70078125 0.65625 0.04375 0.2203125
5 0.734375 0.74140625 0.096875 0.44375
5 0.77265625 0.66171875 0.0515625 0.29375
5 0.80078125 0.55546875 0.01875 0.034375
5 0.83203125 0.66328125 0.03125 0.1984375
5 0.80625 0.69765625 0.0765625 0.2953125
5 0.915625 0.64453125 0.021875 0.0828125
5 0.88515625 0.75546875 0.1046875 0.4359375
5 0.94140625 0.68046875 0.0515625 0.28125
5 0.96484375 0.7203125 0.0703125 0.346875