4 0.1703125 0.14765625 0.234375 0.1640625
3 0.1796875 0.01640625 0.06875 0.0328125
5 0.259375 0.11484375 0.51875 0.2296875
8 0.8390625 0.16171875 0.184375 0.1359375
3 0.16867585723290598 0.8801848653451433 0.00634999394987581 0.017223861436318443
2 0.3700792759490127 0.8516684590238727 0.011019313231716588 0.014126132513557366
2 0.39742302594901274 0.8515093777399795 0.011010222872636888 0.012563632513557365
2 0.15368666148763205 0.8552712237563999 0.014171584308955331 0.01883181323171641
2 0.16704517953980885 0.868475205704223 0.011037493949875809 0.017251132513557366
3 0.3701519988216496 0.8641684590238727 0.007876132513557366 0.010982951795397966
3 0.39752301989888855 0.8686968777399795 0.0062954517953983215 0.007848861436318444
4 0.16038208908253343 0.9317973623200813 0.022338608313060605 0.07981476502711474
4 0.1501803872871353 0.9240439496540989 0.012927246876741983 0.0735102228726369
4 0.14463436923495854 0.9107945159108773 0.016097698672140125 0.08134090359079593
2 0.15768381507842832 0.8708734978587007 0.007903403590796287 0.015670451795398322
5 0.14375 0.921875 0.04375 0.15625
5 0.15078125 0.93125 0.0515625 0.1375
5 0.16953125 0.93046875 0.0515625 0.1390625
5 0.396875 0.9203125 0.034375 0.159375
5 0.37421875 0.92109375 0.0390625 0.1578125
7 0.7375 0.5375 0.4375 0.615625
5 0.73046875 0.61484375 0.4234375 0.7703125