4 0.09453125 0.59921875 0.1890625 0.1609375
3 0.10516161856659716 0.47277234114464656 0.07392837939029935 0.08480224687674198
2 0.1513513382177803 0.32172747073133756 0.09743860226293624 0.09743860226293641
5 0.225 0.3703125 0.45 0.61875
0 0.6953125 0.025 0.0875 0.05
0 0.5578125 0.0234375 0.090625 0.046875
2 0.8073751210024842 0.04124001913233126 0.08478406615858276 0.07080337939029935
3 0.97265625 0.065625 0.0546875 0.1
3 0.7966870849963265 0.1327053564663488 0.04725679508134384 0.06589771077238851
3 0.6743535427436529 0.07795019965409877 0.04555793969514958 0.042451120413308896
3 0.5329427475641131 0.07955412715080415 0.04872839149054773 0.050281801131468115
4 0.50859375 0.21015625 0.1171875 0.2671875
4 0.6509200670423455 0.2116757598607532 0.15929422852997774 0.2556056262670413
4 0.8042536244203295 0.3092178594914109 0.16908738504764004 0.3275351684215192
4 0.91875 0.34609375 0.1625 0.4953125
5 0.88515625 0.33984375 0.2296875 0.6796875
5 0.75078125 0.33984375 0.3328125 0.6796875
5 0.63125 0.33046875 0.3125 0.6609375
5 0.53046875 0.3390625 0.1609375 0.678125
2 0.221875 0.89921875 0.44375 0.2015625
5 0.225 0.87109375 0.45 0.2578125
8 0.86796875 0.73515625 0.2640625 0.1109375
8 0.71875 0.72578125 0.5375 0.0921875