6 0.2375 0.2796875 0.2625 0.559375
3 0.22578125 0.46796875 0.1171875 0.1515625
2 0.26328125 0.146875 0.2078125 0.1953125
5 0.184375 0.2890625 0.36875 0.540625
8 0.56796875 0.2703125 0.3984375 0.540625
5 0.0375 0.8234375 0.075 0.21875
5 0.17734375 0.8390625 0.1 0.2296875
4 0.01953125 0.77578125 0.0328125 0.05
4 0.1953125 0.79453125 0.0390625 0.0640625
0 0.028125 0.73046875 0.0234375 0.028125
3 0.02890625 0.75 0.00625 0.0078125
3 0.1921875 0.76171875 0.0046875 0.009375
0 0.2 0.7421875 0.0234375 0.025
8 0.75234375 0.825 0.4953125 0.35
8 0.46796875 0.57734375 0.1515625 0.0359375