6 0.175 0.2296875 0.35 0.459375
3 0.209375 0.38046875 0.125 0.1578125
2 0.1546875 0.08046875 0.215625 0.1609375
5 0.23046875 0.2296875 0.3984375 0.459375
8 0.659375 0.2296875 0.459375 0.459375
8 0.21484375 0.7296875 0.4296875 0.540625
0 0.2859375 0.6787639295398089 0.034375 0.03301248789975162
0 0.0140625 0.72421875 0.028125 0.0484375
3 0.0078125 0.76796875 0.015625 0.0234375
1 0.2890625 0.7100321102579681 0.0234375 0.022011355386194253
7 0.30703125 0.7749803993873836 0.0703125 0.11759656615858276
7 0.05078125 0.8211458304983263 0.0921875 0.1552238311856975
7 0.01015625 0.809375 0.0203125 0.121875
5 0.03046875 0.8484375 0.0609375 0.303125
5 0.06796875 0.84609375 0.1359375 0.3078125
5 0.30234375 0.8163593783101447 0.1421875 0.3242647226762451
3 0.77734375 0.50859375 0.1109375 0.0984375
3 0.53515625 0.628203309813871 0.203125 0.18711924668035032
4 0.5578125 0.84453125 0.25625 0.3109375
4 0.83828125 0.78359375 0.3171875 0.4328125
4 0.97109375 0.690625 0.0578125 0.378125
5 0.92578125 0.7296875 0.1484375 0.540625
5 0.8046875 0.7296875 0.390625 0.540625
5 0.60234375 0.7296875 0.3453125 0.540625