6 0.23984375 0.184375 0.4796875 0.36875
4 0.45390625 0.2671875 0.0515625 0.203125
3 0.403125 0.07846290592848729 0.1171875 0.14911927693097127
5 0.36015625 0.184375 0.2390625 0.36875
8 0.75546875 0.184375 0.4890625 0.36875
8 0.6078125 0.209375 0.25625 0.31875
7 0.62421875 0.32556009884509074 0.0296875 0.0392352168225127
5 0.62578125 0.3247879392041703 0.0359375 0.04864657825883114
8 0.23984375 0.8625 0.4796875 0.275
2 0.021875 0.8916158491396782 0.034375 0.029887487899751618
3 0.02578125 0.9174198250373774 0.01875 0.014171584308955331
4 0.021875 0.95625 0.04375 0.0875
5 0.05546875 0.93359375 0.1109375 0.1328125
5 0.68203125 0.65234375 0.4046875 0.5671875