3 0.10546875 0.32953050223949515 0.065625 0.07538179508134402
2 0.084375 0.18800153239192036 0.1421875 0.11488972267624523
5 0.08828125 0.315625 0.1765625 0.36875
9 0.2265625 0.2796875 0.453125 0.559375
6 0.4609375 0.46484375 0.028125 0.1890625
9 0.45234375 0.25078125 0.0546875 0.2265625
4 0.88359375 0.103125 0.2328125 0.20625
5 0.87578125 0.2796875 0.2484375 0.559375
5 0.2734375 0.6844038337197802 0.0109375 0.039126132513557364
8 0.3546875 0.67265625 0.109375 0.2265625
8 0.24921875 0.7796875 0.4609375 0.440625
9 0.81640625 0.8078923724564124 0.0328125 0.028315897540672007
9 0.85859375 0.804231562151562 0.028125 0.025163626463433175
9 0.8875 0.7958059837945349 0.0328125 0.025190897540672098
8 0.9765625 0.8299178842620731 0.0328125 0.03925339754067174
0 0.91328125 0.8115809747193486 0.01875 0.037609084308955334
0 0.89765625 0.8943025711285525 0.0203125 0.03761817466803521
4 0.89765625 0.8513338211285525 0.0265625 0.0642170361043533
4 0.8921875 0.9583332548717738 0.025 0.07827044574527378
5 0.896875 0.8669542759490128 0.046875 0.1440227107723885
5 0.8859375 0.9375 0.059375 0.125
3 0.896875 0.9200792759490127 0.009375 0.009429542154477843