6 0.8078125 0.0734375 0.103125 0.146875
5 0.05390625 0.1015625 0.1078125 0.203125
5 0.2453125 0.0546875 0.44375 0.109375
9 0.415625 0.21484375 0.83125 0.4296875
6 0.7375 0.021875 0.06875 0.04375
9 0.88125 0.0421875 0.04375 0.06875
2 0.91015625 0.013954835585501613 0.0109375 0.012563632513557365
5 0.9125 0.029566200046882152 0.028125 0.047038626463433174
6 0.93671875 0.030206549481148138 0.0203125 0.037618174668035034
6 0.8640625 0.04453125 0.009375 0.0359375
8 0.946875 0.0484375 0.10625 0.096875
2 0.39921875 0.559375 0.3140625 0.259375
5 0.49765625 0.71484375 0.7109375 0.5703125
4 0.52265625 0.81640625 0.4640625 0.3671875
1 0.484375 0.7549217658126816 0.2 0.17772606596219118