5 0.44609375 0.16953125 0.1859375 0.3390625
3 0.4239142229708328 0.03671875 0.02981476502711473 0.021875
2 0.4265625 0.00625 0.04375 0.0125
3 0.7581750726014904 0.04375 0.08325792759490121 0.0765625
4 0.6328125 0.0625 0.1875 0.125
5 0.76640625 0.2296875 0.4546875 0.459375
7 0.4086694554096354 0.81171875 0.034765885440423715 0.0671875
0 0.39652852459328025 0.75 0.02208407825883114 0.0359375
5 0.4310984464326449 0.85078125 0.09837490924813679 0.2578125
8 0.26953125 0.7296875 0.5390625 0.540625
8 0.77265625 0.7296875 0.4546875 0.540625