5 0.3982620406190477 0.30546875 0.04462270401018138 0.075
5 0.503104081954184 0.2921875 0.04772952267663584 0.0734375
3 0.5094995326225475 0.2796875 0.015824994668999892 0.0171875
3 0.3999427192870931 0.2953125 0.02209317600254539 0.01875
2 0.3900228266231838 0.275 0.023619313335454438 0.015625
2 0.505775095958002 0.2640625 0.02207499466899989 0.0171875
4 0.5083910186187295 0.3078125 0.030087489337999783 0.034375
4 0.40042397728359325 0.32109375 0.03323067067154528 0.0359375
2 0.9400228266231838 0.275 0.014335220003181704 0.0234375
2 0.9364523839513204 0.31328125 0.01900453866963616 0.021875
3 0.9336728292886839 0.28359375 0.01429885733609062 0.0203125
3 0.9425932959500478 0.32265625 0.00792158800127254 0.009375
4 0.9384325072804115 0.34453125 0.028597714672181595 0.040625
4 0.9101535132877293 0.290625 0.0491829346753633 0.0640625
5 0.9212813699475024 0.34140625 0.0911169906906352 0.1765625
5 0.9429109219446389 0.3625 0.05299882535009033 0.1234375
8 0.24375 0.66015625 0.2125 0.2609375
8 0.4796875 0.6640625 0.259375 0.26875
6 0.990625 0.6375 0.01875 0.0625
6 0.856345618594867 0.71640625 0.052780649347544895 0.1046875
6 0.8382955999363666 0.65625 0.028834072008272215 0.0609375
6 0.732717761935094 0.665625 0.0335579346753633 0.0640625
6 0.6513404926002758 0.6765625 0.03194089067472703 0.059375
4 0.8075995832670486 0.67578125 0.03969884667409067 0.0546875
2 0.7971802512730937 0.63125 0.019022720003181705 0.0234375
5 0.8021308332670486 0.67578125 0.07803518801718105 0.1265625
6 0.409375 0.9046875 0.1 0.190625
6 0.375 0.8953125 0.05 0.178125
9 0.3734375 0.66875 0.046875 0.05625
9 0.3889677619350939 0.665625 0.07585452267663584 0.0734375