6 0.3484375 0.5421875 0.240625 0.175
2 0.4546875 0.4796875 0.028125 0.09375
5 0.34375 0.515625 0.25 0.228125
5 0.98828125 0.5625 0.0234375 0.090625
8 0.8915655032622759 0.40601118900777866 0.21473739871099795 0.3277896984757483
8 0.7828125 0.31484375 0.434375 0.6296875
9 0.7793671372931382 0.1779992976154267 0.024146572008272395 0.061073855386194253
9 0.80814611795832 0.18910496925839965 0.057140885343726924 0.07688975292686626
8 0.6500983553071376 0.07411525263227862 0.03497498400699968 0.051762487899751616
9 0.7121352786441829 0.04713057181592355 0.011082950668363623 0.012563632513557322
9 0.6970551713080921 0.06735671340466717 0.015861357336090797 0.020403403590796197
9 0.7094460833068194 0.07680443627730411 0.017442038669636162 0.021974993949875808
1 0.159375 0.796875 0.31875 0.334375
4 0.234375 0.91015625 0.46875 0.1796875
5 0.234375 0.81484375 0.46875 0.3703125
1 0.71484375 0.92421875 0.4921875 0.1515625
0 0.7081739373010925 0.8423713907049809 0.4409169960216353 0.16192939090137265
5 0.734375 0.84921875 0.53125 0.3015625