6 0.334375 0.253125 0.334375 0.39375
4 0.42109375 0.39609375 0.1328125 0.1078125
3 0.4108258894414041 0.26170265280522925 0.07123974801081764 0.08009656615858277
2 0.4384588987507689 0.08531286962774196 0.11211928668045382 0.10220791549465283
5 0.37578125 0.22578125 0.4328125 0.4484375
8 0.834375 0.225 0.33125 0.45
8 0.34296875 0.725 0.6515625 0.55
2 0.6244867580760419 0.9859628303019348 0.029942038669636163 0.0220477168225127
3 0.62109375 0.99765625 0.0234375 0.0046875
8 0.834375 0.725 0.33125 0.55
5 0.9671875 0.78984375 0.065625 0.4203125