6 0.1890625 0.2375 0.284375 0.184375
3 0.26171875 0.309375 0.0609375 0.040625
2 0.275 0.15754470607890542 0.096875 0.08706474267981754
5 0.2265625 0.2125 0.371875 0.234375
8 0.709375 0.16484375 0.58125 0.3296875
8 0.209375 0.8828125 0.41875 0.234375
2 0.334375 0.906565650779722 0.0328125 0.026944308004454243
3 0.33203125 0.9315383787794038 0.0171875 0.014262494668999893
4 0.34375 0.96328125 0.046875 0.0734375
5 0.3140625 0.94296875 0.115625 0.1140625
1 0.771875 0.51640625 0.45625 0.3015625
4 0.709375 0.80625 0.58125 0.3875
5 0.709375 0.66484375 0.58125 0.6703125