6 0.31875 0.2 0.490625 0.4
8 0.31484375 0.70234375 0.6296875 0.5953125
8 0.12265625 0.83515625 0.2453125 0.3296875
2 0.46796875 0.7495314499125041 0.0125 0.014207950668363622
3 0.46171875 0.7667916752466858 0.00625 0.011010225334181811
4 0.46171875 0.7878854252466858 0.0203125 0.040861357336090795
5 0.453125 0.7879854225811858 0.0484375 0.10056362133990868
1 0.8921875 0.67421875 0.215625 0.2359375
2 0.91015625 0.4859375 0.1796875 0.171875
4 0.81875 0.79140625 0.3625 0.2265625
5 0.81484375 0.66171875 0.3703125 0.5234375