5 0.10234375 0.2296875 0.2046875 0.459375
8 0.5413032735131258 0.20177910597536944 0.1748828670936593 0.2494465298578376
8 0.92421875 0.34375 0.1515625 0.23125
8 0.5359375 0.384375 0.14375 0.15
5 0.2722765384420446 0.5694433289462022 0.08403969847574846 0.21141928903121981
4 0.26107087284919583 0.5234132114597596 0.028397710772388507 0.047038626463433174
0 0.2654992976154267 0.4788546903825207 0.020457945745273775 0.02511817466803503
3 0.2687333819243822 0.49758650966436146 0.006295451795397966 0.007848861436318444
2 0.55703125 0.5921875 0.2578125 0.265625
5 0.60625 0.7296875 0.534375 0.540625
4 0.5640625 0.86328125 0.3875 0.2734375
1 0.5697378666026799 0.8184348199692119 0.17899767447164336 0.15103630093507653