6 0.08125 0.18359375 0.1625 0.3671875
3 0.21223495969223402 0.33006657129218375 0.08488406010845857 0.08848179201145392
2 0.24957535752749357 0.1679023786203203 0.10994769262201594 0.09971019334818117
4 0.17578125 0.46171875 0.2109375 0.1765625
5 0.184375 0.30546875 0.36875 0.4890625
5 0.67265625 0.275 0.3859375 0.55
8 0.23984375 0.775 0.4796875 0.45
1 0.8033508390825335 0.9103678578930958 0.05814884328594587 0.05848520934118149
1 0.8484375 0.978125 0.09375 0.04375
3 0.9409770623479539 0.6618747192075511 0.0753636143631848 0.06337270401018139
1 0.7408725232185382 0.6462331799013682 0.07079428903121965 0.08363066000954493
2 0.94140625 0.58359375 0.1171875 0.0671875
2 0.8774468692349586 0.8884104945496872 0.09884656615858275 0.07145792401336308
2 0.8387338271786767 0.8146371872215505 0.06129202400410492 0.06164657200827221
2 0.92421875 0.965625 0.0546875 0.06875
2 0.73046875 0.5640625 0.1109375 0.028125
4 0.65234375 0.83046875 0.2046875 0.3390625
4 0.89375 0.79765625 0.2125 0.2859375
4 0.76640625 0.96484375 0.1046875 0.0703125
2 0.53671875 0.97265625 0.0921875 0.0546875
5 0.9609375 0.63359375 0.078125 0.1671875
5 0.85078125 0.775 0.2984375 0.45
5 0.7625 0.8796875 0.24375 0.240625
5 0.78984375 0.9109375 0.2890625 0.178125
5 0.878125 0.95703125 0.146875 0.0859375
5 0.78359375 0.6390625 0.3109375 0.178125
5 0.67890625 0.775 0.3578125 0.45
5 0.56640625 0.9625 0.1734375 0.075
5 0.56171875 0.72265625 0.1640625 0.3453125
5 0.5875 0.6484375 0.215625 0.196875