6 0.3046875 0.0421875 0.20625 0.084375
4 0.5171875 0.36796875 0.065625 0.1828125
2 0.528125 0.06328125 0.04375 0.1109375
5 0.39296875 0.2296875 0.3140625 0.459375
8 0.834375 0.11796875 0.33125 0.2359375
8 0.275 0.7296875 0.55 0.540625
8 0.13203125 0.72734375 0.2640625 0.5359375
4 0.33515625 0.50859375 0.0890625 0.0984375
3 0.32421875 0.4625 0.0234375 0.00625
5 0.33359375 0.56328125 0.1453125 0.2078125
8 0.9140625 0.58046875 0.171875 0.1859375
5 0.5690910665977305 0.8063558039465478 0.016097714672181594 0.04080681333545435
8 0.6476069652689576 0.7718529872692758 0.14208060136854375 0.2609931386855447
8 0.74296875 0.7296875 0.3859375 0.540625