6 0.42890625 0.14453125 0.3609375 0.2890625
0 0.9390625 0.2296875 0.121875 0.184375
7 0.71953125 0.29453125 0.2203125 0.4296875
3 0.6977370214700223 0.04385109201940818 0.08325792759490121 0.07752611067790856
3 0.9603899949318343 0.42349532805536116 0.07859769867214013 0.0821590666772721
5 0.88359375 0.32265625 0.2328125 0.3734375
5 0.73984375 0.2546875 0.2609375 0.509375
5 0.2 0.85546875 0.209375 0.2890625
5 0.37578125 0.8484375 0.2359375 0.303125
5 0.53671875 0.81640625 0.1453125 0.3671875
3 0.5084109010567135 0.7872236627545869 0.033176114363184794 0.06288180800445424
3 0.3628120547457055 0.8347515487348606 0.051844301131468026 0.04903748400699968
3 0.19643762100248408 0.8273464867122706 0.05184430113146821 0.04903748400699968
3 0.03013591013189969 0.8074414246896808 0.0440136204133089 0.04582157733927241
2 0.01953125 0.71484375 0.0390625 0.0796875
2 0.19146884075186307 0.7413453520448615 0.06121930113146812 0.049146572008272396
2 0.3571302021881815 0.7370225734006788 0.07692611436318479 0.06339088534372675
2 0.537944385833207 0.6797475174251776 0.08641019867214013 0.08224997334499946
4 0.5546875 0.90234375 0.109375 0.1953125
4 0.36796875 0.92578125 0.1671875 0.1484375
4 0.19765625 0.925 0.1328125 0.15
4 0.03359375 0.9140625 0.0671875 0.171875