6 0.16171875 0.1140625 0.3234375 0.228125
1 0.5265625 0.15390625 0.334375 0.3078125
4 0.671875 0.2171875 0.625 0.184375
5 0.6796875 0.1546875 0.640625 0.309375
1 0.1796875 0.6828125 0.359375 0.271875
0 0.184375 0.4359375 0.35 0.228125
4 0.1796875 0.84375 0.359375 0.3125
5 0.1796875 0.6546875 0.359375 0.690625
8 0.79921875 0.925 0.2265625 0.15
9 0.8354540526336833 0.4930258165579596 0.18032603604390696 0.32549199069063517
0 0.6351166032781844 0.658616095918231 0.01894999466899989 0.017405676002545434
5 0.6256592399347758 0.732934843252731 0.06448176535645338 0.17103975334181776