3 0.5046555160725421 0.20328534794718428 0.11533519334818117 0.11070223734881743
3 0.7107418840706331 0.1868229119191856 0.14075336401972632 0.14693063868554468
2 0.7088061193904973 0.08761325258595827 0.1163704346753633 0.06540791868236298
2 0.5438623720559974 0.0809376332750027 0.127580654678545 0.08897268801718106
4 0.6625 0.2875 0.39375 0.184375
4 0.44296875 0.29296875 0.2484375 0.1734375
5 0.4703125 0.18984375 0.303125 0.3796875
5 0.65703125 0.18984375 0.6765625 0.3796875
8 0.15014073874122386 0.5803189205920034 0.23753855203690738 0.2746022000318167
8 0.1953125 0.77265625 0.246875 0.4296875
8 0.02265625 0.4484375 0.0453125 0.1375
6 0.43669476205440655 0.46668587130013783 0.044586341343090474 0.07238407733927232
6 0.7094601000556793 0.4728882285964578 0.02723520934118149 0.058121582670272606
6 0.844789072724361 0.4861592932447768 0.023982940006363408 0.0471477200031817
6 0.9665464413987698 0.5417814898950049 0.022384077339272324 0.04400453866963616
6 0.98984375 0.8078125 0.0203125 0.140625
9 0.60078125 0.7390625 0.5640625 0.521875