0 0.948752159149941 0.30327756612026724 0.08798178903121964 0.08383065467854482
2 0.7527503545024314 0.5853526274267684 0.13484769867214014 0.08281359468490823
2 0.65703125 0.50859375 0.0953125 0.1015625
2 0.69782494252382 0.14099355275299602 0.04234203610435365 0.027053396005727003
3 0.9615885024358869 0.36123551678863075 0.04396816861791066 0.0380090773392725
3 0.7042340238077134 0.1684100280871778 0.02511817466803503 0.020603401336727112
3 0.6490395472226432 0.6177373187459964 0.0768352107723885 0.04776588534372674
4 0.8713998396717086 0.43518099944299493 0.16812380698520074 0.16288290268936265
4 0.81796875 0.64375 0.3640625 0.090625
4 0.659375 0.6265625 0.1 0.125
4 0.699819234580102 0.21523048408654147 0.08482951795398072 0.07910679201145401
5 0.7141908067888089 0.26851911608845047 0.14236125858420703 0.30007382001909005
5 0.8859375 0.45703125 0.228125 0.4015625
5 0.8046875 0.6015625 0.390625 0.175
5 0.69375 0.5609375 0.16875 0.25625
5 0.634375 0.3015625 0.05 0.4875
8 0.3046875 0.84453125 0.609375 0.3109375
4 0.8999293606507516 0.9803805800445435 0.020521578258831143 0.03617385733609098
2 0.8966452793668583 0.9530004673774524 0.0063045421544778435 0.009447725334181811
5 0.91171875 0.971875 0.0359375 0.05625
8 0.8375 0.84453125 0.325 0.3109375