3 0.07669612328932018 0.26925191052468317 0.02205681333545435 0.015752265027114642
2 0.07376202729154739 0.2528638412428424 0.03144999466899989 0.017369307181592398
4 0.0778586339513204 0.30361782016560357 0.05837612133990877 0.048773843285945875
5 0.08741489994432072 0.35512123283158603 0.12296697469763487 0.2288249576491305
6 0.7634603266231839 0.3020320733870574 0.017660214672181596 0.04072499394987581
6 0.8286484272756389 0.40633323312617364 0.03528406667727211 0.07832498789975162
6 0.5611529392902748 0.3000842748878679 0.017642033338636055 0.03916249394987581
6 0.4533671639481387 0.3655507144848217 0.0273079346753633 0.06421703610435348
6 0.75522111262732 0.2716133203619953 0.011210220003181703 0.023501132513557364
6 0.44855348929822886 0.24214957592114014 0.006559082670272431 0.026598861436318445
6 0.5142875772995016 0.23239278083979623 0.0064681760025454334 0.018786361436318445
6 0.5502887119669106 0.226714952580965 0.004832950668363622 0.012527271077238921
6 0.6075921346276382 0.27012860929501914 0.011301126670908879 0.031313632513557364
6 0.6187569012969563 0.25053372678146185 0.0064863573360907974 0.020348861436318443
6 0.6016693986314562 0.24203997073133765 0.0065045386696361614 0.021911361436318444
6 0.6335461072963199 0.2551348683702055 0.008085220003181704 0.023482951795398145
6 0.6884517832988652 0.23606670580241884 0.004905676002545434 0.01877727107723883
6 0.6946563299650016 0.23993659436610035 0.004905676002545434 0.01877727107723883
6 0.7289495139640472 0.24676785646634877 0.0064499946689998925 0.017223861436318443
6 0.9406591732972744 0.24631736281106056 0.009647720003181703 0.023492042154477664
6 0.918856898631456 0.2401946278381752 0.004869313335454706 0.015652271077238922
6 0.8728267832988653 0.23499404343102395 0.004887494668999892 0.017214771077238834
6 0.875888148631456 0.2404446127128647 0.0064318133354547054 0.015661361436318445
6 0.8445836046308198 0.24531391989445703 0.006486357336090975 0.020348861436318443
6 0.7915040579646835 0.24171674210316407 0.006431813335454351 0.015661361436318445
8 0.21953125 0.825 0.4390625 0.35
5 0.39296875 0.7046875 0.0546875 0.109375