7 0.81484375 0.18984375 0.3703125 0.3796875
5 0.771875 0.18984375 0.45625 0.3796875
0 0.5671021833504379 0.5129742613146815 0.19645788524403188 0.19801129488495234
2 0.7210322010098311 0.7865168213249442 0.011001132513557365 0.011001132513557365
2 0.7764509540348933 0.7782457790722707 0.014144313231716587 0.014144313231716587
2 0.7882560624461497 0.7931577067653677 0.011001132513557365 0.011001132513557365
4 0.7165810503459011 0.8271145502477054 0.02366475897699054 0.039198855386194255
4 0.7672850322937246 0.814128736917793 0.015834078258831142 0.03602840359079629
4 0.787679345525441 0.8283094115858279 0.023655668617910842 0.037636355386194253
5 0.7846997912707149 0.8532912308676688 0.04298745159900648 0.13774543969514957
5 0.7703554901392468 0.8047719176359521 0.02852497579950324 0.06891362646343317
5 0.740731622652804 0.8155367008134394 0.034838608313060605 0.07988748789975161
4 0.7391645774732643 0.8147463604543598 0.025254530054229285 0.04389544574527378
4 0.7150912732185383 0.8396054598886258 0.036637457649130664 0.12052157825883114
7 0.565625 0.8390625 0.3625 0.321875
3 0.5517231439264346 0.6894413125443455 0.10997496369925486 0.1037613251355733
5 0.57890625 0.69140625 0.3984375 0.6171875