3 0.804220909149941 0.26171875 0.21802381303532492 0.14375
4 0.78671875 0.328125 0.4265625 0.26875
2 0.86171875 0.04453125 0.2765625 0.0890625
5 0.709375 0.24765625 0.58125 0.4953125
2 0.859375 0.4625 0.259375 0.075
5 0.709375 0.44375 0.58125 0.1125
9 0.490625 0.95078125 0.14375 0.0984375
0 0.6313873971478885 0.78125 0.07408291549465282 0.1109375
3 0.6566282916634985 0.82265625 0.030078385440423537 0.0671875
0 0.7089902223816577 0.82578125 0.03625566256778665 0.0546875
7 0.6859375 0.93125 0.08125 0.1375
7 0.62734375 0.92734375 0.1546875 0.1453125
5 0.621875 0.81328125 0.2375 0.3734375
5 0.6734375 0.86328125 0.165625 0.2734375