4 0.5810092639242763 0.17151575206872413 0.014317038669636161 0.022038632001908986
4 0.47489562392586704 0.15856067138763388 0.009538632001908987 0.014171588001272717
4 0.41171875 0.16484375 0.0234375 0.0578125
4 0.6340797199236399 0.17682141740926927 0.017460220003181703 0.023637494668999892
2 0.582744486592958 0.1566901834022696 0.0047784066677271754 0.007867044000636269
2 0.476558121260367 0.14998510272117932 0.0047602253341818114 0.006304544000636269
2 0.4150302752625942 0.13286069004613427 0.017405676002545434 0.01894999466899989
2 0.6365780112587762 0.1635674394095874 0.00792158800127254 0.009465906667727175
5 0.6347973352562308 0.18229925807604194 0.024019302673454136 0.050272720003181705
5 0.5810092639242762 0.17151575206872405 0.019222714672181597 0.04084317600254543
5 0.4740871019255489 0.1608953307208612 0.012845445337363514 0.029832950668363622
5 0.41640625 0.16484375 0.0328125 0.0859375
6 0.11046095393063955 0.7305340266947715 0.06886018268618095 0.14453179734245403
6 0.32890625 0.5359375 0.0328125 0.034375
9 0.22890625 0.8234375 0.3421875 0.353125
9 0.7 0.759375 0.6 0.48125