3 0.81015625 0.01640625 0.0484375 0.0328125
4 0.7078125 0.2046875 0.275 0.409375
5 0.71796875 0.2046875 0.5359375 0.409375
8 0.29375 0.68828125 0.3125 0.4984375
8 0.18515625 0.7609375 0.3703125 0.478125
5 0.5893245577707675 0.48125 0.048992011903856714 0.0953125
4 0.5872171571068376 0.440625 0.012572722872636888 0.0125
3 0.5871580697728201 0.45078125 0.006304542154477666 0.009375
4 0.5815984161820239 0.46640625 0.014207945745273776 0.025
8 0.8890625 0.47109375 0.1625 0.1234375
8 0.84765625 0.77109375 0.3046875 0.3203125
8 0.725 0.57578125 0.55 0.3328125