8 0.734375 0.209375 0.53125 0.41875
5 0.8418993353755436 0.140625 0.02541817067154497 0.0359375
2 0.6626225574076784 0.57578125 0.012627269334818081 0.0109375
2 0.6062998320734966 0.56953125 0.014226132001908986 0.0140625
2 0.5955441454089511 0.58515625 0.011064769334818082 0.0109375
4 0.6701174314130872 0.615625 0.025454533338636055 0.0390625
4 0.6184367527450418 0.60546875 0.01760567067154515 0.0359375
4 0.5983060660804963 0.62109375 0.02699885200509069 0.0375
5 0.6040566267504508 0.6453125 0.05161813868554468 0.1390625
5 0.6144214147437692 0.59609375 0.03206816000954511 0.0703125
5 0.6449901620782692 0.6046875 0.04000792934436319 0.08125
4 0.6473339120782692 0.6046875 0.0286340773392725 0.04375
4 0.6718344727482235 0.62890625 0.04204314401654461 0.121875
7 0.815625 0.72734375 0.36875 0.5453125
3 0.825 0.47109375 0.115625 0.1046875
5 0.790625 0.709375 0.41875 0.58125