8 0.659375 0.125 0.24375 0.25
0 0.03984375 0.43515625 0.0796875 0.2796875
7 0.3203125 0.59609375 0.378125 0.3890625
3 0.07168253981678667 0.4953125 0.10714085518980258 0.153125
7 0.30234375 0.9640625 0.3890625 0.071875
5 0.2546875 0.53671875 0.509375 0.5140625
5 0.3 0.92890625 0.41875 0.1421875
0 0.828125 0.33046875 0.146875 0.1015625
2 0.9625 0.29921875 0.075 0.0390625
3 0.9591103378249969 0.3953125 0.03938066256778683 0.0546875
3 0.5326796480316512 0.37265625 0.02372839149054773 0.05
4 0.55703125 0.69609375 0.0953125 0.6078125
4 0.840625 0.75859375 0.240625 0.4828125
4 0.9545450367917245 0.50859375 0.02718973477649378 0.1078125
5 0.9703125 0.45 0.059375 0.253125
5 0.95859375 0.63984375 0.0828125 0.7203125
0 0.8265625 0.63984375 0.346875 0.7203125
0 0.59453125 0.63984375 0.1703125 0.7203125
9 0.7546875 0.63984375 0.490625 0.7203125