8 0.80078125 0.17890625 0.3984375 0.3578125
8 0.76484375 0.2046875 0.4703125 0.409375
8 0.26484375 0.6203125 0.5296875 0.421875
6 0.8019185866466465 0.8296875 0.056795421544777014 0.09375
6 0.990625 0.8515625 0.01875 0.084375
6 0.9686333879745064 0.7484375 0.020539758976990542 0.0390625
6 0.8293799904338343 0.715625 0.018968168617910664 0.0375
6 0.7190555687908614 0.68671875 0.01894089754067192 0.0328125
6 0.6173794393023663 0.6671875 0.01737839754067192 0.0328125
6 0.5508686501729506 0.64921875 0.015806807181592396 0.03125
6 0.541439108018473 0.63984375 0.01581589754067192 0.0328125
6 0.8566873789975158 0.709375 0.015815897540672096 0.0328125
6 0.7526493187908614 0.68671875 0.01581589754067192 0.0328125
6 0.6713084152000652 0.67109375 0.01581589754067192 0.0328125
9 0.76484375 0.88984375 0.4703125 0.2203125