7 0.57578125 0.109375 0.1890625 0.21875
5 0.5640625 0.16484375 0.21875 0.3296875
5 0.0859375 0.618508716581822 0.0359375 0.11291817067154533
4 0.090625 0.6059541725811858 0.0203125 0.0455488573360908
0 0.0984375 0.5707070159134585 0.009375 0.009484088001272716
7 0.55703125 0.5305461872613215 0.115625 0.254470418682363
7 0.34609375 0.58515625 0.0734375 0.2484375
3 0.40078125 0.511270570615866 0.025 0.06435340133672707
3 0.60625 0.41200472525463994 0.03125 0.04567612667090888
0 0.60625 0.3515625 0.071875 0.04375
0 0.41328125 0.4564376199475024 0.059375 0.10069089067472685
5 0.37578125 0.68125 0.1328125 0.565625
5 0.54453125 0.65078125 0.2234375 0.6421875