9 0.72265625 0.2046875 0.4078125 0.409375
0 0.13523962587425792 0.7330284866327288 0.2058601563212706 0.20394425469445315
0 0.48515625 0.9046875 0.0671875 0.190625
0 0.1765625 0.9765625 0.153125 0.046875
5 0.0421875 0.4859375 0.084375 0.125
4 0.4484375 0.559375 0.140625 0.165625
5 0.43515625 0.44453125 0.1671875 0.0703125
5 0.428125 0.575 0.18125 0.225
0 0.1777594448615111 0.9239529312937746 0.16170109016268785 0.13312267735518085
4 0.18587140583029135 0.8410404339592746 0.10854881908544903 0.12781701201463563
4 0.309375 0.9046875 0.1875 0.190625
2 0.3167668818261863 0.7785757019414572 0.10684996369925485 0.10436133068109026
3 0.38668447208707 0.844172882598685 0.042460210772388506 0.04736589600572714
5 0.22265625 0.97578125 0.3203125 0.0484375
5 0.1497384631100796 0.8078648546308198 0.24846581283893307 0.2763101507001803
5 0.33125 0.84921875 0.34375 0.3015625
5 0.48671875 0.90234375 0.0640625 0.1953125
5 0.98046875 0.81875 0.0390625 0.096875
4 0.99375 0.778125 0.0125 0.0125
3 0.9937197463857628 0.7890099312142327 0.0063136325135573655 0.011010225334181811
4 0.99375 0.80546875 0.0125 0.0265625
9 0.9727027435570925 0.6681525385503235 0.02043067466803521 0.020548857336090798
8 0.6886413609453392 0.7253677912555945 0.15701359016268804 0.13306813335454457
8 0.56875 0.690625 0.1 0.328125
8 0.6578125 0.9375 0.278125 0.125
8 0.778125 0.74765625 0.44375 0.5046875
9 0.8265589965821544 0.6612587432368227 0.032976126463433175 0.028506808004454244
9 0.8360339905320302 0.6783371552355499 0.02668067466803521 0.020621582670272608
9 0.8469896712501894 0.6813348859007318 0.02977840359079629 0.015970445337363515
9 0.86260103571157 0.6788093225652774 0.02666249394987581 0.01749658267027261
9 0.8720169423274283 0.6857314845640048 0.023501132513557364 0.011210220003181703