6 0.15339108206946026 0.18828125 0.061719270880847076 0.134375
6 0.0078125 0.02734375 0.015625 0.0515625
6 0.3203125 0.01796875 0.025 0.0359375
6 0.15 0.02578125 0.025 0.0515625
6 0.05317797951193635 0.090625 0.036410198672140126 0.08125
6 0.378125 0.05 0.021875 0.084375
4 0.95859375 0.2484375 0.0828125 0.18125
4 0.8770427263886784 0.3125 0.1543976502711466 0.21875
4 0.65390625 0.34921875 0.2203125 0.3390625
4 0.45703125 0.3734375 0.1359375 0.290625
5 0.8748671480316513 0.28359375 0.18461239109776423 0.309375
5 0.48671875 0.303125 0.1953125 0.43125
5 0.640625 0.26796875 0.340625 0.5015625
1 0.5454569039835796 0.2359375 0.0833397408266178 0.090625
1 0.9890625 0.15234375 0.021875 0.0453125
1 0.9490227863989411 0.16015625 0.047120439695149584 0.0421875
1 0.846392690087933 0.209375 0.04715680113146803 0.0484375
2 0.8193489219375605 0.1578125 0.04862839754067183 0.0328125
2 0.9352966296848869 0.10234375 0.05488748789975162 0.034375
2 0.98203125 0.0921875 0.0359375 0.034375
8 0.10859375 0.759375 0.2171875 0.48125
2 0.11947566608382801 0.6 0.05197156615858276 0.0703125
4 0.0578125 0.54765625 0.071875 0.0578125
4 0.1518745547457055 0.67109375 0.10729539129415606 0.1796875
5 0.18260185909862744 0.7609375 0.2587771198241338 0.434375
5 0.06953125 0.6296875 0.1390625 0.221875
8 0.69453125 0.7640625 0.6109375 0.471875
8 0.87734375 0.86484375 0.2453125 0.2703125
0 0.5767376784786641 0.86484375 0.020430674668035033 0.0203125
3 0.5836371182720096 0.8875 0.01416249394987581 0.0171875
7 0.5943791755517978 0.92109375 0.04256929508134384 0.065625
5 0.5936070159108774 0.91953125 0.0679874515990063 0.1375