6 0.0671875 0.36875 0.075 0.08125
6 0.07192603873663214 0.06015625 0.009547716822512698 0.0296875
5 0.046875 0.01640625 0.015625 0.0328125
5 0.0015625 0.01484375 0.003125 0.0296875
4 0.04902434904148247 0.01796875 0.011082945745273864 0.025
4 0.0015625 0.0171875 0.003125 0.021875
6 0.65 0.22265625 0.3625 0.3734375
5 0.92578125 0.01328125 0.0703125 0.0265625
6 0.14140625 0.95078125 0.0421875 0.0984375
6 0.2688379210537978 0.77734375 0.017442030054229285 0.04375
6 0.3913078186926656 0.7453125 0.01428975897699054 0.0390625
6 0.020659496287566848 0.821875 0.01428066861791084 0.0375
6 0.11120722823539012 0.80859375 0.014289758976990452 0.0390625
6 0.1150134842855143 0.79140625 0.009538626463433087 0.028125
6 0.1969492855151783 0.775 0.01269089754067192 0.0328125
6 0.3288169090517452 0.746875 0.011110216822512698 0.0296875
6 0.4302203277678519 0.71953125 0.012709078258831141 0.0359375
6 0.08377257464459395 0.79296875 0.012681807181592397 0.03125
6 0.44652658381797605 0.70234375 0.00947499394987581 0.0171875
6 0.42083169222923245 0.7171875 0.009511355386194253 0.0234375
6 0.41225612294739167 0.7203125 0.009502265027114732 0.021875
6 0.35528850546094903 0.73125 0.009502265027114732 0.021875
6 0.3342265717177277 0.73671875 0.007939765027114732 0.021875
6 0.2741384994108248 0.7484375 0.007948855386194253 0.0234375
6 0.22575554156530248 0.7578125 0.007921584308955332 0.01875
6 0.21560383674484235 0.75859375 0.007921584308955421 0.01875
6 0.23270043315404615 0.74296875 0.006331813231716587 0.0140625
6 0.20305383976990443 0.75 0.006322722872636977 0.0125
6 0.17191292407885986 0.76875 0.007930674668035032 0.0203125
6 0.15706462889932005 0.76796875 0.007930674668035032 0.0203125
6 0.11959644515609869 0.7734375 0.00635908430895542 0.01875
6 0.13437201746300156 0.76171875 0.006331813231716587 0.0140625
6 0.10713280659241717 0.7796875 0.007939765027114642 0.021875
6 0.0642322342855143 0.79140625 0.009520445745273864 0.025
6 0.0517367794650541 0.7921875 0.011073855386194254 0.0234375
6 0.18118793012898404 0.7515625 0.007894313231716587 0.0140625
6 0.0345447342855143 0.79140625 0.011092036104353475 0.0265625
6 0.02749530356735508 0.78828125 0.007930674668035032 0.0203125