6 0.60390625 0.12421875 0.0515625 0.1234375
6 0.27577566305876594 0.01210636461650232 0.009511355386194253 0.02354658800127272
6 0.27781943120913855 0.06364159261618414 0.020585210772388507 0.0471113573360908
6 0.23267510285211151 0.03526260128900205 0.012663626463433175 0.028270450668363624
6 0.2160779553114395 0.06826600529122921 0.017414758976990453 0.03926249466899989
6 0.20756147336361624 0.055084752625729164 0.01269089754067192 0.03295795066836353
6 0.4014160124930319 0.03486151726609403 0.02375566256778665 0.0549602200031817
6 0.5484375 0.00546875 0.025 0.0109375
6 0.36042285295030735 0.09861548193827559 0.03639201795398091 0.07854317067154523
6 0.15085241023009557 0.13464553063336515 0.028497704722264317 0.06438976400381798
6 0.0884251331027325 0.12287278397518295 0.020567030054229284 0.0439863573360908
6 0.10577625956616563 0.09454778930618306 0.015843168617910842 0.03768181333545444
6 0.155980792645457 0.058809736632728836 0.012672716822512697 0.029832950668363535
6 0.22257339500658918 0.026005779957047448 0.009502265027114732 0.021984088001272717
6 0.2875 0.00390625 0.009375 0.0078125
4 0.28984375 0.490625 0.2046875 0.203125
5 0.30078125 0.63671875 0.4328125 0.4953125
9 0.9265625 0.58359375 0.146875 0.1671875
0 0.819825124027546 0.4190018019573656 0.03778180113146803 0.04887385200509069
7 0.8292223290443982 0.5493523732893202 0.09467721662612112 0.16046588001272682
7 0.9640625 0.553125 0.071875 0.28125
3 0.8211649102300956 0.45726487062382015 0.028288626463433175 0.02845226400381797
5 0.93203125 0.69453125 0.1359375 0.6109375
5 0.83046875 0.65078125 0.2140625 0.5234375