6 0.2921875 0.5078125 0.04375 0.103125
6 0.1611311407144978 0.32890625 0.0176965773392725 0.04375
6 0.03653967337681614 0.296875 0.014535214672181596 0.040625
6 0.41243964938731564 0.37421875 0.014498852005090868 0.0375
6 0.3208788580521794 0.3609375 0.014517033338636054 0.0390625
6 0.3159822727164068 0.34296875 0.009702264003817972 0.028125
6 0.23376011871417965 0.3265625 0.012881808004454242 0.0328125
6 0.09984819537713427 0.29921875 0.011282945337363515 0.0296875
6 0.3480317040499522 0.34453125 0.012863626670908878 0.03125
6 0.005734568706225396 0.26796875 0.009647720003181703 0.0234375
6 0.013592522040089072 0.271875 0.009629538669636162 0.021875
6 0.07230445070813438 0.28203125 0.009629538669636162 0.021875
6 0.0942521760423162 0.28828125 0.008067038669636161 0.021875
6 0.15377262671067982 0.30078125 0.008085220003181704 0.0234375
6 0.20310046471195253 0.31015625 0.008030676002545433 0.01875
6 0.21403796471195252 0.31015625 0.008030676002545433 0.01875
6 0.197449901376498 0.29453125 0.006431813335454351 0.015625
6 0.2272101267106798 0.30078125 0.006395450668363623 0.0125
6 0.25868739337999785 0.3203125 0.008048857336090797 0.0203125
6 0.27354023404677064 0.32109375 0.00804885733609062 0.0203125
6 0.3126572780474069 0.32578125 0.0064681760025454334 0.01875
6 0.29689591804581605 0.3140625 0.0064136320019091645 0.0140625
6 0.32365841271481594 0.33125 0.008067038669636161 0.021875
6 0.36832602271640696 0.34296875 0.009684082670272431 0.0265625
6 0.38083511338317955 0.34375 0.011210220003181703 0.0234375
6 0.24912148937777073 0.30390625 0.007976132001909164 0.0140625
6 0.3988038633831795 0.34375 0.011246582670272431 0.0265625
6 0.40501750071608866 0.340625 0.00804885733609062 0.0203125
6 0.4356226107176795 0.35234375 0.009629538669636162 0.021875
6 0.4578125 0.378125 0.003125 0.03125
1 0.74375 0.4625 0.50625 0.19375
0 0.74765625 0.23515625 0.5046875 0.2203125
5 0.7296875 0.32578125 0.540625 0.4671875
8 0.2296875 0.7796875 0.459375 0.440625
1 0.80546875 0.609375 0.3890625 0.1
4 0.7296875 0.846875 0.540625 0.30625
5 0.7296875 0.7796875 0.540625 0.440625