6 0.04334443725926276 0.2852493460375437 0.017414758976990453 0.03926249466899989
6 0.2340467053114395 0.27418621873008797 0.01740566861791084 0.03769999466899989
6 0.33762570238457335 0.33164527741086003 0.026926114363184796 0.0628090826702726
6 0.5609375 0.51015625 0.05625 0.1296875
6 0.049762608902235696 0.2564158213717255 0.011064765027114643 0.02200226933481808
9 0.29453125 0.5859375 0.5890625 0.228125
6 0.4819665757247485 0.23175546009704098 0.012690897540672097 0.03295795066836362
6 0.33908418413600483 0.2152481180776328 0.007957945745273776 0.025090906667727175
6 0.2758392955723233 0.20826177406904228 0.00634999394987581 0.01726022533418181
6 0.2414824762904825 0.20473678473104248 0.004760222872636888 0.012554544000636358
6 0.18887965105671345 0.24865896005727012 0.011110216822512698 0.02981476933481808
6 0.178046690186129 0.23056294072245195 0.004796584308955331 0.018804544000636268
6 0.1945074823406067 0.22137884472467917 0.006368174668035032 0.02038522533418181
6 0.16395691910889015 0.23508680872054297 0.007939765027114642 0.021965906667727176
6 0.11248077752014654 0.2196430747135433 0.004787493949875809 0.017242044000636357
6 0.10698475644290766 0.22426694004613426 0.004787493949875809 0.01724204400063627
6 0.07413134982704941 0.2309163820416799 0.00477840359079611 0.01567954400063627
6 0.01476089500658917 0.229444241366953 0.00634090359079611 0.01569772533418181
9 0.9296875 0.5 0.140625 0.165625
0 0.8098370456705191 0.27308843742040506 0.061528373340175246 0.10227157200827239
3 0.7822796722321481 0.3094890140833598 0.022238614363184795 0.06275453866963625
0 0.7322978529503074 0.3057822114099055 0.029978391490547728 0.050345445337363515
7 0.7401643742239379 0.43088220874440547 0.06036584913967839 0.17100339067472703
7 0.7905820098607532 0.49397310208463246 0.1188964875069681 0.29511360001590836
5 0.7921875 0.4125 0.146875 0.575
5 0.74453125 0.45703125 0.1015625 0.4859375
5 0.39296875 0.85 0.3921875 0.3