6 0.496875 0.2185736600890868 0.0625 0.11322725334181775
6 0.36953125 0.16552938140513307 0.0421875 0.08799089600572696
6 0.24609375 0.12112430605504292 0.0296875 0.06440794533736352
6 0.15625 0.07711012937617986 0.01875 0.04396817600254525
6 0.13984375 0.05582547537395266 0.0171875 0.03769999466899989
6 0.11640625 0.039146505370771 0.0140625 0.032976132001908985
6 0.09609375 0.027972648034680248 0.0125 0.02514545066836362
6 0.11015625 0.022667530036589233 0.0109375 0.023564769334818082
6 0.57734375 0.11794749876667723 0.0203125 0.0377363573360908
6 0.69375 0.1474270081158128 0.028125 0.05345226400381797
6 0.53046875 0.1041208087603139 0.0171875 0.034574994668999895
6 0.53671875 0.09013103409449563 0.015625 0.03299431333545453
6 0.57890625 0.08827818010022268 0.0140625 0.031413632001908984
6 0.61875 0.0863980541056315 0.0078125 0.021965906667727176
6 0.7484375 0.11993835478990338 0.0203125 0.03617385733609062
6 0.65078125 0.08130202144331315 0.0109375 0.01887726933481808
6 0.6734375 0.08156565077972208 0.0109375 0.01887726933481808
6 0.68359375 0.08012132944776748 0.0109375 0.01887726933481808
6 0.44140625 0.04839697274822354 0.0078125 0.017278406667727175
6 0.48515625 0.050468550087495956 0.0078125 0.015715906667727174
6 0.3671875 0.042064609404814934 0.009375 0.018859088001272718
6 0.28359375 0.03484190806013361 0.0125 0.022020450668363622
6 0.2171875 0.029381701384452175 0.0078125 0.017278406667727175
6 0.19140625 0.09392545938095234 0.0203125 0.0517988573360908
6 0.16796875 0.025683989377770722 0.009375 0.021984088001272717
6 0.03203125 0.00703125 0.0109375 0.0140625
6 0.09921875 0.00859375 0.0109375 0.0171875
6 0.1546875 0.015373198042634418 0.009375 0.020421588001272716
6 0.25 0.025076009388906507 0.009375 0.020421588001272716
6 0.32578125 0.03220780406586057 0.009375 0.018859088001272718
6 0.38359375 0.03913051340704206 0.009375 0.017296588001272716
6 0.44765625 0.04300094808240527 0.009375 0.01573408800127272
6 0.496875 0.04904241008908681 0.0078125 0.018840906667727177
6 0.203125 0.08234306938254318 0.0296875 0.08315794533736351
6 0.18828125 0.08060784671386143 0.0265625 0.07999658267027261
9 0.3796875 0.2640625 0.759375 0.271875
9 0.91953125 0.078125 0.1609375 0.1375
8 0.7984375 0.2 0.078125 0.4
0 0.96328125 0.1657684754534945 0.0078125 0.009465906667727264
0 0.9375 0.1326559834499946 0.009375 0.009484088001272716
4 0.9109375 0.1706281507797221 0.0171875 0.03769999466899989
2 0.9140625 0.13863326344681298 0.009375 0.009484088001272716
5 0.9140625 0.169102013446813 0.028125 0.07376476400381797
7 0.93828125 0.15688382411676738 0.0203125 0.034611357336090796
7 0.953125 0.17658779678544906 0.0140625 0.020476132001908988
5 0.9546875 0.1750434781189945 0.0234375 0.029960220003181704
5 0.9390625 0.15845541478354006 0.0265625 0.06749658267027261
7 0.91875 0.18946905744744935 0.009375 0.015734088001272538
5 0.91953125 0.18244689811422204 0.0140625 0.032976132001908985
1 0.503125 0.7814185580839961 0.209375 0.2805612986950897
2 0.578125 0.5557287620941775 0.178125 0.16144767202418073
5 0.41796875 0.71640625 0.6484375 0.5671875
4 0.40703125 0.9359375 0.3984375 0.128125