6 0.0765625 0.3828125 0.034375 0.0125
6 0.00703125 0.346875 0.0140625 0.034375
6 0.5140625 0.3703125 0.053125 0.0375
6 0.025434774593280272 0.31265103268650796 0.012636355386194254 0.023510222872636887
6 0.41623703659533284 0.2844548724564124 0.023673849336070064 0.040761355386194256
6 0.35702111787922614 0.2567656888113869 0.01737839754067192 0.03291249394987581
6 0.3149017955723233 0.24480149911623722 0.012645445745273954 0.02507272287263689
6 0.059927949261315304 0.2925385205862595 0.011064765027114643 0.021938632513557366
6 0.11551487392935034 0.272548728333586 0.009493174668035032 0.020367042154477665
6 0.1788915726996864 0.25651063787631045 0.011046584308955332 0.018813632513557367
6 0.2641341811109427 0.24216231244614966 0.009484084308955332 0.018804542154477667
6 0.16607341013189975 0.3111254150036735 0.022111349336070063 0.04075226502711464
6 0.21317112392935034 0.2731168757760621 0.015797716822512697 0.0297784035907962
6 0.1584563528521114 0.27748621320827543 0.014207945745273776 0.02508181323171659
6 0.09033761192729779 0.3028720325883121 0.015779536104353474 0.0266534035907962
4 0.21983473526747294 0.2020594872123805 0.009484084308955332 0.018804542154477667
5 0.2213699641902341 0.20675607757146014 0.015870439695149584 0.04227840359079611
8 0.28984375 0.69453125 0.5796875 0.6109375
5 0.45625 0.925 0.075 0.15
7 0.45390364559576435 0.9391191256778662 0.042642017953980905 0.07837043969514959
3 0.4479309015476927 0.8914265142415477 0.012590903590796287 0.015697722872636887
0 0.44415191657480735 0.8695287883438487 0.023592036104353474 0.026698855386194254
5 0.7118308168459538 0.6698322736113216 0.05540563836728971 0.12375566256778665
4 0.7064347897185907 0.657300457354543 0.02840680113146803 0.048601126463433175
0 0.6933580727978822 0.6220669393023662 0.011001132513557365 0.011001132513557365