6 0.5210044090517452 0.2954730011783504 0.01582498789975162 0.034465903590796196
6 0.3841447584860111 0.2720496575978169 0.017432939695149585 0.04228749394987581
6 0.24744873438371018 0.2767513140172835 0.022174981849627427 0.05168976502711464
6 0.08911860479701908 0.3229864854638647 0.039498837235821684 0.07522725897699054
6 0.5403856681269316 0.2695781216898552 0.009511355386194253 0.023492042154477664
9 0.2328125 0.41953125 0.465625 0.1609375
6 0.48555272238165764 0.24489628425764173 0.009484084308955332 0.018804542154477667
6 0.4510686380727022 0.22634627215739336 0.00947499394987581 0.017242042154477666
9 0.4759004664297293 0.1972945764121195 0.029923849336070063 0.040797716822512695
4 0.13515625 0.62265625 0.2265625 0.2453125
4 0.471875 0.640625 0.15625 0.28125
5 0.16953125 0.72109375 0.3390625 0.4421875
5 0.41640625 0.728125 0.2671875 0.45625
7 0.8645953277678519 0.5824099197962612 0.04121587334017533 0.10179884933607006
7 0.9093083849494443 0.6134008445624921 0.0695408612399266 0.13633747579950323
7 0.8272816801289841 0.6146593384141721 0.06010222872636932 0.1253454336450254
7 0.7796345204880637 0.6164990943661003 0.03965337334017516 0.10178975897699054
7 0.7549435926967707 0.6697695401113742 0.07445562021691714 0.175427246876742
7 0.7013549843837101 0.5903911123200812 0.04587610226293641 0.09713862041330898
7 0.6760600685944697 0.674134853244895 0.0710488190854491 0.12697156615858277
7 0.6406447433607007 0.6298081363241863 0.028579517953980903 0.07828862646343318
7 0.596875 0.69375 0.09375 0.19375
0 0.571875 0.55078125 0.04375 0.0484375
0 0.6410441982793567 0.5641785911446465 0.018904536104353654 0.02667158430895533
0 0.6620788609453392 0.5538996212970717 0.03616475897699054 0.03927157825883114
0 0.6713356862773041 0.533532579142594 0.020403403590796287 0.015743174668035032
0 0.6953125 0.51171875 0.025 0.0234375
0 0.732227734481906 0.5253655551384889 0.04558521077238851 0.04713862041330881
0 0.7612112525340828 0.538478633495516 0.01731476502711473 0.021974993949875808
0 0.8234375 0.51484375 0.034375 0.0296875
0 0.884375 0.503125 0.015625 0.00625
0 0.8953125 0.50859375 0.0375 0.0171875
3 0.8916936380727023 0.5400633385123679 0.015734084308955332 0.01884090359079611
3 0.8300112495090207 0.5466724076960128 0.01570681323171641 0.01415340359079611
3 0.7582362434588965 0.5642780642136752 0.011019313231716588 0.014126132513557366
3 0.7317055597156751 0.5699013503180288 0.020421584308955333 0.01886817466803503
3 0.6956089784317818 0.5427666785768599 0.015706813231716587 0.01415340359079611
3 0.648920330792914 0.5750706393492484 0.006304542154477666 0.009411361436318443
3 0.6599578247427897 0.5921945068356911 0.014144313231716587 0.014144313231716587
3 0.5701913427949665 0.6059984524827692 0.018895445745273954 0.02510908430895551
5 0.8765625 0.6484375 0.075 0.296875
5 0.909375 0.67734375 0.10625 0.3546875
5 0.8296875 0.66953125 0.1125 0.3390625
5 0.7797754210537977 0.6407178443661004 0.05446128278470388 0.22999657220870695
5 0.74765625 0.73046875 0.1171875 0.4609375
5 0.7046875 0.65078125 0.065625 0.3015625
5 0.6721623880727022 0.5413405339630541 0.020521578258831143 0.03605567466803503
5 0.6446873487468949 0.6532229104264873 0.041824927398509536 0.20648634933607007
5 0.6730214270057261 0.6889967839630542 0.0908533007386847 0.30833065046753816
5 0.559375 0.63671875 0.01875 0.0859375
5 0.60234375 0.7515625 0.1046875 0.453125