6 0.32734375 0.10035154146710665 0.053125 0.08937157220870703
6 0.09609375 0.11697491832332325 0.03125 0.0626818071815924
9 0.184375 0.2546875 0.36875 0.509375
8 0.684375 0.3359375 0.63125 0.346875
0 0.53359375 0.42109076746300156 0.0234375 0.026698855386194254
3 0.5359375 0.44063565300162094 0.0125 0.012572722872636888
4 0.5375 0.45939474336070063 0.03125 0.034556807181592396
5 0.534375 0.44218906264254143 0.0390625 0.07053975897699054
8 0.184375 0.6296875 0.36875 0.240625
8 0.07578125 0.875 0.1515625 0.25
5 0.34453125 0.52578125 0.0359375 0.0328125
0 0.91484375 0.59921875 0.1703125 0.1796875
7 0.60703125 0.7460084333504379 0.4734375 0.44025437880112417
3 0.8640625 0.609222547419035 0.1234375 0.1632181383672897
5 0.684375 0.740625 0.63125 0.4625