9 0.209375 0.21484375 0.41875 0.4296875
3 0.8705467658126815 0.29514679001317834 0.10369769262201593 0.09903746369925485
3 0.6777143711988758 0.27283194935951116 0.12577268052176754 0.1335397287263694
2 0.6837239975641131 0.17983138310273256 0.10813066256778665 0.0553147347764936
2 0.8391882023845734 0.17970814237431054 0.11764201795398073 0.07880677693097135
4 0.71171875 0.359375 0.3546875 0.140625
4 0.90546875 0.36875 0.1890625 0.121875
5 0.88359375 0.25859375 0.2328125 0.3421875
5 0.709375 0.2703125 0.58125 0.31875
9 0.209375 0.71484375 0.41875 0.5703125
8 0.6328125 0.79375 0.428125 0.4125