6 0.20078125 0.3421875 0.0734375 0.1515625
6 0.4296875 0.13125 0.034375 0.053125
6 0.478125 0.0953125 0.021875 0.05625
9 0.3546875 0.378125 0.390625 0.24375
6 0.39453125 0.05234375 0.009375 0.0265625
6 0.3859375 0.05078125 0.0109375 0.0140625
6 0.4578125 0.04140625 0.009375 0.015625
6 0.5109375 0.04296875 0.0078125 0.015625
6 0.5234375 0.059375 0.0078125 0.0203125
6 0.53046875 0.06328125 0.0125 0.015625
6 0.534375 0.07890625 0.0125 0.0234375
8 0.69296875 0.35859375 0.2859375 0.2171875
8 0.91015625 0.35703125 0.1796875 0.2859375
4 0.33671875 0.64296875 0.146875 0.1921875
2 0.296875 0.5171875 0.05625 0.034375
5 0.36484375 0.75 0.3515625 0.5
3 0.78515625 0.528125 0.1203125 0.05625
4 0.7640625 0.75078125 0.353125 0.4984375
5 0.775 0.75 0.45 0.5
5 0.62109375 0.75 0.1421875 0.5