9 0.21484375 0.284375 0.4296875 0.56875
0 0.540330267266094 0.3157635493714073 0.09440452800763595 0.057340880012726816
0 0.7359609406031392 0.29069246606458793 0.07254770934118149 0.05864884134309047
0 0.613994486592958 0.3642834127148159 0.04111589600572696 0.0426602146721816
0 0.8820017886298654 0.09549014875076889 0.09789315467854501 0.08862724267981754
3 0.9056932799570475 0.14108445942072328 0.056722714672181596 0.04127952800763594
3 0.7535206105983667 0.3260578014003606 0.029960220003181704 0.023782945337363515
3 0.6034564285885036 0.3969777340467706 0.025290901336727067 0.025290901336727244
3 0.5415564125955032 0.34468798070495277 0.05192612667090888 0.031849984006999676
7 0.50390625 0.4546875 0.1484375 0.140625
4 0.5904655325827766 0.43901978337840697 0.06947725334181776 0.06329997867599957
4 0.7683638132559126 0.39342711473581493 0.10932155068427205 0.13094201201463562
4 0.96640625 0.18125 0.0671875 0.2625
5 0.9015625 0.278125 0.196875 0.534375
5 0.5609375 0.41796875 0.2625 0.3015625
5 0.5868865465865947 0.4108493300445434 0.10476132001909004 0.14182496801399935
5 0.74375 0.4109375 0.221875 0.315625
5 0.21484375 0.7890625 0.4296875 0.421875
1 0.3265625 0.93203125 0.20625 0.1359375
2 0.275 0.69296875 0.309375 0.2015625
8 0.64375 0.809375 0.428125 0.38125
5 0.5298018472708665 0.8841141073758617 0.027107940006363407 0.04718408267027243