6 0.1703125 0.19883913136536221 0.04375 0.08957157733927232
6 0.00703125 0.209375 0.0140625 0.075
6 0.08984375 0.11352779268777176 0.0203125 0.0439863573360908
6 0.215625 0.09233514003818008 0.01875 0.04084317600254526
6 0.071875 0.10394370735199913 0.015625 0.03611931333545444
9 0.11484375 0.325 0.2296875 0.309375
9 0.61484375 0.23984375 0.7703125 0.4796875
3 0.76015625 0.22435948874122386 0.096875 0.20425224267981754
0 0.7390625 0.053125 0.21875 0.10625
5 0.77265625 0.23984375 0.4546875 0.4796875
7 0.8109375 0.32109375 0.378125 0.3171875
8 0.11484375 0.91484375 0.2296875 0.1703125
2 0.5265625 0.6402641100413617 0.0109375 0.00950226933481808
2 0.471875 0.6310340133672712 0.0125 0.012645450668363622
2 0.4609375 0.6465317440324531 0.0109375 0.011064769334818082
4 0.53203125 0.6801714947087708 0.0234375 0.0377727200031817
4 0.48203125 0.6670896920353165 0.0171875 0.034574994668999895
4 0.46171875 0.6809158346992257 0.0234375 0.036210220003181706
5 0.465625 0.7059612880330894 0.04375 0.1348840773392725
5 0.478125 0.6576692387014529 0.028125 0.06751476400381798
5 0.50859375 0.6681800247055891 0.034375 0.07852498933799978
4 0.51015625 0.6674169560391345 0.025 0.04247840133672707
4 0.5328125 0.6918993353755435 0.0375 0.11918635200509069
7 0.684375 0.765625 0.36875 0.46875
3 0.6890625 0.545279968730088 0.1078125 0.10281701201463563
5 0.7328125 0.73984375 0.534375 0.5203125