9 0.2046875 0.2 0.409375 0.4
8 0.7046875 0.2 0.590625 0.4
7 0.82890625 0.246875 0.2953125 0.30625
7 0.80078125 0.2953125 0.3203125 0.209375
3 0.87415109318775 0.06328125 0.08775453005422947 0.04375
2 0.85 0.0140625 0.125 0.028125
7 0.7309510599120669 0.1578125 0.11940450585373234 0.1125
2 0.7422016564194666 0.07734375 0.053252265027114734 0.021875
5 0.7152260659621911 0.140625 0.14155221662612102 0.159375
5 0.64609375 0.30546875 0.1046875 0.1890625
5 0.83828125 0.2 0.3234375 0.4
6 0.4296875 0.7765625 0.040625 0.121875
6 0.6956822221852659 0.64765625 0.04109769867214012 0.08125
6 0.8703413337197802 0.5890625 0.020621572208706952 0.053125
4 0.5469487646343312 0.4625 0.007930674668035032 0.0203125
5 0.5485567164297293 0.4703125 0.012827252926866173 0.05625
9 0.7765625 0.828125 0.446875 0.34375