6 0.38359375 0.07265625 0.0328125 0.0921875
6 0.196875 0.03359375 0.046875 0.0671875
6 0.0359375 0.0125 0.040625 0.025
9 0.2 0.18046875 0.4 0.3171875
2 0.7 0.24140625 0.6 0.1953125
5 0.7 0.21640625 0.6 0.2453125
8 0.2 0.66953125 0.4 0.6609375
8 0.33203125 0.74296875 0.1359375 0.4765625
4 0.17703624043383437 0.516844149878363 0.040961343285945875 0.05804884933607006
2 0.18300443930236626 0.4684430113146815 0.018895445745273777 0.02510908430895533
5 0.18085158684303818 0.501241875776062 0.05525110226293641 0.09719316256778665
3 0.7890464028052293 0.8172168546006274 0.10370678298109545 0.10059996369925486
3 0.615944725210328 0.7396498699223295 0.12733518052176757 0.1335488190854491
2 0.6474850958200287 0.6554612222834618 0.10502384328594587 0.05842155405833438
2 0.7914941710537977 0.7008287853187866 0.1160886083130606 0.08036018657189174
4 0.58984375 0.875 0.3578125 0.25
4 0.8296875 0.921875 0.30625 0.15625
5 0.81328125 0.82734375 0.3734375 0.3453125
5 0.68515625 0.79140625 0.5703125 0.4171875