6 0.17265625 0.27696597921734867 0.0765625 0.1754454275949012
6 0.3 0.1387251149523599 0.0359375 0.09239657825883114
6 0.38046875 0.07419446145975961 0.0265625 0.06577953610435347
6 0.4484375 0.04645528083979622 0.0203125 0.05168067466803503
6 0.49296875 0.030571205606027087 0.015625 0.04696590359079611
9 0.26484375 0.3109375 0.5296875 0.3375
5 0.628125 0.2958205183467643 0.034375 0.08926248789975162
4 0.6171875 0.2583841508603217 0.0109375 0.011001132513557365
3 0.61953125 0.2677455153217022 0.0046875 0.009402271077238834
4 0.6171875 0.2833841508603216 0.0109375 0.023501132513557364
9 0.5734375 0.09926368091455098 0.034375 0.01894998789975162
9 0.540625 0.096875 0.021875 0.01875
9 0.64453125 0.15431881957642837 0.0171875 0.01884999394987581
9 0.58203125 0.15624493393961308 0.0234375 0.015761355386194255
9 0.57109375 0.1625585664531704 0.0265625 0.018904536104353477
8 0.90859375 0.21840754889197295 0.1421875 0.11801472267624522
8 0.9 0.42578125 0.2 0.1078125
8 0.76484375 0.24453125 0.4703125 0.4703125
9 0.56796875 0.1719517471713296 0.015625 0.012590903590796199
9 0.7828125 0.1535143227978822 0.0296875 0.025172716822512698
9 0.771875 0.1684217053114395 0.0234375 0.018886355386194254
9 0.7625 0.17081999746591725 0.0265625 0.012654536104353475
9 0.74765625 0.1677813558771736 0.025 0.015770445745273864
9 0.73828125 0.1740858980316513 0.021875 0.007939765027114642
8 0.26484375 0.73984375 0.5296875 0.5203125
5 0.13203125 0.49296875 0.0546875 0.0265625
3 0.728125 0.51640625 0.2 0.0734375
4 0.76484375 0.565625 0.4703125 0.171875
5 0.76484375 0.571875 0.4703125 0.184375
3 0.840625 0.9084734918085765 0.240625 0.16702491529826097
2 0.8203125 0.7023416664766116 0.2421875 0.10453400565734086
5 0.76484375 0.81953125 0.4703125 0.3609375