6 0.0046875 0.40625 0.009375 0.05
6 0.003125 0.37578125 0.00625 0.0359375
6 0.4637208860598154 0.41875 0.044859061346272 0.0953125
6 0.373268061386043 0.36640625 0.032031797342454205 0.0671875
6 0.3011748853834977 0.34765625 0.024055665340545217 0.053125
6 0.25419988804899774 0.3390625 0.020857940006363408 0.046875
6 0.19008284404836143 0.334375 0.022402258672817955 0.0453125
6 0.10421806938254319 0.340625 0.017605670671545236 0.0359375
6 0.023086248050588586 0.35078125 0.014462489337999785 0.034375
9 0.04921875 0.28515625 0.0984375 0.1140625
9 0.26484375 0.4828125 0.5296875 0.134375
2 0.9027732007081344 0.66328125 0.1437692760184536 0.1359375
4 0.928125 0.87265625 0.14375 0.2546875
5 0.91015625 0.784375 0.1796875 0.43125