6 0.28046875 0.24192003926641217 0.0390625 0.09107953333863605
6 0.1421875 0.21384158728518407 0.0265625 0.06905908267027243
6 0.03984375 0.18065746463241067 0.0171875 0.04551249466899989
6 0.01953125 0.16058132196850144 0.015625 0.04080681333545435
6 0.34140625 0.10449221725813981 0.00625 0.018822725334181813
6 0.26171875 0.11010696526895751 0.0078125 0.021965906667727176
6 0.17109375 0.11663023261459333 0.0109375 0.023564769334818082
6 0.09921875 0.1205915739576838 0.0078125 0.018840906667727177
6 0.0796875 0.19425634062700184 0.0171875 0.056449994668999894
6 0.0453125 0.12356257996500161 0.009375 0.02354658800127272
6 0.0296875 0.11515064330045606 0.009375 0.021984088001272627
6 0.1328125 0.10926317528645671 0.0078125 0.021965906667727176
6 0.21640625 0.10672797394177538 0.0078125 0.020403406667727175
6 0.278125 0.1044473112667303 0.0078125 0.018840906667727177
6 0.3484375 0.09894165125718528 0.0078125 0.017278406667727175
6 0.09140625 0.17927623062541098 0.0234375 0.0877727200031817
6 0.07421875 0.18025747529441088 0.0203125 0.0861738573360908
9 0.18984375 0.37109375 0.3796875 0.2359375
1 0.77265625 0.42421875 0.4546875 0.1296875
2 0.76640625 0.2171875 0.4671875 0.175
5 0.68984375 0.30390625 0.6203125 0.3703125
5 0.11875 0.9360405672342773 0.021875 0.047129538669636165
8 0.1359375 0.93125 0.271875 0.1375
9 0.9640625 0.572430958545551 0.0484375 0.03181362133990877
5 0.5859375 0.54765625 0.05625 0.1171875