6 0.15145691910889014 0.2056345713717255 0.017432939695149675 0.042387494668999895
6 0.08362854879377708 0.31500902402927144 0.034847698672140125 0.08164998933799979
6 0.3609375 0.2 0.015625 0.040625
6 0.1602370214700223 0.1737033187062255 0.012645445745273865 0.02514545066836362
6 0.3141705425472612 0.17080668006045174 0.012681807181592397 0.03139545066836362
6 0.3025699672152962 0.1503578200588609 0.0063772650271147315 0.021947725334181812
6 0.3205932593697739 0.14119190539463355 0.0063772650271147315 0.021947725334181812
6 0.2876989461380573 0.15487259739017922 0.007957945745273776 0.025090906667727175
6 0.23077678044701275 0.13545897871577045 0.004796584308955421 0.01880454400063636
6 0.22449496419023413 0.14085500338158868 0.006359084308955332 0.018822725334181813
6 0.18773530757437581 0.14745899204327073 0.00635908430895542 0.018822725334181813
6 0.03857109972885353 0.1363476746896808 0.00635908430895542 0.018822725334181813
6 0.034628488292535044 0.1425522213558171 0.006340903590796199 0.01569772533418181
6 0.06741371721529621 0.14762152936027148 0.006368174668035032 0.02038522533418181
6 0.12291428347207485 0.1427982167011348 0.006340903590796199 0.01569772533418181
0 0.7200973139190876 0.19721409138286142 0.06448065651766247 0.0726204346753633
0 0.5103774011549093 0.11976870202099903 0.09916472872636942 0.1261454240133631
0 0.8373519498504904 0.4556271227323151 0.02832498789975162 0.03470226400381797
4 0.8484375 0.5046875 0.053125 0.05
5 0.84609375 0.4828125 0.0609375 0.09375
5 0.71328125 0.34375 0.1390625 0.371875
5 0.5125 0.2921875 0.2875 0.475
4 0.5293127117543472 0.3567238093570898 0.19885669827935662 0.342915848026726
4 0.707392259958949 0.36660898138127057 0.09494992739850953 0.20734088001272682
4 0.8299495577707676 0.11645553473104249 0.01584316861791102 0.03768181333545444
0 0.8316847745932803 0.08678621606458795 0.012590903590796287 0.015770450668363533
5 0.8337149072050334 0.14071973806490606 0.03199540944452863 0.12848862667090888
8 0.184375 0.66953125 0.36875 0.2796875
6 0.5258716327099491 0.5867567546944532 0.015888620413308983 0.04549431333545453
6 0.7439176507621259 0.5760118007240428 0.022165891490547908 0.05025453866963634
6 0.99375 0.61796875 0.0125 0.0703125
9 0.684375 0.76484375 0.63125 0.4703125