6 0.034375 0.1639453670936592 0.0640625 0.14256020472226433
9 0.31796875 0.24453125 0.5421875 0.4890625
8 0.32421875 0.73828125 0.5296875 0.4984375
5 0.06875 0.7494647105759967 0.0734375 0.13323974687674198
6 0.20703125 0.9453125 0.0890625 0.109375
7 0.0578125 0.7486198280624394 0.034375 0.07363748789975162
5 0.84375 0.6297269867214013 0.0453125 0.09245112041330898
4 0.846875 0.5899014174395605 0.0109375 0.012563632513557365
3 0.84765625 0.6000622126191002 0.0046875 0.009402271077238922
4 0.85234375 0.6157144836963392 0.0140625 0.02508181323171659
9 0.80234375 0.49453125 0.0203125 0.0109375
9 0.8765625 0.49296875 0.028125 0.0078125
8 0.971875 0.55078125 0.05625 0.1234375
8 0.6078125 0.6015625 0.0375 0.134375
8 0.65546875 0.875 0.1328125 0.25
8 0.79453125 0.68203125 0.4109375 0.3859375
9 0.88203125 0.4953125 0.0171875 0.0125
9 0.6640625 0.5146190954272452 0.03125 0.028306807181592397
9 0.6765625 0.5279730682998821 0.0265625 0.020467036104353475
9 0.68828125 0.5288224959929793 0.028125 0.015788626463433174
9 0.70234375 0.5226543092246958 0.0265625 0.018904536104353477
9 0.7125 0.5281821465587133 0.0234375 0.011073855386194254