6 0.15868167105379777 0.1568709020528157 0.02530907220870695 0.053415901336727245
6 0.10125499043383437 0.088238533378407 0.011119307181592398 0.03137726933481808
6 0.572362896853301 0.23042986477558589 0.0379454275949012 0.07699885200509068
6 0.031782827767851886 0.09758571403563474 0.011082945745273864 0.02512726933481808
6 0.08787374648395856 0.07089649204327078 0.009502265027114643 0.021984088001272717
6 0.12530556879086144 0.05961409404836138 0.009493174668035032 0.020421588001272716
6 0.4982072584860111 0.10613784209895001 0.015843168617910842 0.03768181333545444
6 0.4472123850476401 0.06882819875872306 0.011110216822512698 0.02981476933481808
6 0.40960784591822447 0.050423096753632365 0.009511355386194253 0.02354658800127272
6 0.1611703459182245 0.04753226471990661 0.00635908430895542 0.018822725334181813
6 0.21736580376374678 0.03881179272754265 0.006359084308955332 0.018822725334181813
6 0.27906182786604783 0.035623705402587726 0.006340903590796287 0.01569772533418181
6 0.36266466822512733 0.03815890674726905 0.00634999394987581 0.01726022533418181
6 0.25824987899751595 0.08381575739972424 0.01428066861791084 0.03766363200190899
6 0.3088765928931624 0.05784415073995115 0.009538626463433175 0.028234088001272716
6 0.2564964814568439 0.05098507606617879 0.009511355386194253 0.02354658800127272
6 0.1878192043294808 0.06268509739017922 0.009520445745273776 0.025109088001272716
5 0.32734375 0.00859375 0.0078125 0.0171875
9 0.31328125 0.31484375 0.5046875 0.2484375
8 0.8109375 0.25 0.221875 0.378125
2 0.384375 0.7390625 0.63125 0.265625
5 0.35 0.7953125 0.7 0.409375
4 0.79375 0.771875 0.1875 0.45625
0 0.82734375 0.71953125 0.2546875 0.5609375
9 0.85 0.71953125 0.3 0.5609375