6 0.0453125 0.4828125 0.0375 0.071875
6 0.042092761935093904 0.346875 0.011228401336727112 0.025
6 0.05137685526736666 0.3546875 0.012845445337363426 0.0296875
6 0.12122627860441196 0.32734375 0.01598862667090888 0.03125
6 0.24591774327659355 0.28671875 0.017642033338636055 0.0390625
6 0.37420637527850253 0.27265625 0.020876121339908772 0.0484375
6 0.5278580866088664 0.29453125 0.03831816000954511 0.0703125
6 0.1003870672740482 0.30546875 0.009629538669636251 0.021875
9 0.4140625 0.41953125 0.409375 0.1984375
6 0.14838876261141162 0.27578125 0.009574994668999892 0.0171875
6 0.17755864194782056 0.253125 0.007994313335454528 0.015625
9 0.15126886195100225 0.2296875 0.028579533338636144 0.0390625
7 0.80546875 0.259375 0.3734375 0.51875
5 0.79921875 0.259375 0.3609375 0.51875
0 0.561577463916322 0.77109375 0.017387494668999894 0.0171875
4 0.5556450899109132 0.8109375 0.03819089067472685 0.059375
0 0.047388241923958054 0.71484375 0.03960794000636332 0.046875
0 0.01875 0.728125 0.0375 0.05
7 0.05900644724700397 0.790625 0.07013178134945379 0.11875
7 0.01796875 0.82109375 0.0359375 0.1390625
5 0.03203125 0.85 0.0640625 0.3
5 0.09296875 0.82734375 0.1734375 0.3453125
4 0.5696439552435042 0.81640625 0.07476473734881743 0.1140625
7 0.7161029739417754 0.59921875 0.04018974267981754 0.096875
7 0.6789751439370029 0.634375 0.06555336935072642 0.128125
7 0.754883663271821 0.6234375 0.05761360001590834 0.1171875
7 0.7994603666056845 0.61953125 0.03860906134627218 0.0953125
7 0.8294018579328668 0.66484375 0.07065904002227166 0.1640625
7 0.8694097872772298 0.58359375 0.04324201734563573 0.090625
7 0.9036933332670485 0.65859375 0.0670067813494537 0.11875
7 0.9315643419398665 0.61328125 0.027417022676635837 0.0734375
7 0.9671875 0.665625 0.065625 0.18125
0 0.98203125 0.5359375 0.0359375 0.034375
0 0.9221171639481387 0.55234375 0.019040901336727246 0.025
0 0.901114320615866 0.54453125 0.03481135200509087 0.0375
0 0.8903859059516386 0.5265625 0.020494313335454352 0.015625
0 0.83203125 0.534375 0.0421875 0.03125
0 0.807364320615866 0.54453125 0.017423857336090885 0.0203125
0 0.74453125 0.53203125 0.0328125 0.0265625
0 0.6859375 0.525 0.015625 0.0125
0 0.675 0.53046875 0.034375 0.0234375
3 0.6860523946133206 0.56328125 0.015824994668999892 0.0171875
3 0.743101825946866 0.56171875 0.015788632001908987 0.0140625
3 0.8125603506126844 0.56796875 0.011082950668363623 0.0125
3 0.8383325099459116 0.56875 0.01894999466899989 0.0171875
3 0.8683654552832749 0.5390625 0.014226132001908809 0.0140625
3 0.9165302352800934 0.5625 0.006340906667727353 0.0078125
3 0.9077183092775479 0.58125 0.012645450668363622 0.0125
3 0.99140625 0.58046875 0.0171875 0.0234375
5 0.7109375 0.6609375 0.071875 0.284375
5 0.68359375 0.68984375 0.1015625 0.3421875
5 0.75859375 0.6765625 0.1078125 0.315625
5 0.8031120779360486 0.64140625 0.05250902402927134 0.215625
5 0.8421875 0.72890625 0.115625 0.4203125
5 0.871875 0.65078125 0.065625 0.2640625
5 0.890625 0.534375 0.01875 0.03125
5 0.9305285532702301 0.63515625 0.039754485359635085 0.19375
5 0.9082262919319122 0.671875 0.08773854670590744 0.2890625
5 0.9640625 0.72578125 0.071875 0.4140625