6 0.0125 0.23515625 0.025 0.0890625
6 0.13308222823539007 0.20406324776050483 0.03800906010845857 0.08771816861791085
6 0.2641367855151783 0.1697059075978169 0.02538179508134384 0.06577044574527395
6 0.35546875 0.1328125 0.0078125 0.04375
6 0.06904647843178183 0.0747439073032293 0.006359084308955332 0.018786361436318445
6 0.02216693325224197 0.07423536807561786 0.00634999394987581 0.017223861436318443
6 0.14483681879086144 0.07586552488786787 0.007930674668035032 0.020357951795398142
6 0.23235045432948082 0.07770021477940929 0.011064765027114731 0.021938632513557366
6 0.3018907946885605 0.0788581938003663 0.00634999394987581 0.017223861436318443
6 0.32338452048806365 0.1474854739527914 0.01749657220870695 0.05322499394987581
6 0.3534532946885605 0.07855821195073891 0.007939765027114732 0.021920451795398053
6 0.2690237525340827 0.06967409134103826 0.007930674668035032 0.020357951795398056
6 0.18933625253408284 0.07013769965409873 0.007921584308955332 0.018795451795398144
6 0.12918909289316236 0.07205017847866406 0.007921584308955332 0.018795451795398144
6 0.06198341217500314 0.0693160639190876 0.00791249394987581 0.017232951795398143
6 0.010425457354542988 0.07039729576871503 0.00635908430895542 0.018786361436318445
6 0.3115885024358869 0.13427240164588863 0.023928379390299348 0.08451135538619425
6 0.32799020725634714 0.13339570287555258 0.019231789031219648 0.0829215843089555
9 0.1796875 0.2484375 0.359375 0.0625
5 0.6671875 0.13984375 0.325 0.2796875
9 0.015625 0.63515625 0.03125 0.0265625
8 0.2716998215213359 0.6160769135497453 0.028306807181592397 0.031413626463433174
9 0.2436475443939729 0.6287405400131784 0.031413626463433174 0.02830680718159222
3 0.3064520714231401 0.6807206756499937 0.007876132513557366 0.010982951795397966
0 0.3063384419346448 0.6611894256499937 0.018940897540672096 0.03292158430895533
5 0.30064749901804133 0.7573195370863122 0.040371511707465044 0.22522725897699053
4 0.16252480942108746 0.6510882386853185 0.02532725292686635 0.056395445745273776
0 0.16071232454639803 0.6081285790443982 0.015743174668035032 0.020403403590796287
5 0.161993544295777 0.6940615338648584 0.04176129488495235 0.19554884933607006
5 0.6265625 0.63984375 0.534375 0.7203125
4 0.61015625 0.77265625 0.3703125 0.4546875
1 0.6248061199223296 0.4384746091968233 0.19671241529826097 0.24176129488495218