6 0.38125 0.31953125 0.0546875 0.0984375
6 0.159375 0.32890625 0.0453125 0.090625
6 0.07734375 0.24296875 0.0203125 0.0453125
6 0.20625 0.21953125 0.01875 0.0421875
6 0.359375 0.19453125 0.01875 0.040625
6 0.4796875 0.171875 0.0171875 0.034375
6 0.059375 0.23203125 0.015625 0.0375
6 0.3296875 0.1859375 0.0140625 0.034375
6 0.44375 0.16875 0.015625 0.034375
9 0.24453125 0.54609375 0.4890625 0.4859375
3 0.68203125 0.62890625 0.190625 0.1953125
4 0.83125 0.684375 0.3375 0.190625
5 0.74453125 0.45859375 0.5109375 0.6609375
3 0.0734375 0.83984375 0.146875 0.1015625
4 0.203125 0.9296875 0.40625 0.140625
5 0.22578125 0.89453125 0.4515625 0.2109375