6 0.5283100973901792 0.2743338587682681 0.024019302673454136 0.050272720003181705
6 0.36123168539145195 0.2817634560789054 0.028779528007635946 0.056577264003817976
6 0.41350216271481594 0.20894412141945057 0.014426126670909057 0.031413632001908984
6 0.56640625 0.24921875 0.0046875 0.0296875
6 0.48465045671545226 0.21445887209576836 0.014371582670272609 0.026726132001908987
6 0.4249936460454979 0.1895492314210414 0.011192038669636162 0.02200226933481808
6 0.38583114871099794 0.18050094808240527 0.009629538669636162 0.021984088001272717
6 0.010077718053770246 0.24565049669795308 0.019204533338636143 0.03928067600254544
6 0.05803341271481597 0.20480786803786186 0.012863626670908878 0.03139545066836362
6 0.09528796471195244 0.18415047004295254 0.011228401336727067 0.02512726933481808
6 0.34899422004295255 0.16991743674408735 0.008048857336090797 0.020403406667727265
6 0.2903368353755435 0.16376688673613318 0.008030676002545256 0.018840906667727177
6 0.22705558537554352 0.16303054272754264 0.008012494668999892 0.017278406667727175
6 0.14199024204327074 0.16985216004931591 0.008012494668999892 0.017278406667727265
6 0.25261920671545235 0.21175894406426976 0.017642033338636055 0.03926249466899989
6 0.19922148671227066 0.18770327872372466 0.012827264003817973 0.028270450668363624
6 0.2514470580442252 0.17815610339749705 0.011228401336727246 0.02512726933481808
6 0.32185046471195244 0.18678676340704206 0.01124658267027261 0.02668976933481808
4 0.17423003003658924 0.12101521805377029 0.0064499946689998925 0.01726022533418181
5 0.17429366470399826 0.1264839680537703 0.01142839600572696 0.04231476933481808
9 0.25234375 0.46171875 0.5046875 0.3140625
7 0.8732862427195884 0.26263329010181347 0.04020792401336308 0.09889203333863614
7 0.9158282787237246 0.2935929361075405 0.06715223201781732 0.13201361600890865
7 0.8377032787237247 0.2926838694302683 0.05921246268299925 0.12098520934118148
7 0.7924089600572701 0.29371911075745033 0.03862724267981754 0.0973113520050907
7 0.7687811033974971 0.34421855008749597 0.07225790268936265 0.16800566000954512
7 0.7171089680537703 0.26706515674726905 0.04326019867918127 0.09267839600572696
7 0.6930543973981333 0.348024255410542 0.06858746268299924 0.12109429734245403
7 0.6589606607256336 0.3046646067393148 0.02899770401018138 0.07532726400381798
7 0.615625 0.365625 0.09375 0.1875
0 0.590625 0.228125 0.04375 0.046875
0 0.6597868167170431 0.2414015380728603 0.01904090133672707 0.025218176002545344
0 0.6792180693825431 0.23303505474217837 0.03481135200509069 0.03789998933799978
0 0.6875754620464525 0.2128225520766783 0.020494313335454352 0.015861357336090797
0 0.7115396733768161 0.1912293627466327 0.025290901336727244 0.025290901336727067
0 0.7468595553787252 0.20570094275140516 0.044277258672817864 0.0458215773392725
0 0.7735765967138615 0.21929127542167776 0.0174238573360908 0.020512494668999893
0 0.8342504673774526 0.19734409742995013 0.03319430800445424 0.03319430800445433
0 0.8926442227084527 0.18083839743790428 0.015843176002545433 0.01893181333545444
0 0.9020919480426345 0.18719748543917697 0.03626476400381797 0.028543170671545236
3 0.8978226187141797 0.2230804414385406 0.015824994668999892 0.01736931333545444
3 0.8400737533815887 0.22787648209735917 0.015788632001909164 0.01424431333545444
3 0.7715237480505885 0.2442640034213596 0.011082950668363623 0.012627269334818081
3 0.745797042051225 0.24865151141785974 0.020512494668999893 0.0174238573360908
3 0.7119033000477251 0.2224793627466327 0.014226132001908986 0.014226132001908986
3 0.6669453360518613 0.25242085407381476 0.006359088001272539 0.009447725334181811
3 0.6773015807208612 0.2697265327418602 0.014207950668363622 0.012663632001908986
3 0.5922907813892248 0.28123565006363344 0.017460220003181703 0.023637494668999892
5 0.8849055427275427 0.3213543094366316 0.07376695337363444 0.29769316000954493
5 0.9172276940642698 0.3467270267743133 0.10098398138127038 0.35425224267981753
5 0.8398475813971789 0.34270205076381377 0.11008626137808894 0.33092383068109027
5 0.7926816800604518 0.31715661075745033 0.05410788669636233 0.21934998400699968
5 0.7625 0.4 0.115625 0.4375
5 0.720897586728179 0.32413276941435987 0.06433740937299817 0.2928965720082724
5 0.6884476187141797 0.22064414274345098 0.019149989337999784 0.03459317600254526
5 0.6623401993952699 0.3265759694064057 0.04137152936027135 0.19889203333863606
5 0.6900839387332697 0.361269142743451 0.0877930907065437 0.2947317920114541
5 0.58046875 0.31015625 0.0234375 0.0828125
5 0.621875 0.41015625 0.10625 0.4171875
5 0.578125 0.3453125 0.01875 0.28125
8 0.284375 0.809375 0.56875 0.38125
8 0.64140625 0.853125 0.1453125 0.29375