6 0.36171875 0.48559064646051747 0.06875 0.13946247579950324
6 0.234375 0.22859978219552862 0.0328125 0.05019089754067192
6 0.2046875 0.18077081537301587 0.0203125 0.05168067466803503
9 0.1765625 0.43984375 0.353125 0.3203125
6 0.10625 0.12629187275099998 0.0125 0.026635222872636886
6 0.290625 0.17267703512239488 0.009375 0.025054542154477666
6 0.29921875 0.17428953209733278 0.0109375 0.014126132513557366
6 0.240625 0.14191739363184705 0.009375 0.015679542154477664
6 0.19375 0.12523843285945854 0.0078125 0.015670451795398145
6 0.17734375 0.1360804840891226 0.0078125 0.018795451795398144
6 0.1703125 0.13603957747326428 0.0125 0.014135222872636976
6 0.1625 0.14849412567786624 0.0125 0.02194772287263689
6 0.14453125 0.11792083654845058 0.0078125 0.014107951795398144
6 0.14140625 0.11243390583029136 0.0046875 0.010964771077238833
6 0.08828125 0.10274983362158437 0.0046875 0.009402271077238834
6 0.0765625 0.10424415592848724 0.00625 0.010973861436318445
6 0.04140625 0.09935212284919581 0.00625 0.014098861436318444
6 0.0265625 0.11098451443793947 0.009375 0.020367042154477665
6 0.6328125 0.14497771935659554 0.053125 0.08155907220870695
6 0.8046875 0.12332140885535345 0.028125 0.05328862646343317
6 0.9421875 0.14443386045435974 0.025 0.03608294574527378
6 0.9984375 0.10859375 0.003125 0.0203125
9 0.78671875 0.36328125 0.4140625 0.4734375
2 0.32265625 0.85703125 0.5140625 0.2859375
5 0.28984375 0.83828125 0.5796875 0.3234375
0 0.7 0.783469089377121 0.06875 0.07539997579950324
0 0.8984375 0.7549360649802324 0.109375 0.1271988251355733
5 0.67421875 0.86953125 0.1890625 0.2609375
5 0.82578125 0.8359375 0.3484375 0.328125
4 0.83828125 0.89609375 0.2328125 0.2078125
4 0.68125 0.9171875 0.11875 0.165625
4 0.61640625 0.6923577551663614 0.0203125 0.03605567466803503
0 0.6203125 0.6658179810640605 0.015625 0.01571590359079611
5 0.609375 0.7134105985505031 0.0484375 0.11746930113146821