6 0.3336546479551384 0.2628394245703681 0.019240896005727138 0.04240567600254534
6 0.4035666112746846 0.36357467389405035 0.03998974801081765 0.08014203333863605
6 0.13122908195418398 0.2722251572645032 0.019222714672181597 0.04084317600254535
6 0.025723421944638947 0.3437558066120479 0.030451116008908662 0.06597044533736351
6 0.32307168395927466 0.2324979439051862 0.012772720003181703 0.023582950668363533
9 0.25 0.6140625 0.5 0.290625
6 0.013869406627956327 0.22125409794718426 0.00812158267027252 0.026653406667727263
6 0.08043019796309263 0.20720014127150285 0.008030676002545433 0.018840906667727177
6 0.11566826396404703 0.19975981126673034 0.004832950668363622 0.012554544000636358
6 0.17534270862509285 0.24046607992523067 0.012863626670908878 0.03139545066836362
6 0.18573531596118364 0.22003540125718532 0.0064863573360906205 0.02038522533418181
6 0.1670762226289108 0.21244107725973063 0.0065045386696361614 0.021947725334181812
6 0.19975236262731996 0.2237780192552763 0.009647720003181703 0.02354658800127272
6 0.2539222419637289 0.20049451324795847 0.0064681760025454334 0.018822725334181813
6 0.26011769796309264 0.20510928791377667 0.0064681760025454334 0.018822725334181813
6 0.2952194039624563 0.2093877079090042 0.0064499946689998925 0.01726022533418181
6 0.4852449672979107 0.19155367588323263 0.006431813335454351 0.01569772533418181
6 0.4376250799650016 0.18898320655636872 0.0064499946689998925 0.01726022533418181
6 0.44146769529759256 0.19440650322250513 0.007994313335454351 0.015715906667727174
6 0.4101358792966381 0.201801379893414 0.008048857336090797 0.020403406667727175
6 0.35781031063018354 0.20084795456718635 0.007994313335454351 0.015715906667727174
8 0.74140625 0.3796875 0.4828125 0.759375
2 0.6798211232893202 0.14315527526259414 0.03166817067154533 0.03630112667090888
4 0.6768682986155478 0.19552629726291232 0.059793170671545326 0.03662839067472694
5 0.6756148812858204 0.16898197859645778 0.08226815467854501 0.0884454293443631
4 0.45 0.8671875 0.1 0.2125
3 0.40703125 0.7671875 0.0265625 0.015625
5 0.3765625 0.8796875 0.246875 0.240625
9 0.75 0.8796875 0.5 0.240625