9 0.26484375 0.25 0.5296875 0.5
8 0.8203125 0.309375 0.359375 0.38125
8 0.46796875 0.61328125 0.1234375 0.2265625
5 0.525 0.6109375 0.009375 0.034375
7 0.52421875 0.6171875 0.0109375 0.021875
8 0.09433826893593951 0.809296690186129 0.11875104176169433 0.26943177693097126
8 0.09453125 0.56328125 0.1890625 0.1265625
0 0.00234375 0.5484375 0.0046875 0.009375
7 0.0046875 0.56640625 0.009375 0.0234375
5 0.00625 0.571875 0.0125 0.059375
8 0.56328125 0.68984375 0.0671875 0.1109375
8 0.76484375 0.65703125 0.4703125 0.3140625