6 0.619496451206223 0.38123838677590405 0.05050906010845857 0.08808180267345414
6 0.5668845356133743 0.33453556210213165 0.028434072208706952 0.05345226400381797
6 0.6088220507386847 0.2920577081078587 0.022138620413308985 0.04556703866963625
6 0.5596760236113216 0.3039849961011772 0.02210225897699054 0.039317038669636165
6 0.10390625 0.4515625 0.0515625 0.05625
6 0.17977542105379776 0.39721409138286135 0.03791815651766246 0.07231135200509069
6 0.2467356620768073 0.35893338872531555 0.02845225292686617 0.056577264003817976
6 0.29034930669061304 0.33600496606458796 0.02372839149054773 0.050272720003181705
6 0.3535032916634984 0.31486631007317845 0.02528180113146803 0.04872840133672707
6 0.4408942073545429 0.2971344647517234 0.020539758976990542 0.0392988573360908
6 0.5259731893023663 0.2848440974299501 0.01739657825883114 0.03613749466899989
6 0.6040481923274283 0.27715941410722233 0.018995439695149587 0.04240567600254534
9 0.6363925388348279 0.1970724721116767 0.1115556444174139 0.10754087468172653
9 0.5060601442210222 0.21899183076063206 0.16480790944452864 0.13003404002227165
9 0.3546875 0.43125 0.709375 0.096875
2 0.6431828943192182 0.1557480381126312 0.011001132513557365 0.011064769334818125
3 0.6432556171918552 0.16824803811263117 0.0063045421544778435 0.009447725334181766
4 0.6464942466803503 0.1878156507797221 0.02051248789975162 0.034611357336090796
5 0.6513135568870048 0.2105264447803584 0.04133404800821019 0.1223477146721816
1 0.77734375 0.365625 0.1359375 0.228125
5 0.8546875 0.23984375 0.290625 0.4796875
8 0.3546875 0.83046875 0.709375 0.3390625
0 0.42459808342519256 0.9125685607494962 0.026726126463433177 0.02843408267027243
3 0.4293992129136878 0.9321543547501324 0.012572722872636888 0.012645450668363622
4 0.43497704722264324 0.9509679894175417 0.03303066861791084 0.037881808004454245
5 0.4317475080932276 0.9329628767504508 0.04261474687674216 0.07392839600572713
7 0.8546875 0.6921875 0.290625 0.425
5 0.8546875 0.7171875 0.290625 0.475
5 0.8546875 0.94453125 0.290625 0.1109375