6 0.20062477312034233 0.36640312471491726 0.08855448165323558 0.18175906010845858
6 0.07868107454639803 0.22101387754358762 0.042742011903856715 0.09555793969514959
6 0.00703125 0.15234375 0.0140625 0.0671875
9 0.184375 0.4109375 0.36875 0.4375
6 0.8248566377781146 0.2991797841594459 0.24664073418731852 0.49829309601642036
2 0.7136151316297946 0.38186099483363856 0.08643746974937905 0.08643746974937905
3 0.7310667729239506 0.5614530460633025 0.07562723477649361 0.10824883723582168
5 0.70859375 0.48203125 0.3484375 0.2953125
3 0.03647084864869896 0.9509836995559029 0.03926248789975162 0.03460225897699054
3 0.218597547419035 0.9663309227231274 0.04395907825883114 0.03619203005422946
0 0.22842654449216876 0.91002183538911 0.07063975292686617 0.05665906615858276
0 0.04242541197861147 0.9001660881195844 0.05496930113146803 0.048755662567786476
5 0.20234375 0.9375 0.2046875 0.125
4 0.684375 0.81484375 0.63125 0.3703125
5 0.684375 0.81484375 0.63125 0.3703125