6 0.20234375 0.18298795938095233 0.0578125 0.08973520934118148
6 0.3890625 0.16016062873963302 0.03125 0.05817612667090888
6 0.53828125 0.183771946093223 0.0265625 0.04093408267027261
9 0.284375 0.334375 0.56875 0.35
8 0.784375 0.2546875 0.43125 0.509375
8 0.48515625 0.56640625 0.1671875 0.1140625
9 0.325 0.5421924260820872 0.0703125 0.04144316000954511
6 0.2390625 0.5411924527370877 0.0109375 0.015752269334818082
6 0.225 0.5386850707351787 0.0125 0.01733295066836362
6 0.2078125 0.5361413260661788 0.0109375 0.01731476933481808
6 0.19140625 0.5336066720639516 0.0125 0.020457950668363624
6 0.1796875 0.5319078120623607 0.0109375 0.02200226933481808
6 0.16953125 0.5294458833943153 0.0125 0.020457950668363624
9 0.14375 0.521875 0.04375 0.025
8 0.10859375 0.597486811386043 0.1359375 0.13283177601845378
8 0.784375 0.7546875 0.43125 0.490625
7 0.83671875 0.8156571980824052 0.0328125 0.061319308004454245
5 0.8421875 0.8399395827498143 0.0765625 0.17901588534372684