6 0.45483086222188546 0.19264410147736938 0.06788745764913066 0.12070338544042354
6 0.3120030127876195 0.1675935836215844 0.04741133118569749 0.0924602107723885
6 0.17380357601933602 0.15272658684303816 0.03321247579950315 0.06894089754067209
6 0.07159618140553028 0.12869366832332324 0.020585210772388507 0.04699317466803503
6 0.050606970534945894 0.11060219847574845 0.01897725897699045 0.03917158430895533
6 0.02254105786896341 0.10028232201231528 0.01583407825883123 0.03602840359079611
6 0.00234375 0.09296875 0.0046875 0.0265625
6 0.010917756639299392 0.08380789431921816 0.012645445745273865 0.02507272287263689
6 0.50546875 0.06875 0.0078125 0.040625
6 0.4633796813073344 0.0661270532727675 0.01896816861791084 0.03760908430895542
6 0.4666046752572102 0.04895773399092671 0.01739657825883114 0.03603749394987581
6 0.5046875 0.0375 0.009375 0.034375
6 0.35890125956616564 0.029580499214433065 0.007921584308955332 0.018795451795398144
6 0.4050404613615637 0.02203616480728181 0.00791249394987581 0.017232951795398056
6 0.28148478669352867 0.04163052643999201 0.011064765027114731 0.021938632513557366
6 0.19390297346181215 0.05518396633153344 0.012636355386194254 0.023510222872636887
6 0.12274104576871499 0.06648910499341083 0.007921584308955421 0.018795451795398144
6 0.11216663925105257 0.13830501765939332 0.023764752926866174 0.056386355386194256
6 0.07191888915285674 0.07322491832332326 0.011073855386194254 0.023501132513557364
6 0.0015625 0.0703125 0.003125 0.021875
6 0.05633479576871499 0.06610276473252705 0.011064765027114643 0.021938632513557366
6 0.15642115417997138 0.0518407977136226 0.011064765027114643 0.021938632513557366
6 0.2369489915139889 0.04215270120622287 0.00948408430895542 0.018804542154477667
6 0.29715069330938704 0.034690180030788206 0.009484084308955332 0.018804542154477667
6 0.3644063710024841 0.023362315471211748 0.00947499394987581 0.017242042154477666
6 0.41679102761834236 0.016635592500378937 0.007930674668035032 0.020357951795398056
6 0.12162799766230892 0.12351580981387097 0.03332156010845857 0.0876908975406721
6 0.1052126573032293 0.12498286104353502 0.02861587939029935 0.08453862646343317
9 0.2546875 0.2390625 0.509375 0.221875
8 0.76015625 0.175 0.4796875 0.35
9 0.7546875 0.1546875 0.490625 0.309375
1 0.05234375 0.70859375 0.1046875 0.2421875
2 0.1 0.45078125 0.2 0.2015625
4 0.16796875 0.9015625 0.3359375 0.196875
5 0.22265625 0.675 0.4453125 0.65
1 0.7515625 0.68046875 0.484375 0.3578125
2 0.71328125 0.44296875 0.4078125 0.1859375
4 0.7546875 0.8796875 0.490625 0.240625
5 0.7546875 0.675 0.490625 0.65