9 0.2 0.21953125 0.4 0.4390625
8 0.6804467372692756 0.1421875 0.22367495202099902 0.1546875
4 0.5889490332590943 0.2171875 0.03657384667409058 0.0546875
2 0.5792836792648213 0.175 0.015770450668363623 0.0125
3 0.5807007285964578 0.1875 0.014207950668363622 0.0125
5 0.5855785852562307 0.23828125 0.06575336401972649 0.1453125
9 0.9007865092695937 0.13984375 0.16319089067472703 0.059375
3 0.5088540952816842 0.54296875 0.00948408800127254 0.009375
0 0.5059563619510022 0.5234375 0.020585220003181703 0.0234375
4 0.4992791006126843 0.56015625 0.034865896005727134 0.0421875
4 0.5779580839433662 0.5796875 0.031995434675363296 0.0640625
5 0.5842353559436845 0.57734375 0.0655533693507266 0.128125
5 0.5091899026098208 0.58125 0.07667268268618095 0.14375