6 0.36953125 0.26328125 0.0390625 0.0515625
6 0.4405143530485033 0.234375 0.030023843285945873 0.0578125
6 0.4859677536142373 0.21015625 0.02373748184962743 0.0515625
6 0.54375 0.1859375 0.0125 0.05
7 0.70390625 0.11796875 0.2421875 0.2359375
5 0.7234375 0.14453125 0.34375 0.2890625
8 0.275 0.646875 0.55 0.70625
0 0.8026603499252453 0.5484375 0.08162270472226432 0.0640625
3 0.8109768439733169 0.59609375 0.04551248789975162 0.034375
4 0.8136109645830174 0.68046875 0.1462942587805987 0.16875
5 0.803125 0.74921875 0.33125 0.5015625