6 0.12984047346181216 0.25074294778837736 0.02209316861791084 0.037627265027114644
6 0.2687847987937772 0.2718644897464634 0.018968168617910664 0.037609084308955334
6 0.3460376452029809 0.2879394625209044 0.014253397540672097 0.032894313231716585
6 0.3507978680756178 0.2754667335981432 0.011128397540672097 0.032876132513557366
6 0.2783325156162899 0.24223153190094102 0.00953862646343282 0.028179542154477665
6 0.22300921136156368 0.21690882415361462 0.011082945745273775 0.025063632513557366
6 0.40054281714054146 0.45388717026823083 0.03960792154477701 0.09397725897699036
6 0.434375 0.38671875 0.009375 0.0578125
6 0.4359375 0.28515625 0.00625 0.0296875
6 0.42967230181883914 0.281394546731664 0.006422716822513053 0.029723861436318444
6 0.421791624125742 0.29306784493626586 0.007957945745273776 0.025045451795398143
6 0.1863995456705192 0.19794520071524363 0.011064765027114731 0.021938632513557366
6 0.20284215710683764 0.19179064948557958 0.00634999394987581 0.017223861436318443
9 0.1171875 0.45859375 0.234375 0.2828125
9 0.20690294321119113 0.1652508753832786 0.03303975897699054 0.03925339754067201
3 0.925 0.46328125 0.15 0.2296875
1 0.696875 0.3625 0.515625 0.44375
2 0.68984375 0.0640625 0.5015625 0.128125
2 0.965625 0.11875 0.06875 0.2375
5 0.859375 0.3 0.28125 0.6
5 0.709375 0.3 0.540625 0.6
4 0.894420082167656 0.7264418636758136 0.19513173458010194 0.23862720452587247
3 0.83984375 0.6078125 0.0890625 0.015625
5 0.8265625 0.8 0.346875 0.4