6 0.03046875 0.32421875 0.034375 0.1
6 0.20234375 0.15078125 0.0234375 0.059375
6 0.49140625 0.14765625 0.028125 0.05
6 0.44921875 0.1046875 0.0125 0.0546875
9 0.27890625 0.3546875 0.5421875 0.109375
6 0.3328125 0.06953125 0.009375 0.028125
6 0.53828125 0.07578125 0.00625 0.0265625
6 0.54609375 0.07578125 0.0078125 0.0140625
6 0.47890625 0.05625 0.00625 0.015625
6 0.42578125 0.0484375 0.0046875 0.015625
6 0.4109375 0.06328125 0.0046875 0.0203125
6 0.403125 0.06484375 0.0109375 0.0140625
6 0.396875 0.08046875 0.009375 0.021875
6 0.371875 0.05234375 0.0046875 0.0140625
6 0.36796875 0.046875 0.003125 0.0109375
6 0.309375 0.0484375 0.003125 0.0109375
6 0.29765625 0.05390625 0.0046875 0.0125
6 0.25859375 0.05625 0.0046875 0.015625
6 0.24609375 0.07265625 0.00625 0.021875
6 0.16953125 0.08203125 0.0046875 0.0171875
6 0.2125 0.11171875 0.009375 0.0296875
6 0.12421875 0.11328125 0.0109375 0.034375
6 0.08515625 0.096875 0.00625 0.0234375
6 0.05703125 0.08515625 0.0046875 0.0140625
6 0.0140625 0.14453125 0.0109375 0.03125
0 0.58828125 0.35859375 0.0171875 0.0171875
4 0.596875 0.3890625 0.0375 0.040625
4 0.58515625 0.37890625 0.0703125 0.0609375
8 0.0828125 0.49453125 0.165625 0.1703125
5 0.04375 0.4328125 0.040625 0.046875
8 0.775 0.703125 0.45 0.5875