6 0.24921875 0.275 0.0109375 0.009375
6 0.28828125 0.27109375 0.0109375 0.0171875
6 0.32552567818407646 0.266512351771957 0.009493174668035032 0.020367042154477665
6 0.3810126089022357 0.2637100595192834 0.007921584308955332 0.018795451795398144
6 0.415625 0.27265625 0.00625 0.0140625
6 0.3484375 0.275 0.0125 0.009375
8 0.634375 0.14453125 0.43125 0.2703125
8 0.2453125 0.53359375 0.346875 0.5078125
8 0.209375 0.7546875 0.41875 0.490625
7 0.06576784134103826 0.7952453640685972 0.028315897540672007 0.032976126463433265
2 0.06829339852263061 0.7640089996072165 0.0157159035907962 0.015715903590796287
5 0.06817067867505577 0.7851027496072166 0.03783634328594587 0.05803066861791084
8 0.709375 0.65234375 0.58125 0.6953125