0 0.82265625 0.125 0.2265625 0.25
3 0.9255615187395477 0.153125 0.11657039734428025 0.1625
5 0.85078125 0.2328125 0.2984375 0.465625
4 0.44765625 0.9453125 0.2046875 0.109375
4 0.1895841538853838 0.67109375 0.1819499576491305 0.1203125
3 0.2483369851692771 0.64375 0.05952953610435365 0.0265625
3 0.3508115036142373 0.88984375 0.026726126463433177 0.028125
0 0.3894018258229443 0.83671875 0.15193520472226432 0.0640625
2 0.2728693525575239 0.58984375 0.12070338544042354 0.0671875
5 0.18367452147002225 0.746875 0.336583957256347 0.3796875
5 0.37421875 0.8984375 0.3515625 0.203125
7 0.8015625 0.76953125 0.396875 0.4609375
5 0.80546875 0.76953125 0.3890625 0.4609375