0 0.5604632386853184 0.1671875 0.218423788834828 0.2125
0 0.95390625 0.25703125 0.0921875 0.2140625
0 0.665625 0.40078125 0.1625 0.0578125
0 0.9453125 0.38203125 0.109375 0.0953125
5 0.84609375 0.0296875 0.2484375 0.059375
0 0.6453508022116227 0.34765625 0.16956813231716553 0.140625
4 0.634122931601922 0.26328125 0.11484427088084707 0.134375
4 0.77734375 0.31484375 0.2015625 0.2296875
2 0.751833127249 0.1734375 0.1131363251355733 0.109375
3 0.8359172357584523 0.2234375 0.04560339149054791 0.05
5 0.94921875 0.1015625 0.1015625 0.203125
4 0.96484375 0.0703125 0.0703125 0.140625
5 0.71875 0.39296875 0.33125 0.0734375
5 0.5913041725267357 0.2375 0.2641817164297294 0.2890625
5 0.78828125 0.25546875 0.3671875 0.3484375
5 0.9546875 0.25546875 0.090625 0.2203125
8 0.1625 0.78125 0.325 0.4375
3 0.5296875 0.5890625 0.2 0.15
4 0.59375 0.659375 0.328125 0.28125
5 0.71484375 0.62734375 0.5703125 0.3953125
2 0.5109375 0.82890625 0.1625 0.1359375
5 0.67265625 0.86015625 0.4859375 0.2796875