9 0.8046875 0.075 0.390625 0.15
6 0.2296875 0.5894362464839585 0.04375 0.07837953005422929
6 0.39140625 0.526314598648699 0.021875 0.05168976502711473
6 0.52890625 0.5138333002477053 0.0203125 0.03449317466803503
6 0.58046875 0.4649145320973328 0.0109375 0.020376132513557365
6 0.5953125 0.45875089050858914 0.00625 0.015661361436318445
4 0.08125 0.4221664123713949 0.009375 0.018804542154477667
5 0.08359375 0.4292112979100143 0.0140625 0.05476931323171659
9 0.35234375 0.78828125 0.5140625 0.4234375
9 0.596875 0.434375 0.025 0.0375
6 0.87421875 0.4522412943939729 0.0171875 0.03759999394987581
6 0.77578125 0.515731101771957 0.0265625 0.06109203610435347
9 0.8046875 0.82265625 0.390625 0.3546875
6 0.625 0.42735388212077385 0.0140625 0.032894313231716585
6 0.76484375 0.4008237192583996 0.0078125 0.02504545179539801
6 0.82734375 0.3894685836215844 0.0078125 0.017232951795398056
6 0.8609375 0.3834140263417961 0.0046875 0.012527271077238833
6 0.91640625 0.42279923408912257 0.0109375 0.029751132513557366
6 0.9265625 0.4048895714231401 0.00625 0.018786361436318445
6 0.909375 0.3969770774732643 0.00625 0.020348861436318443
6 0.93984375 0.40887308947531686 0.0078125 0.0219204517953981
6 0.98984375 0.3896327309658646 0.00625 0.017223861436318443
6 0.99609375 0.3935753424021831 0.00625 0.017223861436318443