8 0.55390625 0.190625 0.4078125 0.38125
8 0.69765625 0.234375 0.5859375 0.46875
2 0.2604118218159236 0.6528850254216778 0.014207945745273776 0.025163632001908985
2 0.256732830792914 0.6919020720878141 0.01887726502711473 0.022093176002545435
3 0.25421636397040126 0.6621873000874959 0.01418976502711473 0.022038632001908986
3 0.26303737294739166 0.7013497974219959 0.007867042154477843 0.009465906667727175
4 0.25926293315404614 0.7239605940881323 0.02836134933607006 0.040952264003817976
4 0.23002943022717987 0.6673742394175416 0.048810204722264314 0.06462612133990878
5 0.24205270725634714 0.7198543494191324 0.09009880093507654 0.17916133601209036
5 0.26405042710392196 0.7412026380887686 0.05073631908544911 0.12714430267345414
9 0.675 0.734375 0.65 0.53125