4 0.03046875 0.06640625 0.0609375 0.1328125
5 0.0703125 0.2109375 0.140625 0.421875
6 0.7126534943426592 0.20928305464750957 0.07576359016268785 0.13168633723582168
6 0.8788193707078966 0.11535072658507009 0.07554542154477702 0.09418633723582168
9 0.7546875 0.23984375 0.490625 0.4796875
2 0.26328125 0.559375 0.4921875 0.159375
3 0.25625 0.8109375 0.50625 0.303125
5 0.2546875 0.73984375 0.509375 0.5203125
8 0.6859375 0.50703125 0.2375 0.0546875
4 0.5955876724285398 0.532374600121637 0.039398843285945874 0.05803975897699054
2 0.5833422024827691 0.4886973229942739 0.01726931323171659 0.01416249394987581
3 0.5848274344305924 0.5019694826351943 0.014135222872636887 0.012581813231716588
5 0.59140625 0.5546875 0.0734375 0.15