4 0.15806232674249648 0.17578125 0.12227608402290802 0.16875
2 0.10505441072563367 0.0515625 0.047511346674090585 0.0546875
5 0.196875 0.190625 0.278125 0.3375
8 0.75 0.1796875 0.5 0.359375
8 0.575 0.1796875 0.15 0.359375
5 0.8371225707351787 0.2546875 0.09729426535645339 0.1703125
4 0.851693600731997 0.23125 0.021076116008908484 0.065625
6 0.43204417206395157 0.53828125 0.04791133601209037 0.0890625
6 0.22865554272754265 0.515625 0.03846361067790856 0.0828125
6 0.06285782005886094 0.50078125 0.03515679734245412 0.0671875
6 0.038711248050588586 0.43984375 0.016170440006363317 0.046875
6 0.16510102538190682 0.425 0.017660214672181596 0.040625
6 0.284595912714816 0.421875 0.01606135200509069 0.0375
6 0.42911807204804325 0.42109375 0.01604317067154515 0.0359375
6 0.017362959380952357 0.41796875 0.01600680800445433 0.0328125
6 0.1493305747135433 0.4125 0.014444308004454332 0.0328125
6 0.4039817120464524 0.409375 0.012863626670908878 0.03125
9 0.25 0.775 0.5 0.45