0 0.49140625 0.3921875 0.0671875 0.0515625
2 0.465625 0.26484375 0.059375 0.0328125
2 0.2203125 0.01015625 0.1 0.0203125
4 0.5015625 0.33515625 0.084375 0.0984375
4 0.234375 0.06953125 0.1625 0.1390625
3 0.2234375 0.0375 0.0671875 0.028125
3 0.46015625 0.2828125 0.03125 0.01875
5 0.4875 0.371875 0.203125 0.253125
5 0.23203125 0.1578125 0.2734375 0.315625
5 0.79453125 0.2796875 0.4109375 0.559375
4 0.7359375 0.30703125 0.29375 0.5046875
1 0.77109375 0.0375 0.2296875 0.075
6 0.38828125 0.6 0.0671875 0.08125
9 0.29453125 0.7796875 0.5890625 0.440625
5 0.93046875 0.625 0.1390625 0.13125
5 0.65234375 0.7796875 0.1265625 0.440625