4 0.39375 0.0359375 0.228125 0.071875
4 0.46015625 0.2919651594127691 0.2046875 0.17269425469445315
0 0.434375 0.17057141740926926 0.1171875 0.05292610001590834
2 0.2171875 0.02265625 0.071875 0.0453125
3 0.265625 0.043607833386361206 0.0359375 0.03166817067154524
5 0.35390625 0.09765625 0.3515625 0.1953125
5 0.4375 0.38984375 0.28125 0.4984375
9 0.8984375 0.5488209500318166 0.0421875 0.03174089600572714
8 0.35 0.81953125 0.7 0.3609375
4 0.85 0.84140625 0.3 0.3171875
5 0.85 0.81953125 0.3 0.3609375