0 0.4619876386060028 0.24251787821194898 0.07412839067472703 0.05980224687674198
2 0.3860165792886838 0.12409915543750794 0.06604317067154515 0.036319295081344016
4 0.4494154606142752 0.18150311015977225 0.09502269334818117 0.10992042154477702
4 0.08203125 0.04921875 0.1640625 0.0984375
3 0.04921875 0.00390625 0.0734375 0.0078125
3 0.3865432906190477 0.1459787006170477 0.034611357336090796 0.02051248789975162
5 0.43125 0.21875 0.196875 0.28125
5 0.1265625 0.14375 0.253125 0.2875
8 0.76484375 0.2296875 0.4703125 0.459375
8 0.26484375 0.7296875 0.5296875 0.540625
3 0.85390625 0.47265625 0.1203125 0.0265625
4 0.8109375 0.6390625 0.378125 0.359375
5 0.79296875 0.7296875 0.4140625 0.540625