5 0.146875 0.0609375 0.29375 0.121875
1 0.621875 0.140625 0.40625 0.21875
5 0.709375 0.125 0.58125 0.25
8 0.203125 0.625 0.40625 0.75
9 0.98984375 0.41875 0.0203125 0.046875
9 0.9765625 0.40859375 0.046875 0.0640625
9 0.8203125 0.47499452657545876 0.04375 0.0395715773392725
9 0.6921875 0.5022666459261853 0.0640625 0.047620434675363296
9 0.6984375 0.4756314205920035 0.040625 0.0348477146721816
9 0.7171875 0.4972882445894581 0.0484375 0.045876121339908774
9 0.60234375 0.5095620726050483 0.05625 0.050654528007635945
9 0.45546875 0.5198648679583201 0.0578125 0.053797709341181485
8 0.9328125 0.6432167205601866 0.109375 0.14033519334818118
8 0.54765625 0.78828125 0.2578125 0.2546875
8 0.9265625 0.3596956958943685 0.0265625 0.034684082670272606
9 0.871875 0.37908204256845907 0.0265625 0.02374658267027261
9 0.853125 0.37617521857100444 0.0234375 0.025272720003181703
9 0.81484375 0.3656831612428678 0.0109375 0.02200226933481808
9 0.82890625 0.3709882792409588 0.0296875 0.025345445337363427