2 0.04330613504764012 0.019814702697316777 0.06425339754067191 0.03355793467536321
4 0.01328125 0.0765625 0.0265625 0.10625
3 0.043428854895214954 0.04090845269731678 0.03292158430895542 0.019131808004454333
5 0.046875 0.12578125 0.09375 0.2515625
5 0.309375 0.0828125 0.259375 0.165625
8 0.72421875 0.36953125 0.5515625 0.4984375
0 0.3671875 0.659375 0.084375 0.08125
3 0.3666805234149299 0.6634850760661788 0.04557612041330898 0.045839758672817865
7 0.3015625 0.84453125 0.196875 0.3109375
5 0.2671875 0.809375 0.340625 0.38125
8 0.71953125 0.809375 0.5609375 0.38125