3 0.14790060331795524 0.019842783864858316 0.05973862667090888 0.031595433645025484
4 0.0921875 0.03671875 0.184375 0.0734375
5 0.12421875 0.14140625 0.2484375 0.2828125
8 0.836624559277548 0.32289454011137425 0.17485673870145285 0.2572499394987579
8 0.82265625 0.58515625 0.1359375 0.2890625
6 0.07109375 0.98046875 0.0390625 0.0390625
6 0.28497115260982075 0.9286718414392341 0.01762385200509069 0.03759999394987581
6 0.4105524079408209 0.9451275675333249 0.02561816534054522 0.05327044574527377
6 0.2342989906110935 0.9195922781093216 0.014480670671545326 0.03601931323171641
6 0.23994955394654793 0.9039354618525429 0.012899989337999785 0.034447722872636886
6 0.2837722792807297 0.8974309317983138 0.012863626670909057 0.03132272287263689
6 0.32605068594845693 0.8893729921031641 0.0065045386696361614 0.021911361436318444
6 0.46487682861236623 0.9088764501450781 0.01916817067154497 0.03604658430895533
6 0.4875 0.91875 0.003125 0.0375
6 0.35974443328295685 0.8805837993829524 0.009593176002545256 0.018804542154477844
6 0.3824279552832749 0.8781082391762979 0.009593176002545079 0.018804542154477844
6 0.393401817950366 0.8749196066627405 0.009593176002545079 0.018804542154477844
6 0.1348535212842295 0.8725178110904173 0.0064681760025454334 0.018786361436318445
6 0.18175579328454763 0.8699013503180287 0.006431813335454351 0.015661361436318445
6 0.05670124928391136 0.8753160790443981 0.008048857336090797 0.020357951795397965
6 0.01222454328454763 0.8708876542781672 0.0064681760025454334 0.018786361436318445
6 0.07316204328454763 0.8705331302740621 0.008030676002545433 0.01879545179539832
6 0.1411762466184113 0.8662314496540988 0.0064499946689998925 0.017223861436318443
6 0.1943012466184113 0.8659223774453917 0.0064681760025454334 0.018786361436318445
8 0.8515625 0.840625 0.296875 0.221875
8 0.63984375 0.86484375 0.3015625 0.2703125
2 0.9354615012730937 0.7790218202637995 0.01268181333545435 0.015697722872636887
7 0.9126143472708665 0.7955598804704538 0.028561352005090867 0.03766362646343309
5 0.9195910532702302 0.8002064738545955 0.04444089067472703 0.0596295300542292