4 0.55625 0.02109375 0.178125 0.0421875
5 0.50859375 0.12578125 0.3015625 0.2515625
0 0.93359375 0.2 0.1328125 0.190625
0 0.703125 0.29296875 0.0875 0.1421875
3 0.709375 0.4195510733609078 0.09375 0.08390338001272682
3 0.9546875 0.3625 0.090625 0.096875
4 0.77109375 0.515625 0.2234375 0.146875
5 0.803125 0.396875 0.2875 0.384375
5 0.88671875 0.34453125 0.2265625 0.4890625
6 0.1671875 0.79453125 0.334375 0.4109375
5 0.3296875 0.79453125 0.659375 0.4109375
4 0.440625 0.8515625 0.30625 0.296875
3 0.38125 0.6766032414067238 0.146875 0.14545904535327167