3 0.2414955909482548 0.08291353571157005 0.040770445745273956 0.025236349336070062
4 0.20665698263519428 0.16240104781181852 0.14453177088084707 0.1352113130353249
0 0.1971143318730685 0.05687321047780092 0.11905907220870696 0.053815867290050966
5 0.4609375 0.07890625 0.196875 0.1578125
5 0.3047354134515494 0.22469249043383438 0.36955099336070063 0.4083862343837101
0 0.996875 0.465625 0.00625 0.03125
7 0.99453125 0.4734375 0.0109375 0.05625
5 0.99453125 0.4875 0.0109375 0.084375
8 0.10546875 0.79140625 0.2109375 0.2640625
5 0.73046875 0.721875 0.1171875 0.125
0 0.9377353075743757 0.8701610891807292 0.0803238251355733 0.10983860831306061
3 0.942744994440855 0.9490991554375079 0.02520907825883114 0.03608294574527378