5 0.2125 0.1015625 0.334375 0.203125
5 0.31015625 0.26953125 0.1390625 0.4203125
0 0.48046875 0.05078125 0.1671875 0.1015625
0 0.45703125 0.11015625 0.1546875 0.1390625
0 0.9375 0.0984375 0.125 0.196875
0 0.5604537701934761 0.27734375 0.18401242739850954 0.20625
0 0.92890625 0.4 0.1421875 0.153125
0 0.60234375 0.41875 0.2140625 0.121875
2 0.4296875 0.371875 0.1 0.134375
3 0.4822702037403056 0.4015625 0.03151362041330898 0.0453125
0 0.92578125 0.29140625 0.1484375 0.1328125
4 0.9272276588553534 0.20625 0.10856699980360815 0.1296875
4 0.7996253545024314 0.29609375 0.18731923458010194 0.2375
2 0.7940424541330892 0.1421875 0.10842155405833438 0.1046875
3 0.7217725443939729 0.20859375 0.04246930113146803 0.0484375
5 0.49609375 0.1125 0.2328125 0.225
4 0.5484375 0.078125 0.084375 0.15625
4 0.43203125 0.27734375 0.1046875 0.1953125
4 0.8515625 0.4453125 0.134375 0.06875
5 0.86171875 0.40234375 0.2765625 0.1546875
5 0.91953125 0.17265625 0.1609375 0.2765625
5 0.7782543485505031 0.2484375 0.3458953247427898 0.36875
5 0.45 0.390625 0.140625 0.178125
5 0.5596679750139363 0.2765625 0.180923788834828 0.2125
5 0.465625 0.21484375 0.171875 0.3546875
8 0.1046875 0.54375 0.209375 0.128125
7 0.75390625 0.4875 0.0328125 0.015625
5 0.775 0.55859375 0.090625 0.1578125
8 0.68984375 0.73984375 0.6203125 0.5203125