5 0.39375 0.1671875 0.13125 0.334375
6 0.91328125 0.19945599834968003 0.0546875 0.10813066256778665
6 0.73125 0.02265625 0.028125 0.0453125
6 0.91640625 0.04084406763152075 0.021875 0.04075226502711464
6 0.97109375 0.05536965506373415 0.015625 0.034465903590796196
6 0.89140625 0.0125 0.0171875 0.025
9 0.7296875 0.234375 0.540625 0.46875
1 0.3859375 0.81640625 0.146875 0.2921875
2 0.375 0.60859375 0.16875 0.1703125
4 0.2296875 0.9390625 0.459375 0.121875
5 0.2296875 0.734375 0.459375 0.53125
1 0.95078125 0.51015625 0.0984375 0.0828125
4 0.63203125 0.7390625 0.3453125 0.521875
4 0.88359375 0.7734375 0.2328125 0.453125
5 0.69921875 0.734375 0.4796875 0.53125
5 0.86484375 0.734375 0.2703125 0.53125