4 0.1983941317279904 0.3522319252864567 0.21839651775758914 0.2103397053628168
4 0.38671875 0.03125 0.1765625 0.0625
3 0.2781811047970191 0.23410808660886628 0.025154536104353475 0.02685340133672707
0 0.2318419151018694 0.19245693594845692 0.14414088544042353 0.06886018268618095
5 0.40625 0.12890625 0.334375 0.2578125
5 0.26171875 0.38046875 0.4140625 0.4765625
7 0.9453125 0.09453125 0.109375 0.1890625
5 0.91328125 0.309375 0.1734375 0.61875
0 0.37109375 0.7390625 0.3984375 0.240625
3 0.44765625 0.946875 0.1546875 0.10625
5 0.328125 0.809375 0.603125 0.38125
2 0.81953125 0.65234375 0.1140625 0.0671875
3 0.8100073008368807 0.6848166112746845 0.0676511083130606 0.08046929734245403
7 0.7920390717177277 0.8194097872772298 0.16117489109776423 0.3112294960216353
5 0.8125 0.809375 0.365625 0.38125