4 0.1015625 0.03515625 0.203125 0.0703125
5 0.18125 0.18359375 0.3625 0.3671875
1 0.73984375 0.35 0.4015625 0.2375
2 0.753125 0.125 0.428125 0.25
4 0.76953125 0.4140625 0.4609375 0.109375
5 0.76953125 0.234375 0.4609375 0.46875
0 0.30625 0.496875 0.075 0.05625
4 0.2923168485505032 0.6478611707510871 0.12464651775758924 0.20924882535009015
5 0.26875 0.734375 0.23125 0.53125
5 0.76953125 0.734375 0.4609375 0.53125
4 0.76953125 0.9453125 0.4609375 0.109375
1 0.8328125 0.84765625 0.334375 0.3046875
2 0.853125 0.58125 0.29375 0.225