3 0.2799470961146163 0.08153564206713329 0.04389544574527378 0.025509077339272414
3 0.47959361387220534 0.2916571714274047 0.040770445745273776 0.025472714672181596
4 0.14260617739850953 0.10727943471513415 0.217996541958086 0.1415897053628168
4 0.5136373366466465 0.3693918200986318 0.14296018052176757 0.1344670013526354
0 0.5239748729473916 0.2663940894334499 0.11749657220870695 0.05448860001590834
2 0.3203811985739442 0.049195856739314835 0.0752908914905479 0.05087270401018138
5 0.17890625 0.18359375 0.3578125 0.3515625
5 0.41640625 0.3328125 0.3640625 0.2125
1 0.81953125 0.37578125 0.3609375 0.1265625
2 0.81953125 0.19609375 0.3609375 0.1703125
5 0.81953125 0.2671875 0.3609375 0.34375
5 0.22109375 0.71953125 0.3984375 0.5609375
6 0.96796875 0.9171875 0.0640625 0.165625
9 0.77734375 0.71953125 0.2765625 0.5609375
6 0.90390625 0.9140625 0.0359375 0.171875
9 0.9359375 0.71484375 0.128125 0.2328125