0 0.9101592325369985 0.32375764855191436 0.028306807181592574 0.031577264003817974
0 0.8336285487937772 0.31917978389564117 0.023573855386194255 0.023710220003181702
0 0.7719916120254936 0.30583544657068623 0.01259999394987581 0.017332950668363534
0 0.790805244539051 0.2946797705681409 0.028306807181592487 0.031577264003817974
0 0.7820615036142373 0.32056101790264085 0.047120439695149584 0.04273294000636332
0 0.6970416090004316 0.2981144005808676 0.025154536104353475 0.02685340133672707
0 0.6446978590004315 0.29872347525464 0.050263620413308986 0.04589430267345422
0 0.5978137686413519 0.3008314152610033 0.01886817466803503 0.020530676002545344
0 0.5860995638208918 0.30018652526259415 0.01886817466803503 0.020530676002545344
0 0.5556944463344491 0.28960356126673037 0.034565897540672096 0.033212489337999786
7 0.575579699457707 0.36280470393063957 0.04574883723582168 0.07552725867281787
7 0.5904507205349458 0.3579444812619578 0.01594316256778665 0.05486931333545435
7 0.6606859524827691 0.3704075712524128 0.020457945745273775 0.0252363573360908
7 0.6872302717646099 0.3732234885821403 0.06932269262201593 0.09923747867599957
7 0.7473728862259905 0.3748672572406407 0.03177724082661779 0.09098862667090887
7 0.7794177717646098 0.372150789902959 0.06291815651766228 0.07260225334181776
7 0.8191978892510526 0.3826246658975502 0.04892837939029926 0.08493862133990877
7 0.7720638140172834 0.4277013559039135 0.09149767447164336 0.15105451734563574
7 0.6244802868899205 0.41691949192395805 0.10097266842151917 0.16835110534690845
7 0.553125 0.37109375 0.046875 0.1109375
3 0.9076836723303441 0.3464411705522325 0.00947499394987581 0.01729658800127254
7 0.9120939163784156 0.39404287655159626 0.06308178298109546 0.10072725334181776
3 0.8280143530485032 0.34424341856305024 0.01414431323171641 0.014226132001908986
3 0.7701336753554061 0.35663487790423165 0.02200226502711473 0.022129538669636163
3 0.6929717325369984 0.3262848539147312 0.01571590359079611 0.015806813335454438
3 0.6499075337666624 0.3431910905872309 0.011055674668035032 0.02043976933481808
3 0.5961330939733169 0.3211620965945488 0.007876132513557366 0.011028406667727175
3 0.5828563891528568 0.32053538792968506 0.011001132513557365 0.011064769334818082
3 0.5524012746914762 0.31854617393382123 0.01884999394987581 0.017405676002545344
0 0.5641518409482548 0.31294106393223037 0.00791249394987581 0.017278406667727175
5 0.5359375 0.3203125 0.0125 0.15625
5 0.56015625 0.43046875 0.0609375 0.3265625
5 0.5723047085328934 0.3886223165977304 0.06522606596219109 0.2007454346753633
5 0.5832922055078312 0.37990129726291233 0.04948289129415606 0.18025112133990878
5 0.6140625 0.46015625 0.14375 0.3796875
5 0.6838689224285398 0.41388485124923113 0.0984203610435351 0.26675224267981756
5 0.7465280037124332 0.38581384790741335 0.06202834308955403 0.1882090720082724
5 0.7772103771508042 0.3487405619032772 0.08996244554888211 0.15572383601209036
5 0.8206740308397962 0.39745023456400475 0.07140334308955402 0.18831816000954493
5 0.8986808561717613 0.41685366788673245 0.09191583098930564 0.22292951734563574
5 0.78671875 0.471875 0.2140625 0.35625
0 0.33479912159165937 0.8355502185710044 0.09745678298109546 0.10112724267981754
0 0.3976990973911624 0.7660729652291867 0.07855224687674216 0.0743465666772721
0 0.22835874493183442 0.7352331399188674 0.04400453005422929 0.0442590773392725
0 0.11480023897990606 0.7842075366009121 0.0551511083130606 0.0803238466740905
0 0.049302504007020784 0.7630961526098208 0.07865224082661779 0.0915340666772722
7 0.04765625 0.91328125 0.0953125 0.1734375
7 0.09765625 0.915625 0.1046875 0.16875
7 0.22836276923052717 0.8688177992520947 0.09161584913967821 0.17136701734563572
7 0.31796875 0.95078125 0.1703125 0.0984375
7 0.4 0.91640625 0.103125 0.1671875
3 0.3833457059006147 0.8162365972310957 0.034547716822512696 0.030087489337999783
3 0.22808148897990604 0.7828893899188674 0.029851126463433176 0.028470445337363516
5 0.39453125 0.8625 0.1671875 0.275
5 0.31875 0.8890625 0.203125 0.221875
5 0.21015625 0.853125 0.1546875 0.29375
5 0.1 0.8671875 0.140625 0.265625
5 0.06328125 0.85703125 0.1265625 0.2859375