5 0.128125 0.0515625 0.25625 0.103125
8 0.9390625 0.125 0.121875 0.25
9 0.8241531767111384 0.21780408177487268 0.1002727107723885 0.04745678298109546
2 0.7584418182998821 0.2033421268562166 0.009429542154477666 0.009429542154477666
5 0.7593185170702181 0.21974383167667674 0.019004530054229286 0.04385908430895533
6 0.7374707881474569 0.22455859670379147 0.01269998789975162 0.034447722872636886
6 0.8124616977883774 0.2225597594679698 0.01269998789975162 0.034447722872636886
6 0.6682986073311019 0.2866818676828345 0.015879530054229284 0.04384090359079629
8 0.69765625 0.2046875 0.1171875 0.16875
8 0.4328125 0.58203125 0.115625 0.0640625
8 0.22684638465485668 0.6161137958669108 0.08804542154477701 0.09425906010845857
8 0.109375 0.5859375 0.04375 0.071875
9 0.0203125 0.56015625 0.03125 0.0203125
0 0.83984375 0.9765625 0.1703125 0.046875