3 0.20227609318774994 0.053810964592639766 0.04547612646343317 0.02865225867281791
4 0.25703125 0.096875 0.0640625 0.15625
2 0.16328125 0.021875 0.0796875 0.04375
5 0.19609375 0.18203125 0.1859375 0.3640625
5 0.1109375 0.37578125 0.221875 0.3859375
1 0.75546875 0.45390625 0.4890625 0.2296875
2 0.7625 0.2171875 0.475 0.196875
5 0.64453125 0.3328125 0.7109375 0.471875
1 0.0390625 0.91484375 0.078125 0.1703125
2 0.11822380093507637 0.7306103692711847 0.1868283551898024 0.15528857869190782
5 0.1234375 0.81796875 0.246875 0.3640625