4 0.53359375 0.046875 0.1515625 0.09375
5 0.4765625 0.14609375 0.265625 0.2921875
8 0.8046875 0.3 0.390625 0.6
5 0.96875 0.134375 0.0625 0.26875
7 0.9796875 0.07109375 0.040625 0.1421875
7 0.671875 0.3859375 0.125 0.3625
0 0.6749874062230748 0.15914021330647135 0.07708065046753809 0.0895079275949012
5 0.75390625 0.353125 0.2890625 0.49375
0 0.10500215914994104 0.7404720265381879 0.07997839149054772 0.050463608313060425
0 0.3652447675611974 0.7568293213249442 0.09406816256778647 0.05523292154477701
0 0.052635683252242015 0.7362612495090206 0.04386817466803503 0.020567030054229284
0 0.0345623941228264 0.7181879603796051 0.028215903590796197 0.015788626463433174
3 0.0488566982793567 0.7581135236113217 0.012572722872636888 0.012572722872636888
3 0.12088168920417033 0.7843129301289841 0.039198855386194255 0.02366475897699054
3 0.36470895725634717 0.7990122761454044 0.03918976502711473 0.02210225897699054
7 0.37615551736480574 0.8865759086589617 0.1322408491396782 0.17107609016268804
7 0.0847219962875669 0.880193056690613 0.1573317527304745 0.1868465359079618
7 0.0078125 0.765625 0.015625 0.0625
4 0.026223174177055684 0.7618879634046671 0.022074987899751618 0.03450226502711455
4 0.04282486689726746 0.7955771621750032 0.06290906615858276 0.0706761143631848
5 0.0109375 0.7984375 0.021875 0.184375
5 0.03036577351312575 0.8025356893023663 0.05733175273047451 0.18626475292686626
5 0.04654930971567515 0.7643498880727022 0.0535704275949012 0.07687157220870713
5 0.08671875 0.8546875 0.1734375 0.290625
5 0.3875 0.86484375 0.18125 0.2703125