3 0.40390625 0.090625 0.0484375 0.0328125
3 0.21796875 0.340625 0.0453125 0.0328125
4 0.55546875 0.103125 0.25 0.178125
4 0.1921875 0.40859375 0.16875 0.1203125
0 0.16640625 0.31875 0.13125 0.071875
2 0.35625 0.06171875 0.0859375 0.0625
5 0.50625 0.2 0.3875 0.4
5 0.30390625 0.35625 0.4390625 0.225
3 0.89453125 0.23828125 0.009375 0.0140625
0 0.8953125 0.2171875 0.028125 0.0359375
4 0.9125 0.275 0.0328125 0.071875
5 0.9078125 0.32578125 0.0890625 0.253125
1 0.284375 0.690625 0.56875 0.39375
4 0.35 0.84921875 0.7 0.3015625
5 0.35 0.734375 0.7 0.53125
8 0.85 0.734375 0.3 0.53125