4 0.221875 0.075 0.21875 0.15
5 0.26328125 0.20703125 0.3359375 0.4140625
8 0.8421875 0.10703125 0.234375 0.2140625
8 0.809375 0.24453125 0.38125 0.4890625
2 0.8368887359564111 0.07109583352338848 0.014262494668999893 0.01726931323171659
3 0.8374518099538658 0.08985037870292834 0.01266363200190881 0.014135222872636887
5 0.8324824992839114 0.11404185762568941 0.05281701201463562 0.10811248184962743
4 0.8410035239497295 0.12034185460062737 0.020821577339272323 0.04386817466803503
0 0.64765625 0.63203125 0.0578125 0.0578125
0 0.7498705412953653 0.6009474808676687 0.03622840133672707 0.02520907825883114
0 0.6863438432925019 0.6216730713249442 0.04718408267027261 0.026835210772388506
0 0.8959461099618199 0.603359929441613 0.039353401336727246 0.02522725897699054
0 0.9448199619669106 0.5661417305730811 0.036228401336727244 0.02520907825883114
0 0.9071017859643653 0.5846735619551703 0.03619203866963616 0.02208407825883114
0 0.7029682692950472 0.6030185200952802 0.028343176002545434 0.018913626463433177
3 0.8894870246260475 0.6212923180052945 0.011046588001272539 0.009438632513557366
1 0.7567108872931383 0.6173946374835271 0.017351132001908985 0.01416249394987581
3 0.6931296452896384 0.6428077279408024 0.014226132001908986 0.014144313231716587
3 0.63203125 0.6765625 0.0265625 0.028125
7 0.6890625 0.76640625 0.140625 0.2015625
7 0.7493523732893201 0.6454787308676687 0.052326116008908664 0.06592498184962743
7 0.9286949752944109 0.6090195769822849 0.03155908267027243 0.026744307181592396
7 0.9675938432925019 0.6233093359592754 0.05870338534372692 0.07689884328594587
4 0.9211001039545021 0.6574161703664266 0.06660679201145392 0.08475679508134384
4 0.714986463956093 0.6444974929679171 0.025418170671545327 0.03608294574527378
4 0.7028677246180932 0.67880431527482 0.07118520401018139 0.07540906615858275
5 0.959375 0.64921875 0.08125 0.1984375
5 0.9257148786203203 0.6636934414436656 0.08339539735836254 0.18484769867214013
5 0.9192648839513204 0.680844580007347 0.08815562269254436 0.19112496974937904
5 0.7638324966184113 0.6768150892789251 0.10530676002545336 0.18809996369925486
5 0.7153040899506842 0.684345788147457 0.07872607869190809 0.18638292759490122
5 0.6961819199554566 0.6490759086589618 0.061882929344363194 0.08160452400410509
5 0.71796875 0.79453125 0.1984375 0.4109375