5 0.1546875 0.12578125 0.309375 0.2515625
0 0.9859375 0.01484375 0.028125 0.0296875
0 0.69921875 0.06323878074160035 0.028125 0.040788626463433085
7 0.7109375 0.13582685304850323 0.040625 0.09242384933607006
3 0.7015625 0.09369389520298092 0.0109375 0.015688632513557364
5 0.71328125 0.1850319675098838 0.06875 0.2925874757995032
3 0.990625 0.045918428773251654 0.0125 0.017260222872636975
7 0.98671875 0.1015625 0.0265625 0.121875
5 0.98125 0.14609375 0.0375 0.2921875
8 0.06484375 0.578125 0.1296875 0.4375
8 0.06171875 0.72421875 0.1234375 0.5515625
7 0.60234375 0.70625 0.4453125 0.5875
5 0.6328125 0.6796875 0.546875 0.640625
3 0.63984375 0.421875 0.0515625 0.125