5 0.37734375 0.09453125 0.2640625 0.1890625
4 0.45546875 0.8140625 0.1078125 0.221875
4 0.3120526316297946 0.7933701456939601 0.13871810811666876 0.21017495159900648
4 0.12286741178221972 0.7733763291425941 0.1183510659621911 0.20068177693097136
4 0.015625 0.74375 0.03125 0.21875
2 0.1403947584860111 0.5631109948336386 0.08172269867214013 0.08172269867214013
3 0.48515625 0.62890625 0.0484375 0.0484375
3 0.13001177038986783 0.6584871273471959 0.05499657220870695 0.05344316256778647
5 0.16328125 0.7546875 0.3265625 0.490625
5 0.33515625 0.82265625 0.2859375 0.3546875
5 0.43515625 0.7921875 0.1484375 0.415625
4 0.93984375 0.90390625 0.1203125 0.1921875
5 0.9 0.76953125 0.2 0.4609375