4 0.1546875 0.0734375 0.309375 0.146875
5 0.21875 0.2 0.4375 0.4
2 0.690625 0.3011469478865732 0.1015625 0.10215337334017516
5 0.784375 0.22109375 0.43125 0.3578125
0 0.2921875 0.41484375 0.05625 0.0296875
1 0.30078125 0.46733100496996977 0.0171875 0.03291249394987581
4 0.35625 0.6012474627172961 0.115625 0.27411018657189173
4 0.51875 0.49906786006157644 0.05625 0.18001475292686636
2 0.52734375 0.40859375 0.0328125 0.0171875
5 0.525 0.58203125 0.0875 0.3640625
5 0.35859375 0.7 0.2203125 0.6
5 0.534375 0.47421875 0.06875 0.1484375