6 0.9046875 0.03203125 0.071875 0.0640625
9 0.58984375 0.284375 0.8203125 0.56875
5 0.12890625 0.784375 0.1015625 0.43125
5 0.46171875 0.784375 0.1984375 0.43125
5 0.3203125 0.7608546450065893 0.1875 0.34484084308955404
5 0.29375 0.6953125 0.1375 0.253125
4 0.3125 0.6171875 0.059375 0.096875
4 0.3625 0.7184217053114395 0.0640625 0.09724770472226432
4 0.44609375 0.7116853711006799 0.0953125 0.19586701190385652
3 0.346875 0.6591376089022357 0.0109375 0.012563632513557365
3 0.4953125 0.616086524789672 0.021875 0.03450226502711473
0 0.36015625 0.630935340850059 0.053125 0.06437157220870696
0 0.49609375 0.5796875 0.0734375 0.021875