8 0.2203125 0.2265625 0.396875 0.453125
9 0.04296875 0.1359375 0.0859375 0.271875
8 0.71328125 0.41953125 0.040625 0.0640625
6 0.65078125 0.465625 0.0078125 0.00625
6 0.44609375 0.4625 0.0109375 0.0125
6 0.61484375 0.46640625 0.0046875 0.0046875
7 0.6625 0.44765625 0.00625 0.0078125
5 0.66171875 0.45 0.009375 0.0203125
8 0.64375 0.4296875 0.0234375 0.0375
9 0.66796875 0.40859375 0.025 0.021875
9 0.68671875 0.42890625 0.028125 0.025
2 0.115625 0.9671875 0.08125 0.065625
8 0.7515625 0.734375 0.496875 0.53125