8 0.5421875 0.24453125 0.215625 0.4890625
8 0.31015625 0.33828125 0.6203125 0.3015625
5 0.14126791478354006 0.41503516842151916 0.04931020401018138 0.07528180113146803
2 0.13479064811422203 0.39546755698520075 0.030014764003817973 0.02829771682251305
9 0.68984375 0.1296875 0.0796875 0.13125
9 0.6671875 0.11796875 0.034375 0.1296875
5 0.57265625 0.74375 0.1546875 0.509375
5 0.2578125 0.7359375 0.315625 0.49375
5 0.1765625 0.74453125 0.353125 0.5109375
4 0.61171875 0.7046875 0.0765625 0.43125
7 0.140625 0.61875 0.28125 0.259375
7 0.2890625 0.59609375 0.146875 0.2140625
8 0.825 0.74453125 0.35 0.5109375
7 0.7875407414067239 0.6491112283335859 0.02543635200509069 0.03764544574527377
5 0.7835435847389967 0.6412760024358869 0.036664753341817756 0.06270907825883114