8 0.11953125 0.29453125 0.2390625 0.5890625
5 0.07148619808296494 0.2975910548439013 0.12457379488495217 0.1960306383672897
4 0.059603821619531774 0.26953423253699843 0.03011474687674216 0.0736102168225127
8 0.55859375 0.19140625 0.4703125 0.3828125
8 0.61953125 0.2953125 0.7609375 0.5875
5 0.9184980743500063 0.2386821248131131 0.04098861436318444 0.06273634933607006
2 0.9113213786047325 0.2137230314289714 0.014135222872636887 0.012581813231716588
3 0.910621941836449 0.22779007660851125 0.00945681323171641 0.014117042154477843
4 0.917748640606785 0.24415541999265286 0.022111349336070063 0.04075226502711473
6 0.0640625 0.61875 0.05625 0.059375
9 0.11953125 0.79453125 0.2390625 0.4109375
9 0.61953125 0.79453125 0.7609375 0.4109375