8 0.3953125 0.3015625 0.346875 0.175
8 0.17734375 0.3234375 0.3546875 0.13125
8 0.79453125 0.19453125 0.4109375 0.3890625
8 0.753125 0.1421875 0.328125 0.284375
0 0.69921875 0.04287258406267895 0.0140625 0.012663632001908986
3 0.6953125 0.05610838072881528 0.009375 0.00948408800127254
4 0.6953125 0.07173338072881527 0.0203125 0.03304885733609062
5 0.70078125 0.07648451539622432 0.046875 0.0833579400063634
8 0.15 0.640625 0.3 0.503125
8 0.26015625 0.7609375 0.5203125 0.478125
4 0.9 0.9734375 0.140625 0.053125
2 0.93046875 0.9348242740690423 0.046875 0.028670440006363408
5 0.89609375 0.953125 0.2078125 0.09375
5 0.9640625 0.5078125 0.071875 0.2375
2 0.97265625 0.40078125 0.0328125 0.0234375