8 0.21484375 0.28984375 0.4296875 0.5796875
8 0.13046875 0.38046875 0.2609375 0.3984375
4 0.3627964784317818 0.20231856244614965 0.04567611436318479 0.0627636204133089
2 0.35701411104353503 0.14838049618937096 0.020476126463433175 0.028243174668035033
5 0.3595669393023663 0.18433163172799044 0.0600022347764936 0.10815793364502539
4 0.7415083274732643 0.29937030356735506 0.1495737948849521 0.19617608411256365
2 0.782873149976559 0.15820949326250472 0.056622704722264404 0.06438975292686636
5 0.71015625 0.35078125 0.3578125 0.4578125
8 0.21484375 0.765625 0.4296875 0.371875
8 0.37578125 0.77734375 0.1078125 0.3953125
2 0.79375 0.6203125 0.1375 0.08125
3 0.6896418213249442 0.654417393631847 0.07839771077238851 0.0473295179539809
4 0.83828125 0.8140625 0.3234375 0.36875
4 0.6696747549699698 0.713674218963812 0.16849651170746505 0.22597266842151917
5 0.903125 0.634375 0.19375 0.109375
5 0.7625 0.78984375 0.475 0.4203125
5 0.6546875 0.7828125 0.340625 0.40625
5 0.503125 0.78984375 0.146875 0.4203125