8 0.209375 0.19453125 0.41875 0.3890625
8 0.3390625 0.17734375 0.159375 0.3546875
2 0.0234375 0.00234375 0.0125 0.0046875
3 0.02890625 0.018198991513988894 0.00625 0.010973861436318445
4 0.02578125 0.04087342223214811 0.0171875 0.04072499394987581
5 0.03515625 0.04609375 0.0390625 0.0921875
2 0.5953125 0.0078125 0.0375 0.015625
4 0.59921875 0.07274052488786786 0.075 0.11137383723582168
5 0.628125 0.15078125 0.15625 0.3015625
4 0.3265625 0.7294495880213885 0.16875 0.3353567587805986
3 0.3484375 0.571509822994274 0.0390625 0.05178975897699054
2 0.33984375 0.465625 0.1140625 0.153125
5 0.2890625 0.69453125 0.259375 0.6109375
8 0.709375 0.61171875 0.58125 0.4453125
8 0.928125 0.57890625 0.14375 0.3796875