8 0.21875 0.26484375 0.4375 0.5296875
6 0.9615986345566607 0.362832697120016 0.04582156010845857 0.08776362041330898
6 0.9802617552645572 0.21350031763152072 0.014217036104353297 0.02664431323171641
6 0.9693697070599555 0.22137645014507806 0.015815897540672096 0.032903403590796285
6 0.8964907432625047 0.18351790184228028 0.02051248789975162 0.03449317466803503
6 0.7672708758742579 0.13036160646634878 0.022129530054229286 0.04387726502711455
6 0.9205913185944696 0.1630645012765463 0.012636355386194254 0.023510222872636887
9 0.740625 0.325 0.103125 0.409375
6 0.8734981499765588 0.12583721204893478 0.011055674668035208 0.020376132513557365
6 0.8444419090517451 0.10022413369190772 0.011046584308955332 0.018813632513557367
9 0.8747788488450908 0.07739062168985518 0.033067030054229465 0.04394089754067192
8 0.5234375 0.91171875 0.23125 0.1765625
6 0.35303163475305255 0.9561938952029809 0.02549087939029935 0.08452044574527377
8 0.3210589512062229 0.8321569523845733 0.19453177088084717 0.13550220452587247
8 0.84453125 0.76484375 0.3109375 0.4703125