8 0.2515625 0.146875 0.359375 0.084375
8 0.3453125 0.125 0.6875 0.128125
3 0.5860364521881815 0.178125 0.009447722872636889 0.0125
2 0.5915961057789778 0.1625 0.01258181323171641 0.0140625
5 0.58046875 0.1703125 0.0390625 0.0375
8 0.84453125 0.09453125 0.3109375 0.1890625
5 0.915625 0.15078125 0.078125 0.0765625
0 0.298213223560008 0.55859375 0.01894089754067201 0.0328125
5 0.2989353862259905 0.56875 0.04262383723582168 0.075
4 0.29356663017586626 0.5515625 0.022102258976990453 0.0390625
6 0.8464274888817102 0.6453125 0.2675713786047325 0.603125
2 0.7125 0.4625 0.046875 0.1375
4 0.73515625 0.87421875 0.0921875 0.2515625
5 0.83359375 0.6625 0.2890625 0.675