8 0.54921875 0.28984375 0.4203125 0.5796875
5 0.7484375 0.128125 0.021875 0.10625
5 0.89921875 0.28984375 0.2015625 0.5796875
4 0.9546875 0.38828125 0.090625 0.3828125
0 0.1744302899149825 0.7483220580442252 0.14102497579950324 0.07038632001909004
3 0.1631746273471959 0.8028822887094071 0.04556703005422928 0.044277258672817864
4 0.34169908226585194 0.8705890514003606 0.2730476563212708 0.20472605203690755
5 0.4140625 0.85390625 0.665625 0.2921875
8 0.8796875 0.8890625 0.240625 0.221875
2 0.76796875 0.87109375 0.0171875 0.0265625
3 0.76328125 0.9 0.0078125 0.0125
5 0.7921875 0.928125 0.065625 0.14375