8 0.5234375 0.22421875 0.2125 0.4296875
8 0.81484375 0.14140625 0.3703125 0.2828125
0 0.20546875 0.5042663609453392 0.034375 0.036137487899751616
0 0.121875 0.4873737767345796 0.0375 0.03928066861791084
0 0.03515625 0.46811926180566077 0.0390625 0.03772725897699036
0 0.25078125 0.5365612313586481 0.0375 0.037718168617910844
0 0.46796875 0.5581372912707149 0.0359375 0.037709078258831144
0 0.42265625 0.525842420857406 0.0328125 0.03612839754067192
0 0.15234375 0.5289572887366322 0.0390625 0.04241475897699036
0 0.38125 0.5537265263417961 0.0359375 0.03927157825883114
0 0.290625 0.5281992855151783 0.0328125 0.03769089754067192
0 0.08125 0.5301061773985095 0.040625 0.03773634933607006
0 0.328125 0.5182612041330892 0.0328125 0.0376908975406721
0 0.51171875 0.6115168213249442 0.05 0.0846658914905479
0 0.33828125 0.5597265414671067 0.0375 0.04396816861791084
0 0.0140625 0.50546875 0.028125 0.0453125
3 0.00703125 0.54765625 0.0140625 0.0203125
3 0.03125 0.5024715359079618 0.0234375 0.022011355386194253
3 0.0796875 0.5652533370394299 0.0203125 0.01730567466803503
3 0.1171875 0.5225027556573407 0.0265625 0.020467036104353475
3 0.146875 0.5687692224798535 0.028125 0.022038626463433176
3 0.19921875 0.5393862495090207 0.0234375 0.020448855386194252
3 0.24375 0.5748015747427898 0.0296875 0.0220477168225127
3 0.2859375 0.5617657644379395 0.0234375 0.020448855386194252
3 0.32109375 0.5486890475172308 0.0203125 0.020430674668035033
3 0.3296875 0.5987390444921687 0.0265625 0.025154536104353475
3 0.378125 0.5849583456236369 0.021875 0.023564765027114732
3 0.415625 0.5593952642415477 0.0234375 0.022011355386194253
3 0.41953125 0.6187929901392468 0.0234375 0.022011355386194253
3 0.4609375 0.5979401346548567 0.025 0.022020445745273776
3 0.49296875 0.5918764870159888 0.0171875 0.01728749394987581
3 0.50625 0.6341412550681655 0.021875 0.02200226502711473
3 0.55 0.6265832851223949 0.021875 0.020439765027114552
3 0.5875 0.6228952037403056 0.028125 0.023601126463433174
0 0.59453125 0.579967360356164 0.0390625 0.03928975897699054
0 0.55390625 0.5859810110200939 0.0390625 0.037727258976990544
0 0.51328125 0.5912134116840239 0.0390625 0.037727258976990544
0 0.5 0.5559798936318471 0.0328125 0.03300339754067192
0 0.42421875 0.5797577612164856 0.0390625 0.039289758976990365
7 0.6171875 0.7015625 0.025 0.16875
7 0.603125 0.7640625 0.053125 0.171875
7 0.57421875 0.703286685688129 0.10625 0.1599931444174139
7 0.53515625 0.6897781767111385 0.0640625 0.14256020472226433
7 0.4953125 0.7106401225546083 0.1 0.15683178298109546
7 0.48125 0.6214958093228916 0.03125 0.042369307181592396
7 0.4546875 0.6705600232185382 0.0796875 0.1442136083130606
7 0.4078125 0.6929435624461496 0.09375 0.14898292154477702
7 0.4140625 0.5992299238824681 0.0640625 0.06287270472226432
7 0.3640625 0.6536265323919204 0.0765625 0.1207579275949012
7 0.3125 0.6666078005422931 0.103125 0.14591246369925487
7 0.3078125 0.5775180294650542 0.0265625 0.025154536104353475
7 0.28828125 0.5938106499765589 0.059375 0.0519079336450254
7 0.23671875 0.6403856681269315 0.096875 0.13337610226293622
7 0.18671875 0.6104072766363837 0.08125 0.12234769867214013
7 0.10546875 0.5646220779642437 0.0328125 0.03144089754067192
7 0.02890625 0.5587079003693424 0.0546875 0.07531816256778665
7 0.01640625 0.63046875 0.0328125 0.1640625
7 0.05703125 0.6385590268327755 0.09375 0.15054542154477701
5 0.0375 0.6421875 0.075 0.396875
5 0.0234375 0.69375 0.046875 0.425
5 0.05703125 0.68359375 0.1140625 0.3578125
5 0.09609375 0.6544112858097659 0.1109375 0.3756454154946528
5 0.11875 0.6920430960164203 0.1421875 0.38363972267624513
5 0.1796875 0.6689601200205255 0.1328125 0.37577268052176754
5 0.22109375 0.6996697645361353 0.15625 0.38840903590796183
5 0.2671875 0.685094180128984 0.1203125 0.3616374576491306
5 0.31875 0.5455504119786114 0.0515625 0.09873748184962743
5 0.30703125 0.7259509842855143 0.1578125 0.3931056262670413
5 0.3546875 0.7113844902374427 0.1171875 0.36318177693097126
5 0.41875 0.5648821949597069 0.0765625 0.1207579275949012
5 0.39296875 0.7467634540348932 0.15 0.3899351744716434
5 0.44375 0.7275276407049809 0.1265625 0.3819863190854491
5 0.47890625 0.7191384237842723 0.1109375 0.36627041549465283
5 0.48515625 0.7621435352205908 0.140625 0.3930056323171655
5 0.51484375 0.7498162520431034 0.128125 0.37574540944452856
5 0.55703125 0.76640625 0.1453125 0.4234375
5 0.58203125 0.80078125 0.0953125 0.3984375
5 0.5984375 0.7734375 0.0625 0.45