8 0.4328125 0.43828125 0.2578125 0.2
0 0.21484375 0.18203125 0.0078125 0.0109375
7 0.20859375 0.20078125 0.0125 0.025
7 0.2734375 0.475 0.0234375 0.04375
5 0.209375 0.19765625 0.01875 0.0390625
5 0.2734375 0.4703125 0.0359375 0.075
0 0.28046875 0.4421875 0.0125 0.0140625
7 0.80390625 0.42265625 0.3484375 0.4328125
5 0.81484375 0.31953125 0.3703125 0.6390625
3 0.71171875 0.23046875 0.0734375 0.146875
0 0.78046875 0.0921875 0.2328125 0.184375
0 0.13984375 0.7484375 0.2796875 0.21875
5 0.234375 0.81953125 0.46875 0.3609375
8 0.81484375 0.81953125 0.3703125 0.3609375