8 0.2140625 0.0765625 0.428125 0.153125
5 0.83203125 0.01953125 0.0359375 0.0390625
8 0.5484375 0.23671875 0.21875 0.2734375
8 0.71953125 0.10078125 0.5609375 0.2015625
0 0.6227365005891752 0.7203125 0.21632495764913068 0.1203125
0 0.88203125 0.5375 0.2359375 0.153125
3 0.8557853499252452 0.6796875 0.1506999576491304 0.1203125
3 0.5961462086310891 0.859375 0.1066136143631848 0.0625
4 0.66640625 0.94375 0.2515625 0.1125
4 0.86796875 0.88359375 0.2640625 0.2328125
5 0.86484375 0.72734375 0.2703125 0.5453125
5 0.6703125 0.8265625 0.3125 0.346875