8 0.1796875 0.1953125 0.359375 0.390625
5 0.6953125 0.07265625 0.090625 0.1453125
8 0.6796875 0.2 0.640625 0.4
8 0.140625 0.8484375 0.28125 0.303125
9 0.315625 0.7 0.0875 0.6
7 0.5475183319712643 0.7421875 0.12962490924813697 0.2578125
7 0.7785319826351943 0.7828125 0.12176695745273883 0.25
3 0.7023740036142373 0.71328125 0.02850679508134384 0.065625
3 0.49271772336361624 0.62734375 0.034647710772388506 0.046875
0 0.4884620154198981 0.553125 0.07544542759490121 0.0765625
0 0.6878393258229443 0.66015625 0.06465337334017515 0.1015625
5 0.7578125 0.79765625 0.2125 0.4046875
5 0.56328125 0.75078125 0.2609375 0.4984375