8 0.1264978257247484 0.2718193613144554 0.2311874092481369 0.2604851560311804
8 0.7123029946372469 0.13703473396722873 0.19177947560311148 0.20065562269254436
8 0.878125 0.23125 0.24375 0.246875
7 0.9808302808397962 0.17218879459741226 0.015770445745273774 0.02518181333545453
5 0.9792723260193361 0.17142572593095765 0.01893180718159222 0.03146817600254544
0 0.9754251633533535 0.16131492926482133 0.0063045421544778435 0.009447725334181811
9 0.96484375 0.39140625 0.0703125 0.0546875
9 0.9125 0.43125 0.165625 0.1375
9 0.8 0.4375 0.14375 0.125
9 0.7381741064663487 0.38984156063018355 0.18858175273047442 0.18811926002545326
9 0.603125 0.434375 0.15625 0.13125
8 0.596875 0.37109375 0.215625 0.2109375
8 0.9453125 0.3359375 0.109375 0.15625
0 0.8780279885871227 0.11792001261141163 0.007867042154477843 0.009465906667727175
0 0.8881842385871227 0.11780183394336623 0.007857951795398322 0.007903406667727176
0 0.8710149193052817 0.11487682861236612 0.007857951795398322 0.007903406667727176
0 0.8521831060735654 0.12915750461491146 0.007867042154477843 0.009465906667727175
7 0.8513427687395477 0.13932284528168423 0.01414431323171641 0.014226132001909165
7 0.8677990157144857 0.13053819127945704 0.01418976502711473 0.022038632001908986
7 0.8756296964326449 0.12732228461172976 0.004742042154477844 0.00942954400063627
7 0.8873484464326449 0.12718592461013892 0.011001132513557365 0.011064769334818082
5 0.8865853771508041 0.12407001527691168 0.012609084308955331 0.018895450668363623
5 0.8772194675098838 0.1226166032781844 0.009493174668035209 0.02042158800127254
5 0.8678217416121846 0.12663194127945704 0.015815897540672096 0.03299431333545453
5 0.8521421994577072 0.13618875461491148 0.015770445745273774 0.02518181333545435
0 0.2642927415139889 0.7946632312619578 0.020467036104353475 0.026798857336090796
0 0.20255126561628983 0.7992876439370029 0.020467036104353475 0.026798857336090887
3 0.2618353620254936 0.8142217532622759 0.007876132513557366 0.011028406667727354
4 0.2711149132551577 0.8305189152610033 0.034629530054229286 0.04414998933799978
4 0.18820696448482171 0.8478887759389119 0.030060204722264318 0.06440794533736352
5 0.18509560002344116 0.8455813886060028 0.06169199980360816 0.13039657200827232
5 0.260854124125742 0.8486058439290488 0.07114881303532491 0.14456816000954484
3 0.6328125 0.51953125 0.0875 0.0390625
4 0.7671875 0.54296875 0.209375 0.0859375
5 0.70390625 0.75 0.4296875 0.5