8 0.2015625 0.18984375 0.403125 0.3796875
4 0.7328125 0.09921875 0.121875 0.1984375
5 0.6140625 0.08046875 0.128125 0.1609375
5 0.71484375 0.153125 0.1828125 0.30625
8 0.66640625 0.175 0.3734375 0.35
3 0.39386609114464655 0.553125 0.017278403590796288 0.015625
2 0.39328482904439815 0.51875 0.02510908430895533 0.01875
4 0.3997433864223822 0.6171875 0.0631272347764936 0.1078125
5 0.40415817564999373 0.6640625 0.10029193325224206 0.31875
8 0.6043319342342006 0.528125 0.11491699375348415 0.146875
8 0.575 0.90703125 0.190625 0.1859375
8 0.62890625 0.93125 0.2984375 0.1375