7 0.63515625 0.10234375 0.1546875 0.2046875
5 0.61875 0.209375 0.175 0.41875
1 0.16484375 0.70859375 0.3296875 0.3359375
2 0.159375 0.51796875 0.31875 0.0765625
5 0.16484375 0.7296875 0.3296875 0.540625
8 0.41171875 0.49140625 0.1640625 0.1453125
8 0.7359375 0.709375 0.528125 0.58125
7 0.7796875 0.8932889960911752 0.021875 0.03606476502711473
7 0.99453125 0.85625 0.0109375 0.04375
7 0.91484375 0.48313781215156204 0.0203125 0.04074317466803503
4 0.9078125 0.6932531555357038 0.021875 0.037627265027114734
0 0.909375 0.6612309958947834 0.015625 0.02509090359079611
5 0.91484375 0.5034503121515621 0.0390625 0.13460225897699035
5 0.90703125 0.705748610356164 0.04375 0.12056703005422928
5 0.9890625 0.88671875 0.021875 0.1640625
5 0.78359375 0.8854992219888741 0.0328125 0.0595658975406721