8 0.16484375 0.165625 0.3296875 0.33125
8 0.66484375 0.19453125 0.6703125 0.3890625
5 0.3375 0.1484375 0.015625 0.178125
8 0.2421875 0.51171875 0.175 0.2453125
8 0.11875 0.62265625 0.2375 0.4671875
5 0.02734375 0.48756637137967973 0.0484375 0.08650112133990877
7 0.4625 0.6571794373806342 0.0171875 0.028324994668999893
0 0.4640625 0.6353226187141796 0.00625 0.009447725334181811
5 0.459375 0.6712055747135433 0.028125 0.08157726400381797
5 0.825 0.5785850067631774 0.0078125 0.023528406667727174
8 0.81875 0.5800747814289956 0.0703125 0.10394316000954493
9 0.78828125 0.6015952454248594 0.0265625 0.03780908267027243
9 0.74921875 0.6175469620862233 0.0515625 0.07403748400699968
7 0.8078125 0.6135412620941775 0.009375 0.018859088001272718
5 0.80625 0.6221168307606321 0.0125 0.05014545066836344
8 0.5984375 0.8001674633990878 0.190625 0.3225306226925443
5 0.50234375 0.8896743113860431 0.0484375 0.0927511213399086
8 0.57578125 0.69453125 0.4921875 0.6109375
8 0.93984375 0.5408588347787676 0.021875 0.039317038669636165
9 0.88203125 0.5104986254375861 0.0109375 0.015752269334818082
9 0.9015625 0.5036946421069042 0.00625 0.007885225334181812
9 0.90078125 0.5161855514401315 0.0109375 0.015752269334818082
9 0.8984375 0.5310020294398132 0.015625 0.01893181333545435
9 0.8875 0.5363435101049951 0.015625 0.022056813335454527
9 0.87578125 0.5471446501034043 0.0171875 0.023637494668999892
9 0.8625 0.5383963587682681 0.015625 0.01893181333545435