8 0.1234375 0.309375 0.246875 0.140625
8 0.28207163573501115 0.10045945942072325 0.16508971057599667 0.1784715400222717
1 0.8765625 0.121875 0.246875 0.24375
4 0.81484375 0.221875 0.3703125 0.315625
5 0.81484375 0.18984375 0.3703125 0.3796875
8 0.51953125 0.559375 0.2203125 0.359375
8 0.35189169370217044 0.6441799980505886 0.38859188485124835 0.460740789385725
8 0.0859375 0.4625 0.171875 0.165625
9 0.66640625 0.7984375 0.0734375 0.403125
6 0.8944564436039745 0.9314441880569518 0.031504530054229464 0.0441136266709087
9 0.91484375 0.78984375 0.1703125 0.4203125
3 0.835763741415793 0.6791817067154523 0.0537431444174139 0.10686816534054504
0 0.828642108705844 0.560340800047725 0.13829086123992687 0.13753745735199913
7 0.76328125 0.83203125 0.2484375 0.3359375
5 0.7828125 0.740625 0.30625 0.51875