8 0.2796875 0.234375 0.559375 0.46875
8 0.15390625 0.234375 0.3078125 0.46875
5 0.4995779979312759 0.3223906888113869 0.10363517202418074 0.17871587334017516
4 0.5162569679344575 0.29904863758172284 0.022674978675999567 0.06887726502711473
0 0.07880296861077529 0.7250868792921035 0.0806147480108177 0.08015110831306042
0 0.2130870619430481 0.7336811501729507 0.03326703333863605 0.0392533975406721
0 0.2728700472629123 0.8332544241770558 0.03978975334181776 0.06272725897699054
3 0.21415866593732105 0.7758777405320302 0.020567038669636162 0.02199317466803503
3 0.08421662726768483 0.7969982407284221 0.022238626670908878 0.03137726502711473
4 0.2725876892505038 0.9246652193565955 0.054379512014635624 0.10812157220870695
4 0.21119675059677592 0.8289891049934109 0.05272610534690845 0.10029998184962743
4 0.0390625 0.9015625 0.078125 0.196875
3 0.2600246019255489 0.8628692013044187 0.012663632001908986 0.014135222872636887
5 0.23828125 0.8984375 0.1546875 0.203125
5 0.19921875 0.8546875 0.1046875 0.290625
5 0.07109375 0.84296875 0.1421875 0.3140625
2 0.93046875 0.4875 0.1046875 0.0375
4 0.6375 0.60625 0.15625 0.275
4 0.7767506672899565 0.6724901618804155 0.3413544427116341 0.3332135175611974
4 0.93515625 0.60546875 0.1296875 0.1671875
5 0.89765625 0.734375 0.2046875 0.53125
5 0.77734375 0.734375 0.4359375 0.53125
5 0.66171875 0.734375 0.2046875 0.53125