8 0.2046875 0.08046875 0.1875 0.1609375
8 0.24765625 0.30704332289607805 0.1609375 0.34312380698520073
8 0.0515625 0.4078125 0.103125 0.20625
8 0.63671875 0.1671875 0.5140625 0.334375
5 0.74609375 0.0559252087292851 0.0296875 0.0517352168225127
3 0.05625 0.7081028706097007 0.0703125 0.05978406615858276
5 0.09375 0.76796875 0.1875 0.4328125
5 0.240625 0.7140625 0.196875 0.390625
9 0.16953125 0.759375 0.3390625 0.48125
7 0.38515625 0.6546875 0.0921875 0.271875
7 0.753125 0.6661950882177803 0.1703125 0.2244283491396784
0 0.63203125 0.6223683410464507 0.0796875 0.1332761083130606
3 0.6671875 0.6706013079671592 0.021875 0.03450226502711473
5 0.74140625 0.765625 0.3015625 0.46875
5 0.4125 0.759375 0.146875 0.48125