8 0.0640625 0.29765625 0.128125 0.3640625
8 0.14453125 0.35078125 0.2890625 0.2578125
9 0.5479674057320956 0.43598645521324364 0.034556807181592396 0.03144998789975162
9 0.6118617340891226 0.40670750049097937 0.029842036104353476 0.026735216822512696
9 0.586166842500379 0.42170124141579296 0.028261355386194252 0.023601126463433174
8 0.8507060654712116 0.3678166755517978 0.029869307181592576 0.0314227168225127
9 0.8242208335233885 0.3812524616561513 0.0314227168225127 0.029869307181592218
3 0.8869799087571575 0.42542009729296665 0.007876132513557366 0.010982951795397966
0 0.8860895744482022 0.4066746424725064 0.020503397540672097 0.03293067466803503
5 0.8875 0.43515625 0.05625 0.0890625
4 0.7501611648072818 0.4090280037124332 0.02688066256778665 0.054842036104353654
0 0.7452464058302913 0.36999277478967196 0.015743174668035032 0.020403403590796287
5 0.75390625 0.41796875 0.0546875 0.1234375
6 0.21796875 0.66640625 0.1421875 0.3734375
6 0.1359375 0.73984375 0.271875 0.5203125
5 0.6663487253085238 0.6283042027773567 0.025454517953980904 0.07827044574527378
7 0.6623697524358869 0.6158269286750558 0.01426248789975162 0.034456813231716586
0 0.6669390777678519 0.5954871575978169 0.007876132513557366 0.010982951795398144
8 0.5452191347530525 0.757138250785567 0.1907805778660478 0.2964124334486337
8 0.60625 0.73984375 0.634375 0.5203125
5 0.7247208032727676 0.8584411546709507 0.06303633118569749 0.09255111436318479
4 0.741917393631847 0.8599036607210749 0.01896816861791084 0.037609084308955334