8 0.15 0.26484375 0.3 0.5296875
0 0.9616305800445435 0.06466795743154093 0.022111357336090976 0.020567038669636162
0 0.897513536043907 0.059235022756177716 0.01111931333545435 0.015752269334818082
0 0.9145283133752253 0.044591267425177605 0.025345445337363513 0.029978401336727068
0 0.910177168045816 0.07344297342454124 0.04418635200509051 0.0380090773392725
0 0.820206148710998 0.0614600467456782 0.023728401336727246 0.025272720003181703
0 0.7679623960454979 0.06944472207190575 0.04580339600572696 0.04271475867281786
0 0.7219777340467706 0.07828337273231516 0.015843176002545433 0.01893181333545444
0 0.708714665380316 0.0796913313971789 0.017405676002545434 0.01894999466899989
0 0.6758112587125888 0.07149702339272457 0.03159544533736351 0.030051126670908878
0 0.632542516709089 0.04521578672022484 0.023710220003181702 0.023710220003181702
0 0.590625 0.01953125 0.0375 0.0390625
0 0.6032186433799979 0.07612034138286136 0.06646134134309048 0.07263861600890867
0 0.5402373853834976 0.10116524737427084 0.020585220003181703 0.023673857336090797
0 0.5182442067154522 0.09075445870463464 0.012609088001272717 0.009520450668363623
7 0.520860676718634 0.11421923070495277 0.014389764003817973 0.028288632001908988
0 0.5018197753819068 0.08900105470240742 0.025290901336727067 0.025290901336727067
0 0.4586328493793615 0.06975106802990769 0.030014764003817973 0.028470445337363516
0 0.3978862533815887 0.0854482460216354 0.023728401336727066 0.025272720003181703
0 0.3534640913828614 0.09430507801559021 0.020585220003181703 0.023673857336090797
0 0.30859375 0.08828125 0.0171875 0.0296875
7 0.3171875 0.17421875 0.034375 0.1140625
7 0.3551907707272245 0.17556416868236296 0.06046588001272664 0.09444089067472702
7 0.3988953173933608 0.1721669960216353 0.034048830681090214 0.10663180800445424
7 0.4573799793920882 0.16347379602958956 0.059121556015271894 0.11317270934118148
7 0.49954929805854276 0.16240219203531653 0.04800224267981754 0.0974204400063634
7 0.535514070058861 0.16516411270686177 0.035338610677908555 0.08321248933799978
7 0.640455561386043 0.12107885272117933 0.03532042934436319 0.08164998933799979
7 0.7094601000556793 0.1437538313971789 0.03835452267663584 0.0738738520050907
7 0.7242220340547247 0.13689530406586056 0.010029528007635947 0.05635908800127272
7 0.7961333967218156 0.14085664540895104 0.017460220003181703 0.023637494668999892
7 0.8234498747214974 0.13883106874599632 0.06202838001272672 0.09445907200827239
7 0.885086808720543 0.1325179814210414 0.02136701734563573 0.0908613573360908
7 0.9170271520528157 0.12507819875872306 0.05704997867599957 0.06940452800763594
7 0.959269196053452 0.13025659476445012 0.04002611067790838 0.08326703333863605
7 0.9192532707272244 0.1821276300922685 0.07827154535327167 0.14776588534372675
7 0.7685992900620425 0.19131063140513307 0.08624767735518075 0.1619192920114539
7 0.6729049820575883 0.15738907005886088 0.06996814934754489 0.10548747867599957
7 0.5726413527211793 0.13356921471195243 0.05000109468490823 0.13493862133990878
7 0.6164379007399512 0.2723413607176795 0.09664083203372584 0.2495283800127268
3 0.9619305720480433 0.09044920743154092 0.012645450668363622 0.012645450668363622
3 0.905135679384134 0.1100980887571322 0.020530676002545434 0.018986357336090796
3 0.8213146627148159 0.08959413741245088 0.014226132001909165 0.014226132001908986
3 0.7801902233847704 0.1133310820734966 0.00804885733609062 0.020403406667727175
3 0.7222140913828614 0.09859587273231515 0.00793976933481808 0.011028406667727263
3 0.7089510227164068 0.1000038313971789 0.011046588001272539 0.00950226933481808
3 0.6785095447167249 0.1019930453930427 0.01736931333545435 0.015824994668999892
0 0.6885839787157705 0.0950799740610881 0.0064499946689998925 0.01726022533418181
3 0.6344050087125888 0.07101521805377024 0.014207950668363622 0.012663632001908986
3 0.6288186273869976 0.12797374271958847 0.006577264003817973 0.02819772533418181
3 0.5420453333863612 0.12227717870781625 0.00950226933481808 0.011046588001272718
3 0.5021379487189521 0.11634480470240742 0.014207950668363622 0.012663632001908986
3 0.46054988538349767 0.10023799936345315 0.018913632001908987 0.014280676002545345
1 0.3950430640515431 0.10963063335454448 0.008048857336090797 0.020403406667727175
3 0.3537640833863612 0.1200863280155902 0.015788632001908987 0.01424431333545444
3 0.30625 0.1203125 0.0125 0.01875
5 0.3125 0.23515625 0.025 0.3171875
5 0.31796875 0.225 0.0359375 0.30625
5 0.3587612133990879 0.2138817813494538 0.06715332670272556 0.2663704346753633
5 0.38843962273231514 0.21344597668681722 0.07671014003818004 0.2821045226766358
5 0.4625856473981334 0.20805959003022584 0.07076922270845269 0.308594297342454
5 0.5176447700509067 0.1063703680378619 0.01767839600572696 0.042387494668999895
5 0.5039100813971789 0.2015101453691802 0.05761469470081657 0.2521988466740906
5 0.5382032653962244 0.19487888470717998 0.04155334269572588 0.21451703333863606
5 0.58046875 0.228125 0.0796875 0.45625
5 0.6403192013844522 0.10936010272117933 0.04086245202099903 0.15514203333863605
5 0.6759668947326334 0.2191350920591791 0.08663058004454331 0.32908861067790857
5 0.7105504327259519 0.17032542206395168 0.044532892027362436 0.20205339600572714
5 0.7197981633911337 0.1594970100652243 0.030252216024817 0.18313976400381798
5 0.7709799500715876 0.2616413127386785 0.0987498667249973 0.4307783800127266
5 0.8286282707272244 0.18107311274663268 0.07029650803627092 0.267969297342454
5 0.8867856687221337 0.14425491275458685 0.04280676002545327 0.1879727146721816
5 0.910504432049634 0.1015679734245413 0.07518290802036276 0.15085452267663593
5 0.9625760093889065 0.14591795743154093 0.052199941358998816 0.1896443026734543
5 0.9296875 0.25 0.140625 0.4
5 0.61640625 0.28203125 0.1078125 0.4953125
4 0.12734375 0.5734375 0.2546875 0.0875
5 0.1328125 0.709375 0.265625 0.359375