8 0.134375 0.30703125 0.26875 0.4859375
7 0.6703125 0.12261550859327612 0.1703125 0.22698176535645348
3 0.64296875 0.03152743193032137 0.0390625 0.053579533338636146
5 0.72421875 0.275 0.2640625 0.55
0 0.0578125 0.9920574939529112 0.00625 0.006322725334181811
5 0.0625 0.99375 0.015625 0.0125
7 0.078125 0.8926023866168205 0.009375 0.012609088001272539
5 0.08046875 0.9011688646165024 0.01875 0.04084317600254543
7 0.14609375 0.8996239986075937 0.0078125 0.012590906667727353
5 0.146875 0.9050836579408209 0.015625 0.03143181333545435
7 0.221875 0.8854609539306395 0.00625 0.009447725334181811
5 0.221875 0.8870234539306395 0.009375 0.02198408800127254
6 0.5296875 0.9078125 0.34375 0.184375
6 0.67734375 0.775 0.4296875 0.45