8 0.2 0.3765625 0.4 0.640625
2 0.38324611529282004 0.15561836525304917 0.01111931333545435 0.015752269334818082
3 0.37999384595800195 0.16659222792014008 0.007903406667727176 0.007903406667727176
4 0.3828188539545021 0.19233711525304917 0.020785214672181595 0.040861357336090795
5 0.3789944199554566 0.18535131858691276 0.03054202267663584 0.07378294533736343
9 0.8918404126352742 0.22418655191759468 0.03948067067154533 0.036392033338636144
9 0.7772142912953652 0.27395128926641216 0.05984771467218151 0.04131589067472694
9 0.7782955332988652 0.24816094859963944 0.03786362667090888 0.03168635200509069
9 0.7991892886298653 0.26510300059677594 0.04578521467218151 0.04115225867281787
9 0.6941290712921837 0.2983523999443207 0.05052725867281786 0.04589430267345431
6 0.4703546692791388 0.3970369899745466 0.01733295066836362 0.012699994668999893
9 0.5577461286203202 0.33821542596277443 0.05212612133990877 0.04903748400699968
8 0.98984375 0.35859375 0.0203125 0.1296875
8 0.6611780219207763 0.5791665952816842 0.30726924936345323 0.2254203600413618
8 0.9714653726527734 0.09437123524032245 0.023801126670909056 0.03152272000318168
9 0.9226915179821826 0.12384110658023126 0.023673857336090974 0.020585220003181703
9 0.9047227679821827 0.12405019191600389 0.020567038669636162 0.0221113573360908
9 0.8664687899825008 0.12215188458786726 0.009611357336090975 0.020421588001272674
9 0.8805131086489553 0.12355075258595827 0.028397720003181703 0.023764764003817974
2 0.1890625 0.9265625 0.378125 0.146875
5 0.2 0.9140625 0.4 0.171875
8 0.7765625 0.86953125 0.446875 0.2609375
8 0.54140625 0.9140625 0.2828125 0.171875
2 0.7919842212762754 0.890874065245095 0.01268181333545435 0.015770450668363623
7 0.7722620672740481 0.907507581914413 0.026980670671545325 0.03624658267027279
5 0.7792387732734118 0.9121132659134584 0.04442270934118149 0.058321577339272325