8 0.184375 0.234375 0.36875 0.46875
8 0.37890625 0.234375 0.1203125 0.46875
1 0.61953125 0.26015625 0.3609375 0.4171875
4 0.71953125 0.34765625 0.5609375 0.2421875
5 0.71953125 0.234375 0.5609375 0.46875
6 0.13515625 0.8078125 0.2703125 0.384375
4 0.23671875 0.92265625 0.1296875 0.1546875
3 0.17450315553570378 0.7807206756499937 0.06291815651766246 0.0722386143631848
2 0.14307991783234392 0.6168354376520462 0.10208974082661779 0.09121587334017515
5 0.171875 0.7765625 0.34375 0.446875
5 0.57890625 0.53046875 0.2453125 0.1234375
5 0.925 0.734375 0.15 0.53125