8 0.10390625 0.48984375 0.2078125 0.2984375
8 0.284375 0.5125 0.56875 0.253125
5 0.75 0.04140625 0.3625 0.0828125
5 0.8328125 0.0515625 0.334375 0.103125
5 0.78671875 0.34765625 0.4265625 0.5828125
5 0.73515625 0.33515625 0.3328125 0.6078125
7 0.71484375 0.34921875 0.2921875 0.4671875
7 0.8768371515476927 0.35546875 0.22738167407885995 0.409375
0 0.59609375 0.02109375 0.0546875 0.0421875
0 0.7765625 0.034375 0.209375 0.06875
0 0.7586558198710159 0.1234375 0.21966812626704132 0.1578125
0 0.596875 0.109375 0.05625 0.14375