8 0.43671875 0.378125 0.1859375 0.28125
8 0.25234375 0.340625 0.3421875 0.35625
8 0.68125 0.18984375 0.303125 0.3796875
4 0.6409373667249973 0.1176441014773694 0.025345445337363513 0.029832945745273953
0 0.6452612400540885 0.08642137255460822 0.011064769334818082 0.011001132513557365
3 0.6446345313892247 0.09969807737506838 0.00948408800127254 0.009429542154477843
5 0.6377396413908155 0.11137592075921017 0.04287839067472703 0.05962043969514959
8 0.26484375 0.759375 0.5296875 0.48125
0 0.965625 0.59609375 0.06875 0.0578125
3 0.9504401834022695 0.631192996189371 0.028397720003181703 0.023601126463433174
4 0.9371503900779509 0.6975174329576544 0.10772268801718106 0.1271806444174139
4 0.6484375 0.56640625 0.2375 0.0953125
5 0.71171875 0.68125 0.3640625 0.325
5 0.92734375 0.7453125 0.1453125 0.36875