8 0.2796875 0.17109375 0.559375 0.3421875
3 0.9421875 0.075 0.115625 0.134375
4 0.90703125 0.2875 0.1859375 0.428125
5 0.8125 0.26953125 0.375 0.5390625
0 0.27421875 0.9281666219366848 0.1359375 0.11095677601845359
5 0.25546875 0.9359375 0.3234375 0.128125
6 0.94140625 0.914047935908686 0.040625 0.09734771467218159
6 0.85234375 0.8588342719207762 0.0296875 0.06909544533736352
6 0.7796875 0.8393672039306395 0.0234375 0.0533977200031817
6 0.73203125 0.8282029846037757 0.01875 0.04865567600254543
6 0.66796875 0.8226984192791388 0.0203125 0.04554885733609089
6 0.58046875 0.8260603239576838 0.015625 0.03768181333545435