8 0.20234375 0.19453125 0.4046875 0.3890625
7 0.3035592537124332 0.3671875 0.039307939695149584 0.0421875
5 0.30390625 0.36015625 0.0671875 0.0578125
7 0.07785527176460985 0.35390625 0.05029998184962743 0.0515625
5 0.08105299463724691 0.34140625 0.050445427594901206 0.0765625
8 0.665625 0.22578125 0.43125 0.3265625
8 0.784375 0.3140625 0.43125 0.15
7 0.7042092143866258 0.17734375 0.028334078258831143 0.0359375
5 0.703446145104785 0.17421875 0.03151362041330898 0.0453125
0 0.3184439103282914 0.81015625 0.06289997579950324 0.06875
0 0.13453706382089176 0.7296875 0.09755677693097131 0.1171875
5 0.2953125 0.88671875 0.165625 0.2265625
5 0.13515625 0.83125 0.2703125 0.3375
4 0.1359375 0.8921875 0.2 0.215625
4 0.29609375 0.9328125 0.0984375 0.134375
4 0.42195525058917516 0.74375 0.01738748789975162 0.034375
0 0.42523478669352865 0.7171875 0.014153403590796287 0.015625
5 0.42417173556206056 0.765625 0.036619276930971265 0.1171875
8 0.5140625 0.8546875 0.128125 0.234375
8 0.97109375 0.66171875 0.0578125 0.1078125
4 0.6594592748878678 0.78359375 0.017369307181592398 0.03125
2 0.6611626754536019 0.759375 0.004732951795397966 0.0078125
5 0.6492530279129299 0.7921875 0.028579517953980903 0.078125
8 0.64765625 0.72265625 0.3953125 0.4328125