8 0.1546875 0.084375 0.309375 0.16875
8 0.6546875 0.084375 0.690625 0.16875
4 0.57109375 0.00625 0.0328125 0.0125
5 0.065625 0.584375 0.13125 0.83125
5 0.8949105834251926 0.6440844025106417 0.023628397540672096 0.032948855386194256
7 0.898830468963812 0.6464508784083407 0.012627265027114731 0.02194772287263689
8 0.8817611436318472 0.6666633844584648 0.23478510792027701 0.34041696350286293
9 0.95234375 0.23125 0.0953125 0.125
9 0.887982309912067 0.25890088143340284 0.10988406010845857 0.0881363251355733
9 0.8013044665279251 0.26542761650448404 0.10202610831306061 0.08027837334017515
9 0.5180970567888089 0.33018396633153346 0.07697156615858276 0.07075792759490121
9 0.56260103571157 0.3257555415653025 0.09892837939029935 0.08494769262201593
9 0.3609375 0.3296875 0.103125 0.16875
8 0.5592402072563472 0.4194828156676035 0.08345791549465283 0.1114192890312197
8 0.66796875 0.41953125 0.5453125 0.5015625
0 0.31171875 0.38203125 0.0046875 0.0109375
4 0.3428430476154267 0.41978630093507635 0.022111349336070063 0.04075226502711469
2 0.33562090007475476 0.3869328943192182 0.011001132513557365 0.011001132513557365
5 0.33971350243588694 0.41898687021691716 0.03639201795398091 0.07833407825883118
7 0.3171875 0.40859375 0.015625 0.0359375
5 0.31875 0.40859375 0.01875 0.0734375
7 0.3367203126425414 0.4416249394987579 0.01259999394987581 0.01726022287263689
5 0.3343311108471433 0.43379880396013853 0.01738748789975162 0.03447499394987581