8 0.2296875 0.35859375 0.459375 0.2015625
8 0.80390625 0.2296875 0.3921875 0.459375
7 0.8561279899347756 0.3131333425985748 0.025599984006999678 0.05170794574527378
5 0.8418745859325485 0.32945777936685816 0.05145450668363551 0.1252908914905479
4 0.1140625 0.553125 0.228125 0.1875
5 0.15625 0.68671875 0.3125 0.4546875
0 0.7176120246260473 0.6398140172666098 0.07298406134627218 0.09573065651766247
0 0.5766597606222292 0.6671208849494443 0.079143154678545 0.0879545179539809
2 0.8416035079567292 0.6600679508134395 0.07881589067472702 0.05982951795398091
2 0.47578125 0.65859375 0.0328125 0.0765625
3 0.8490881966104571 0.7554304477883773 0.036664753341817756 0.06270907825883114
3 0.7127148919478206 0.7249475413689108 0.04106135200509069 0.03773634933607006
3 0.5678200152769117 0.7553566831540461 0.041134077339272504 0.04398634933607006
4 0.5515625 0.8828125 0.109375 0.234375
4 0.7165291405951851 0.8671668576256895 0.1184976507001803 0.24754768657189175
4 0.89375 0.88515625 0.1125 0.2296875
5 0.853125 0.8125 0.2 0.375
5 0.71484375 0.79375 0.1796875 0.4125
5 0.54140625 0.80859375 0.1609375 0.3828125