8 0.03671875 0.2953125 0.0734375 0.14375
8 0.2046875 0.2953125 0.240625 0.228125
8 0.3296875 0.2046875 0.659375 0.409375
2 0.20133874444085506 0.2622802687395478 0.01416249394987581 0.01726931323171659
3 0.20591716013189973 0.2810029976623089 0.012581813231716588 0.014135222872636887
5 0.219071145104785 0.30280072961013216 0.052207915494652826 0.11123748184962742
4 0.2135523981298471 0.31142629586691084 0.020576120413308984 0.045430674668035034
6 0.8328125 0.03359375 0.1875 0.0671875
9 0.0578125 0.85859375 0.115625 0.2546875
8 0.16015625 0.93828125 0.3015625 0.1234375
0 0.6202973018188391 0.5595223865205781 0.0220658975406721 0.03293976502711473
5 0.6210194644848217 0.5696740913410383 0.050454517953980905 0.07841589149054773
4 0.6250302536142373 0.5516826154433392 0.025236349336070062 0.040770445745273776
0 0.173589952580965 0.6675864340378089 0.0110284035907962 0.015688632513557364
7 0.18202916647661152 0.694098937062871 0.023673849336070064 0.040761355386194256
5 0.18427292252673572 0.7112728015242515 0.04594882513557321 0.10963862041330899
3 0.17742802488786785 0.6792824581401099 0.006286361436318444 0.006286361436318444
5 0.009375 0.70546875 0.01875 0.0515625
4 0.00703125 0.7 0.0140625 0.028125
7 0.9188444070086417 0.5724178171405414 0.15168171642972936 0.28993517447164335
0 0.92109375 0.47109375 0.0921875 0.1234375
5 0.91484375 0.7046875 0.1703125 0.590625