7 0.6750658240372256 0.19609375 0.14538741470399827 0.275
0 0.6706135866884081 0.08203125 0.08929995202099902 0.1546875
5 0.65546875 0.29453125 0.2078125 0.5890625
1 0.11076806138604303 0.80390625 0.09733062802354446 0.1734375
2 0.203125 0.65 0.1875 0.121875
4 0.13828125 0.94453125 0.2765625 0.1109375
5 0.159375 0.79453125 0.31875 0.4109375
8 0.5 0.84375 0.3625 0.3125
2 0.458170320058861 0.85390625 0.018968176002545432 0.01875
3 0.45534531206236084 0.8796875 0.009520450668363623 0.0125
4 0.45016746339908786 0.9046875 0.044331802673454136 0.05
5 0.46125950473422417 0.91796875 0.09703972668681722 0.1484375
5 0.5907640967138615 0.76796875 0.04000792934436319 0.08125