8 0.24296875 0.125 0.0734375 0.25
8 0.23515625 0.125 0.0890625 0.25
5 0.8710967325369985 0.07109375 0.05073631908544911 0.1265625
4 0.8727410457687149 0.05703125 0.026853391490547905 0.05
0 0.8737540999252452 0.0171875 0.011001132513557365 0.0109375
6 0.2012973169441498 0.5984375 0.033157933645025395 0.059375
6 0.2525512656162898 0.5171875 0.01582498789975162 0.034375
6 0.2628211451047851 0.49765625 0.012636355386194254 0.0234375
6 0.22224159690018314 0.48984375 0.011073855386194254 0.0234375
6 0.1824432986955813 0.48203125 0.009502265027114732 0.021875
6 0.12073363905466081 0.48046875 0.009493174668035032 0.0203125
6 0.05429557279788213 0.4859375 0.011046584308955332 0.01875
6 0.0837012716664141 0.534375 0.020557939695149584 0.0421875
6 0.025225696334449134 0.5140625 0.01580680718159222 0.03125
6 0.07999500956616563 0.5 0.014217036104353476 0.0265625
6 0.15498591920708601 0.5015625 0.014226126463433176 0.028125
5 0.0015625 0.4515625 0.003125 0.04375
9 0.13984375 0.81015625 0.2796875 0.3796875
0 0.38891497073133763 0.765625 0.10040906615858276 0.0703125
0 0.3140625 0.79453125 0.06875 0.1390625
0 0.32890625 0.3015625 0.0984375 0.078125
3 0.32890625 0.2546875 0.0609375 0.009375
3 0.29296875 0.2625 0.0265625 0.025
3 0.35972691959986947 0.8140625 0.04564884328594587 0.0578125
3 0.40962238047045385 0.83203125 0.054914758976990406 0.0390625
4 0.35703125 0.93671875 0.1546875 0.1265625
5 0.4765625 0.840625 0.39375 0.31875
5 0.5017598834955159 0.840625 0.3219033128389331 0.2734375