8 0.26484375 0.30078125 0.5296875 0.4171875
7 0.43671875 0.31015625 0.0390625 0.0359375
5 0.4359375 0.3109375 0.0484375 0.06875
7 0.78671875 0.2546875 0.3921875 0.509375
5 0.80546875 0.2546875 0.3890625 0.509375
0 0.475 0.54140625 0.0203125 0.0203125
0 0.41171875 0.53828125 0.0109375 0.015625
0 0.4265625 0.5234375 0.025 0.028125
0 0.42421875 0.55078125 0.04375 0.0375
0 0.3359375 0.5421875 0.0234375 0.0234375
0 0.28359375 0.55078125 0.0453125 0.040625
0 0.2390625 0.56171875 0.015625 0.01875
0 0.22578125 0.5625 0.0171875 0.01875
0 0.19453125 0.55625 0.03125 0.0296875
0 0.1515625 0.53125 0.0234375 0.0234375
0 0.11015625 0.51875 0.0390625 0.01875
0 0.12265625 0.5625 0.065625 0.071875
0 0.06015625 0.5890625 0.01875 0.0234375
0 0.03828125 0.57890625 0.0109375 0.009375
7 0.0421875 0.60234375 0.0140625 0.028125
0 0.021875 0.578125 0.025 0.025
7 0.02265625 0.64921875 0.0453125 0.0953125
7 0.05703125 0.65234375 0.0359375 0.0828125
7 0.159375 0.60625 0.0359375 0.08125
7 0.22734375 0.6265625 0.0390625 0.071875
7 0.240625 0.61875 0.009375 0.0546875
7 0.3125 0.6203125 0.0171875 0.0234375
7 0.33984375 0.61796875 0.0609375 0.09375
7 0.39921875 0.61015625 0.021875 0.0890625
7 0.43046875 0.60234375 0.05625 0.06875
7 0.47265625 0.60546875 0.040625 0.08125
7 0.4328125 0.65859375 0.0765625 0.1453125
7 0.2859375 0.67109375 0.084375 0.1609375
7 0.19140625 0.640625 0.06875 0.103125
7 0.0921875 0.61953125 0.05 0.13125
7 0.1359375 0.7546875 0.0953125 0.2453125
3 0.47421875 0.5671875 0.0125 0.0125
3 0.41953125 0.5875 0.0203125 0.01875
3 0.3359375 0.5703125 0.0140625 0.0140625
3 0.296875 0.59453125 0.0078125 0.0203125
3 0.23984375 0.58125 0.0078125 0.009375
3 0.2265625 0.5828125 0.0109375 0.009375
3 0.19609375 0.5859375 0.0171875 0.015625
0 0.20703125 0.57890625 0.00625 0.0171875
3 0.153125 0.55703125 0.0125 0.0125
3 0.14765625 0.6140625 0.0078125 0.028125
3 0.06171875 0.61015625 0.009375 0.0109375
3 0.02421875 0.60546875 0.0125 0.0125
5 0.0109375 0.696875 0.021875 0.303125
5 0.03828125 0.59453125 0.01875 0.0421875
5 0.0265625 0.68828125 0.053125 0.2484375
5 0.059375 0.68203125 0.0421875 0.2125
5 0.1015625 0.7234375 0.08125 0.428125
5 0.159375 0.59453125 0.040625 0.153125
5 0.19453125 0.70078125 0.0875 0.325
5 0.228125 0.65234375 0.04375 0.2
5 0.23828125 0.6421875 0.0296875 0.1796875
5 0.2875 0.740625 0.0984375 0.425
5 0.34375 0.659375 0.071875 0.2625
5 0.4015625 0.62109375 0.04375 0.1859375
5 0.4234375 0.58125 0.075 0.14375
5 0.4765625 0.62109375 0.0515625 0.1859375
5 0.45234375 0.725 0.1546875 0.39375
5 0.13828125 0.76015625 0.1109375 0.4796875
5 0.6703125 0.5453125 0.065625 0.071875