8 0.21484375 0.184375 0.4296875 0.36875
2 0.8596912217924825 0.3355576456939602 0.009438632513557366 0.010992042154477844
2 0.846396336253863 0.333291163746137 0.011001132513557365 0.011001132513557365
3 0.49730939646051747 0.3579791090004315 0.00634999394987581 0.017223861436318443
2 0.5135792910743232 0.33444616023009555 0.014171584308955331 0.018831813231716586
2 0.5003662187674204 0.34624217828227233 0.011037493949875809 0.017251132513557366
4 0.84375 0.3625 0.025 0.0125
3 0.8519378091265001 0.3457593474893583 0.007876132513557366 0.010982951795398144
3 0.8597639446651193 0.34805764569396025 0.0063045421544778435 0.009411361436318443
4 0.51953125 0.35859375 0.0140625 0.0203125
2 0.5089736043060398 0.3485359313073344 0.00790340359079611 0.015670451795397965
5 0.51796875 0.34609375 0.0421875 0.0453125
5 0.85234375 0.346875 0.0328125 0.04375
5 0.84296875 0.34765625 0.0546875 0.0421875
8 0.36640625 0.55234375 0.1265625 0.1921875
8 0.06875 0.6671875 0.1375 0.375
8 0.21484375 0.684375 0.4296875 0.63125
3 0.33662486387220536 0.527068955704223 0.007876132513557366 0.010982951795398144
2 0.34122146028140926 0.5114166846269841 0.01259999394987581 0.01726022287263689
4 0.33988167407885983 0.5497070249860638 0.015834078258831142 0.03602840359079629
5 0.3335998578220812 0.5442746364223823 0.03330337939029935 0.08456589754067192
8 0.67578125 0.684375 0.4921875 0.63125
8 0.92109375 0.76875 0.1578125 0.453125