8 0.209375 0.18984375 0.41875 0.3796875
5 0.371875 0.0109375 0.015625 0.021875
9 0.578125 0.3484375 0.103125 0.0625
9 0.44453125 0.3375 0.0515625 0.084375
7 0.50546875 0.2875 0.1359375 0.184375
7 0.715625 0.31796875 0.0875 0.1234375
3 0.5292572705862595 0.1847515487348605 0.034638620413308986 0.04571248933799978
3 0.7428294120768073 0.23723330076381374 0.011082945745273954 0.02512726933481808
0 0.734026583817976 0.20119580342931376 0.05353406615858276 0.07093066534054512
0 0.5452908158639952 0.12087995273708767 0.048782933645025395 0.05993862133990877
5 0.5296875 0.18984375 0.221875 0.3796875
5 0.6953125 0.2390625 0.178125 0.28125
0 0.35390625 0.4921875 0.1296875 0.171875
2 0.1171875 0.45625 0.11875 0.153125
3 0.32805383976990443 0.6101520854153144 0.08009656615858277 0.07123974801081764
3 0.10759134884509072 0.5818072673854067 0.07064884328594587 0.05863066000954511
4 0.09609375 0.77109375 0.1921875 0.4578125
4 0.30546875 0.8140625 0.2265625 0.371875
5 0.278125 0.6984375 0.28125 0.603125
5 0.1296875 0.68984375 0.259375 0.6203125
8 0.67578125 0.5921875 0.5140625 0.425
3 0.98828125 0.50078125 0.0234375 0.0484375
0 0.98359375 0.4234375 0.0328125 0.0875
7 0.95390625 0.65078125 0.0921875 0.2890625
5 0.91640625 0.646875 0.1671875 0.534375