8 0.4359375 0.121875 0.196875 0.24375
8 0.415625 0.23828125 0.30625 0.4609375
6 0.65546875 0.240625 0.1734375 0.45625
2 0.70390625 0.38453564392643463 0.0921875 0.09272383118569749
5 0.7125 0.396875 0.2875 0.14375
1 0.11953125 0.89765625 0.2390625 0.2046875
2 0.1984375 0.6703125 0.396875 0.278125
5 0.284375 0.753125 0.56875 0.49375
6 0.9265625 0.6954509389095828 0.0203125 0.04074317466803503
6 0.8109375 0.7439970023376911 0.034375 0.06738748789975162
6 0.58046875 0.909375 0.0234375 0.14375
9 0.784375 0.9375 0.43125 0.125
6 0.66796875 0.622852734481906 0.0171875 0.03603749394987581
6 0.821875 0.6206231348512483 0.009375 0.026617042154477667
6 0.8890625 0.6202327702916719 0.009375 0.018804542154477667
6 0.92578125 0.620446393730043 0.0046875 0.012527271077238921
6 0.97734375 0.6723088755796703 0.0140625 0.032894313231716585
6 0.990625 0.654417393631847 0.0078125 0.020357951795398142
6 0.975 0.643388990041051 0.0078125 0.021920451795398144