8 0.31484375 0.28671875 0.6296875 0.3640625
2 0.23482679662636546 0.2085694614597596 0.012681813335454529 0.015697722872636887
3 0.2378336179583201 0.21870753074160035 0.007903406667727353 0.007857951795398055
4 0.23439044462127478 0.24606946145975955 0.022347714672181596 0.04075226502711464
5 0.23839669195577473 0.23745298556206054 0.03212270401018138 0.0751818071815924
5 0.78515625 0.0234375 0.0265625 0.046875
8 0.671875 0.13125 0.084375 0.2625
5 0.6962973619112314 0.2130382719610016 0.04792951734563573 0.09089771077238851
8 0.81484375 0.234375 0.3703125 0.46875
4 0.31484375 0.871875 0.6296875 0.25625
1 0.29375 0.62578125 0.534375 0.3140625
5 0.31484375 0.734375 0.6296875 0.53125
1 0.7328125 0.8390625 0.20625 0.30625
2 0.73828125 0.58359375 0.2171875 0.1890625
5 0.81484375 0.734375 0.3703125 0.53125