8 0.2046875 0.159375 0.409375 0.31875
8 0.18125 0.159375 0.3625 0.31875
8 0.7046875 0.159375 0.590625 0.31875
8 0.06640625 0.465625 0.1328125 0.29375
5 0.0734375 0.47320661608845044 0.0203125 0.0611738573360908
8 0.75234375 0.6032850147596776 0.3453125 0.3321430747135434
8 0.6921875 0.68984375 0.565625 0.6203125
4 0.425 0.5119760253819068 0.015625 0.03455681333545435
3 0.428125 0.48076238804899774 0.009375 0.012609088001272717
2 0.42421875 0.46431068471513415 0.0125 0.014207950668363445
5 0.43203125 0.5003390913828614 0.0359375 0.08948067067154533