8 0.0484375 0.3203125 0.096875 0.253125
1 0.58671875 0.33697029751723084 0.2 0.2371010659621911
2 0.584375 0.0515625 0.20625 0.103125
4 0.60859375 0.41796875 0.3984375 0.1234375
5 0.7046875 0.23984375 0.590625 0.4796875
1 0.3015625 0.61171875 0.215625 0.2640625
4 0.2046875 0.85078125 0.409375 0.2984375
5 0.2046875 0.73984375 0.409375 0.5203125
4 0.4921875 0.78984375 0.165625 0.3859375
3 0.53828125 0.5979072766363837 0.0609375 0.0753545240041051
0 0.5421875 0.5234375 0.14375 0.0875
5 0.546875 0.73984375 0.275 0.5203125