8 0.2984375 0.146875 0.0625 0.29375
8 0.16484375 0.25625 0.3296875 0.365625
5 0.98125 0.21953125 0.0375 0.4390625
5 0.446875 0.21953125 0.234375 0.4390625
5 0.55 0.21953125 0.334375 0.4390625
4 0.9859375 0.08203125 0.028125 0.1640625
7 0.53671875 0.1171875 0.2609375 0.234375
7 0.38828125 0.10625 0.1171875 0.2125
6 0.24921875 0.62109375 0.1609375 0.3640625
2 0.1737213846548567 0.6483808743221338 0.08486587939029952 0.08486587939029935
3 0.21229859220579134 0.833318955704223 0.0709488251355733 0.10978406615858276
4 0.2078125 0.94296875 0.20625 0.1140625
5 0.17578125 0.803125 0.3078125 0.39375
8 0.66484375 0.71953125 0.6703125 0.5609375
8 0.58671875 0.64375 0.5140625 0.40625
5 0.3763731651018694 0.6185171540817755 0.04095225292686626 0.056486349336070066
4 0.3818600958200286 0.6216103378249969 0.026735216822512696 0.029842036104353476
7 0.800297520193476 0.8340269619507389 0.023810204722264316 0.06419885538619426
4 0.7448514960911752 0.8382559196980652 0.009602258976990541 0.039117042154477845
5 0.7230310382456528 0.84775818472518 0.06335449375348397 0.1472386143631848