8 0.2859375 0.2796875 0.365625 0.559375
4 0.56328125 0.02265625 0.1296875 0.0453125
4 0.54765625 0.12421875 0.1578125 0.2484375
4 0.96953125 0.07421875 0.0609375 0.1359375
0 0.66328125 0.0703125 0.0953125 0.140625
3 0.6302955122966402 0.14504306405154307 0.02519089754067192 0.03310340133672711
3 0.99140625 0.0203125 0.0171875 0.040625
5 0.559375 0.034375 0.18125 0.06875
5 0.59140625 0.2796875 0.2453125 0.559375
5 0.890625 0.2796875 0.21875 0.559375
4 0.07578125 0.8140625 0.1515625 0.371875
5 0.0859375 0.7796875 0.171875 0.440625
1 0.59609375 0.76484375 0.2546875 0.2703125
4 0.68203125 0.9171875 0.4265625 0.165625
5 0.734375 0.7796875 0.53125 0.440625