8 0.25 0.16953125 0.5 0.3390625
5 0.8859375 0.12734375 0.228125 0.2546875
6 0.02890625 0.73125 0.0578125 0.1125
6 0.2511913579202771 0.6662660586012302 0.034747704722264315 0.06446248933799978
6 0.37301181576579934 0.6554729145846856 0.023710210772388506 0.0471477200031817
6 0.4245470446885605 0.650185430577686 0.01739657825883114 0.03613749466899989
6 0.13674706283893306 0.6019682959500477 0.012663626463433175 0.028270450668363624
6 0.06403627068445542 0.5934387279599109 0.014226126463433176 0.028288632001908988
6 0.00390625 0.584375 0.0078125 0.025
6 0.17967945140261463 0.595218309277548 0.012645445745273954 0.02514545066836362
6 0.4573504543294809 0.6482411225732315 0.012636355386194254 0.023582950668363623
9 0.25 0.8359375 0.5 0.328125
8 0.8859375 0.66953125 0.228125 0.6609375