8 0.15078125 0.13984375 0.3015625 0.2796875
1 0.46640625 0.16796875 0.2546875 0.2234375
5 0.57421875 0.13984375 0.4703125 0.2796875
8 0.21015625 0.56171875 0.2578125 0.3234375
8 0.19921875 0.8 0.2796875 0.4
4 0.3125 0.4892422236582038 0.009375 0.021929542154477667
2 0.31328125 0.4712689284786641 0.00625 0.006286361436318444
5 0.31171875 0.48612176883774366 0.015625 0.03759090359079629
3 0.7875 0.3414581877502421 0.0546875 0.06125566256778665
7 0.7890625 0.5719178473911624 0.3125 0.5486930718159236
5 0.7671875 0.56328125 0.359375 0.5671875