8 0.209375 0.16328125 0.41875 0.3265625
8 0.2296875 0.2046875 0.459375 0.409375
8 0.56796875 0.07578125 0.2171875 0.1515625
8 0.79921875 0.209375 0.4015625 0.4
7 0.5219171692791388 0.10205181674775798 0.012663632001908986 0.014135222872636976
5 0.5242972819462297 0.09891318120913857 0.01587953866963616 0.02196590359079611
8 0.5125 0.11875 0.10625 0.11875
2 0.7635217719207763 0.28500872073133754 0.00950226933481808 0.010992042154477844
5 0.7626041619191856 0.2967320159108775 0.025454533338636055 0.039207945745273774
8 0.2296875 0.778125 0.459375 0.44375
8 0.890625 0.621875 0.21875 0.25
8 0.646875 0.6421875 0.315625 0.465625