8 0.209375 0.28984375 0.41875 0.5796875
5 0.3939120638208918 0.16995551433974362 0.015870439695149584 0.04227840359079611
8 0.68828125 0.28984375 0.5390625 0.5796875
8 0.6890625 0.04921875 0.1875 0.0984375
5 0.7627034913175972 0.13836514675510508 0.03637383723582168 0.07520907825883114
8 0.709375 0.67890625 0.58125 0.1984375
0 0.5599582028755525 0.7938606469514967 0.07524543969514977 0.04262383723582168
0 0.6146866094914109 0.7871475595192834 0.05019089754067192 0.03310339149054764
3 0.6129922992847565 0.8097947191602038 0.034465903590796286 0.01582498789975162
3 0.5723082119507389 0.8197146198241338 0.02509999394987581 0.017332945745273776
7 0.6072190222555893 0.8621066529034251 0.09117042154477702 0.09427724082661797
7 0.5251605011783503 0.8663169090517451 0.1272806383672899 0.12417381908544911
5 0.54140625 0.88203125 0.1984375 0.2359375
5 0.63125 0.88203125 0.20625 0.2359375
0 0.5873479255517978 0.6518276830558503 0.007839771077238922 0.004732951795397966
7 0.5857354285768599 0.6604123426967707 0.015706813231716587 0.014153403590796287
5 0.5833734978587006 0.6635237071581512 0.02519089754067192 0.032957945745273776
0 0.5871979346269841 0.6776089330558503 0.009411361436318443 0.006304542154477666
7 0.581683732831586 0.6853896167990716 0.01727840359079611 0.01572499394987581
5 0.582442256933887 0.6893004119786115 0.02519998789975162 0.03452044574527378