8 0.275 0.209375 0.55 0.41875
2 0.6203125 0.15625 0.140625 0.240625
5 0.775 0.2125 0.45 0.4125
4 0.2623754673774525 0.48754895521324365 0.008030676002545345 0.018795451795398144
4 0.26400160204486156 0.49300861485416403 0.019277258672817866 0.045421584308955334
0 0.7416560767424965 0.7209234948336386 0.15884883601209046 0.08998062626704133
0 0.7426720420512248 0.5396553141154794 0.12456474267981754 0.09759313836728971
0 0.9512748827179976 0.5392230011783503 0.06604317067154533 0.036319295081344016
3 0.7390839653882703 0.5670217900131783 0.045694308004454245 0.033076120413308985
3 0.7220526487507689 0.7819791695016736 0.031649989337999784 0.034556807181592396
4 0.96875 0.60234375 0.0625 0.0734375
4 0.831344738064906 0.6399275040070208 0.21328289202736245 0.2027896984757483
4 0.802849210097041 0.876828061188613 0.2369385680299076 0.2216760538619426
5 0.95703125 0.5875 0.0859375 0.134375
5 0.8081163234006787 0.6580326093932151 0.2620851133831795 0.3686874092481368
5 0.76015625 0.83671875 0.3765625 0.3265625