8 0.2796875 0.19453125 0.559375 0.3890625
2 0.0484375 0.047035895289638405 0.0125 0.01733295066836362
3 0.053125 0.05791885128900205 0.009375 0.009484088001272716
4 0.05390625 0.08681601062222932 0.021875 0.04556703866963625
5 0.05703125 0.07818589795513842 0.03125 0.08161362667090888
1 0.69140625 0.265625 0.2640625 0.246875
2 0.6828125 0.04609375 0.246875 0.0921875
5 0.7796875 0.19453125 0.440625 0.3890625
8 0.41796875 0.8625 0.2828125 0.275
7 0.2109375 0.7980336792648213 0.015625 0.02205681333545435
5 0.21015625 0.7902302699315941 0.01875 0.04709317600254544
8 0.215625 0.7171875 0.43125 0.565625
8 0.15546875 0.72109375 0.3109375 0.5578125
0 0.84140625 0.50625 0.3171875 0.234375
0 0.625 0.609375 0.13125 0.190625
3 0.603125 0.78515625 0.0875 0.0921875
3 0.87421875 0.844389416573868 0.1953125 0.17414766669318063
4 0.65234375 0.9328125 0.1859375 0.134375
5 0.65546875 0.75703125 0.1921875 0.4859375
5 0.84375 0.69453125 0.3125 0.6109375