8 0.26484375 0.24453125 0.5296875 0.4890625
8 0.4171875 0.31953125 0.225 0.3390625
5 0.00390625 0.1921875 0.0078125 0.09375
8 0.18269328357027073 0.17965322208707005 0.13961701190385672 0.096121541958086
8 0.76484375 0.24453125 0.4703125 0.4890625
0 0.47265625 0.871875 0.1140625 0.23125
5 0.43203125 0.87421875 0.1953125 0.2515625
8 0.96796875 0.85859375 0.0640625 0.2078125
6 0.75390625 0.984375 0.0203125 0.03125
7 0.9824655037124332 0.7354633814334027 0.009511355386194253 0.023492042154477845
0 0.985685952482769 0.7190753121515621 0.006295451795397966 0.007848861436318444
5 0.9847819826351942 0.7401645169720222 0.014353391490547906 0.050081813231716586
0 0.6398830939733169 0.6670617976154267 0.006286361436318444 0.006286361436318444
0 0.6320478680756179 0.6709225958200287 0.006295451795397966 0.007848861436318444
7 0.6390245759211401 0.6803385024358869 0.007894313231716587 0.014107951795398144
7 0.6311802596643614 0.6857618006404888 0.009502265027114732 0.021929542154477843
5 0.6303944644848217 0.686538505460949 0.011173849336070064 0.040688632513557366
5 0.6413274193052818 0.6873833879745064 0.014344301131468206 0.04851931323171641