8 0.184375 0.184375 0.36875 0.36875
8 0.69765625 0.184375 0.6046875 0.36875
7 0.31117911660568465 0.45062232992523066 0.019240896005727138 0.04240567600254543
5 0.3192910612667303 0.49192858259073075 0.055306760025453275 0.1881181653405452
8 0.184375 0.68046875 0.36875 0.6234375
0 0.7061910772597306 0.5922558465945487 0.0739829400063634 0.04772952267663584
4 0.6984320265754587 0.7220160719287305 0.168079480028635 0.2128647213558171
3 0.9921875 0.39921875 0.015625 0.0390625
5 0.96015625 0.646875 0.0796875 0.55625
5 0.6982502132400044 0.7376410719287305 0.2338692067154522 0.3620476560311804
5 0.9734375 0.69296875 0.053125 0.1484375