8 0.184375 0.284375 0.36875 0.56875
6 0.9890625 0.1984375 0.021875 0.08125
6 0.7365953120623608 0.1140625 0.03201361600890884 0.065625
6 0.5575345207272245 0.10078125 0.027362478675999568 0.06875
6 0.4146566773949517 0.10859375 0.022529528007635947 0.05625
9 0.66640625 0.3515625 0.5140625 0.434375
6 0.00390625 0.621875 0.0078125 0.08125
6 0.0328125 0.58125 0.01875 0.025
9 0.184375 0.8328125 0.36875 0.334375
6 0.9046875 0.77109375 0.190625 0.3640625
5 0.74921875 0.70390625 0.2109375 0.2703125
5 0.60078125 0.784375 0.3890625 0.43125
5 0.4640625 0.7375 0.190625 0.3375