8 0.1859375 0.21953125 0.33125 0.4390625
8 0.31328125 0.31328125 0.5765625 0.4515625
1 0.775 0.409375 0.171875 0.259375
2 0.78671875 0.13984375 0.1953125 0.1578125
5 0.84453125 0.2890625 0.3109375 0.5
2 0.01796875 0.76953125 0.0359375 0.1859375
0 0.17265625 0.61875 0.1265625 0.159375
2 0.42134723829253506 0.6359375 0.10557835518980259 0.153125
3 0.0140625 0.93359375 0.028125 0.1328125
3 0.1769836390546608 0.74140625 0.07537270472226432 0.0640625
3 0.401838193309387 0.76640625 0.06749657220870695 0.053125
4 0.38828125 0.86875 0.1921875 0.2625
4 0.13984375 0.884375 0.1796875 0.23125
5 0.13515625 0.76953125 0.2703125 0.4609375
5 0.39921875 0.775 0.3046875 0.45
7 0.84453125 0.8390625 0.3109375 0.321875
5 0.84453125 0.76953125 0.3109375 0.4609375
3 0.7619358768562166 0.68125 0.053924951599006475 0.1375
0 0.809375 0.57734375 0.209375 0.0765625