8 0.33046875 0.209375 0.6609375 0.41875
8 0.44609375 0.209375 0.6078125 0.41875
8 0.875 0.209375 0.25 0.41875
8 0.5484375 0.85234375 0.403125 0.2953125
0 0.8494035397185907 0.6756459363755 0.03617384933607006 0.04083407825883132
0 0.9050399404807166 0.7814419393023663 0.042569295081344195 0.06587043969514958
3 0.8475910548439014 0.7186055960164204 0.022011355386194253 0.023564765027114732
4 0.8998115641154794 0.8743834182251273 0.0600295058537327 0.11284543364502539
4 0.8410228922761146 0.7732567345801019 0.05998405405833438 0.10503293364502539
3 0.890804723658204 0.8110476260706496 0.014153403590796287 0.015706813231716764
5 0.86328125 0.8703125 0.1734375 0.259375
5 0.8282910881195844 0.813027761707465 0.12064988504764003 0.3272533672900509