8 0.2046875 0.08359375 0.409375 0.1671875
7 0.7890625 0.184375 0.421875 0.36875
5 0.7046875 0.2046875 0.590625 0.409375
8 0.1 0.80703125 0.2 0.2328125
2 0.9672677505891751 0.7515911909716959 0.061246572208706954 0.05347952400410509
2 0.8362041029503073 0.7203235311343839 0.05344316256778647 0.05499657220870695
2 0.7417864824388026 0.7013422478587007 0.06280907220870695 0.05348861436318479
2 0.665777452580965 0.8752160850945223 0.05188975292686635 0.05654998184962743
0 0.5902239824388026 0.7022240126894236 0.07859769867214013 0.0817045179539809
0 0.4203125 0.70546875 0.021875 0.0796875
3 0.42265625 0.80625 0.0265625 0.04375
3 0.5966961753554061 0.7982768560735654 0.044049981849627426 0.05181703005422937
3 0.7521240187395477 0.8044036153451433 0.034638620413308986 0.04551248789975162
3 0.8465007326351943 0.8304161486208266 0.045621572208706954 0.05338862041330898
3 0.9720865399149826 0.8632781247149172 0.04090680113146803 0.048673849336070066
4 0.8703125 0.92734375 0.134375 0.1453125
4 0.76796875 0.91796875 0.1296875 0.1640625
7 0.61171875 0.90234375 0.1546875 0.1953125
7 0.45703125 0.91015625 0.0953125 0.1796875
5 0.93828125 0.8578125 0.1234375 0.284375
5 0.87109375 0.8421875 0.2203125 0.315625
5 0.765625 0.83359375 0.215625 0.3328125
5 0.678125 0.91640625 0.20625 0.1671875
5 0.6 0.8265625 0.234375 0.346875
5 0.47578125 0.82578125 0.1328125 0.3484375