8 0.4015625 0.24453125 0.515625 0.4890625
8 0.80625 0.24453125 0.29375 0.4890625
7 0.03515625 0.85078125 0.0703125 0.2984375
7 0.3734375 0.9109375 0.178125 0.178125
0 0.24644619048071661 0.8724683349963265 0.07739881303532474 0.1441954275949012
0 0.04389894916311947 0.6400608768562166 0.08504768657189174 0.11611587939029935
3 0.04341716013189969 0.7228733768562166 0.02678975897699045 0.039217036104353474
3 0.27819109416970866 0.9215007326351943 0.025345433645025395 0.05952044574527378
5 0.23203125 0.50625 0.1296875 0.034375
5 0.359375 0.89140625 0.3 0.2171875
5 0.05 0.78984375 0.1 0.4203125
5 0.8296875 0.734375 0.340625 0.490625