8 0.28984375 0.16484375 0.5796875 0.3296875
7 0.47467572961013216 0.25390625 0.042451120413308986 0.0453125
5 0.4747075458669109 0.2484375 0.07381020472226432 0.0640625
7 0.22770528083979621 0.2703125 0.05345225292686617 0.05625
5 0.22856379889197295 0.25703125 0.05361587939029935 0.084375
4 0.9421875 0.175 0.115625 0.309375
1 0.9132892985973854 0.0671875 0.08194086729005079 0.11875
5 0.8171875 0.16484375 0.365625 0.3296875
0 0.378125 0.3703125 0.29375 0.08125
3 0.36953125 0.4828125 0.1921875 0.30625
7 0.28359375 0.72890625 0.4390625 0.5421875
5 0.3125 0.66484375 0.534375 0.6703125
8 0.78984375 0.66484375 0.4203125 0.6703125