8 0.5265625 0.14921875 0.20625 0.2984375
8 0.06328125 0.20234375 0.1265625 0.4046875
6 0.9453125 0.096875 0.109375 0.19375
6 0.84609375 0.05390625 0.1234375 0.1078125
6 0.746875 0.021875 0.10625 0.04375
9 0.25471126765939334 0.7588802725970941 0.17683625253408267 0.31766130935708975
2 0.12686300273047452 0.6736433012810479 0.22324764422102222 0.23851924936345323
2 0.034375 0.75078125 0.06875 0.4015625
2 0.5304647257013073 0.6165996765595503 0.1428965480082102 0.1235295013526354
3 0.01015625 0.578125 0.0203125 0.025
3 0.18984375 0.5625 0.0265625 0.025
3 0.11607146935659554 0.8331546612826386 0.11319995764913049 0.12162155601527189
4 0.028125 0.66640625 0.05625 0.1484375
4 0.21816016842151909 0.6538296932686393 0.09464085518980259 0.15421588001272682
4 0.159375 0.90703125 0.31875 0.1859375
4 0.49765625 0.88125 0.2640625 0.2375
3 0.5327999062230748 0.7493939952260049 0.10200792759490121 0.077744286680454
5 0.46875 0.775 0.321875 0.45
5 0.08828125 0.775 0.1765625 0.45
5 0.03515625 0.66640625 0.0703125 0.2328125
5 0.221875 0.74375 0.19375 0.3875
5 0.18203125 0.7765625 0.3640625 0.446875