8 0.1375 0.340625 0.275 0.496875
5 0.00390625 0.24296875 0.0078125 0.0359375
6 0.9334589572563472 0.221875 0.015870439695149584 0.0421875
6 0.814545330792914 0.19375 0.01428975897699054 0.0390625
6 0.6682106862773042 0.15234375 0.01428066861791084 0.0375
6 0.9984375 0.21875 0.003125 0.03125
6 0.8754873759724537 0.19453125 0.011101126463433175 0.028125
6 0.7059526225546082 0.4625 0.06824198165323558 0.18125
6 0.6345623941228264 0.14296875 0.012681807181592397 0.03125
6 0.7761231802271799 0.16953125 0.01269998789975162 0.034375
6 0.6220442134046672 0.13984375 0.011119307181592398 0.03125
6 0.4710220688890573 0.0984375 0.009502265027114732 0.021875
6 0.5351527465821544 0.11015625 0.009493174668035032 0.0203125
6 0.5938101290957117 0.12109375 0.009493174668035032 0.0203125
6 0.6454953489432865 0.1421875 0.009502265027114732 0.021875
6 0.6618516019683487 0.13359375 0.009484084308955332 0.01875
6 0.7134686441228264 0.14296875 0.00947499394987581 0.0171875
6 0.7237839754067197 0.1703125 0.01582498789975162 0.034375
6 0.7205907977136226 0.15859375 0.007948855386194253 0.0234375
6 0.7182288669954634 0.15546875 0.006368174668035032 0.0203125
6 0.7604072766363836 0.15390625 0.00947499394987581 0.0171875
6 0.7854845446885605 0.1671875 0.007939765027114732 0.021875
6 0.79331068022718 0.16953125 0.009502265027114732 0.021875
6 0.8488339723816576 0.17890625 0.009502265027114732 0.021875
6 0.8691782886384363 0.184375 0.007939765027114732 0.021875
6 0.9270498759724537 0.19453125 0.007939765027114732 0.021875
6 0.9739748729473916 0.203125 0.00791249394987581 0.0171875
6 0.9841311229473917 0.203125 0.00791249394987581 0.0171875
6 0.9676430597156752 0.1890625 0.00633181323171641 0.0140625
6 0.9965811259724537 0.19453125 0.0063227228726368875 0.0125
1 0.19765625 0.9140625 0.3953125 0.171875
2 0.2296875 0.70234375 0.459375 0.2265625
4 0.2296875 0.9546875 0.459375 0.090625
5 0.2296875 0.79453125 0.459375 0.4109375