8 0.225 0.184375 0.45 0.36875
1 0.66796875 0.140625 0.4359375 0.28125
4 0.725 0.2828125 0.55 0.171875
5 0.725 0.184375 0.55 0.36875
5 0.3109375 0.684375 0.278125 0.63125
5 0.1515625 0.684375 0.303125 0.63125
4 0.3359375 0.83984375 0.228125 0.3203125
4 0.10859375 0.8421875 0.2171875 0.315625
1 0.1675285665977304 0.6023694584346975 0.17491128270208928 0.2619374394987579
1 0.4109375 0.5796875 0.078125 0.21875
6 0.7334439205920035 0.6977592264868743 0.03183180267345413 0.050181807181592396
6 0.7995961792648213 0.6520649314055303 0.015915901336727156 0.025090903590796288
6 0.8208535612667303 0.6378797115579554 0.011137494668999891 0.017251132513557366
6 0.8342529899347756 0.6276461935057787 0.007976132001908809 0.014107951795398144
6 0.8405575339354121 0.6229223320694602 0.006395450668363623 0.012536361436318444
6 0.8460717372692755 0.6189842658126816 0.006377269334818081 0.010973861436318445
6 0.852376281269912 0.6142604043763631 0.007994313335454351 0.015670451795397965
6 0.99609375 0.696875 0.0078125 0.0375
6 0.9603791379296851 0.6644098744203297 0.014335220003181704 0.023519313231716587
6 0.9433461792648213 0.6512286183702054 0.011173857336090975 0.020376132513557365
6 0.920899014600594 0.6333916785768599 0.007976132001909164 0.014107951795397967
6 0.9139223086012302 0.6287450851927182 0.006377269334818081 0.010973861436318445
6 0.9108336712683212 0.6256382659108775 0.006359088001272539 0.009411361436318443
6 0.9093257152689574 0.620959856269957 0.004851132001908809 0.014089771077238921
6 0.8547018499363667 0.6158092688377437 0.0032340880012725393 0.009393180718159222
6 0.858626281269912 0.6142240429400446 0.0031977253341818113 0.006268180718159222
6 0.868001281269912 0.6141695007855669 0.0047602253341818114 0.006277271077238922
6 0.884407531269912 0.614074052015231 0.0031977253341818113 0.0062681807181594
6 0.9015859406031392 0.6147553080653552 0.0031977253341818113 0.006268180718159222
6 0.9132410559357302 0.620155880372258 0.0032159066677273527 0.0078306807181594
6 0.916375146602503 0.6193564496540988 0.0032159066677273527 0.007830680718159223
6 0.9249688966025029 0.619306452679161 0.0031977253341818113 0.0062681807181594
6 0.9366876466025029 0.6192382749860638 0.0031977253341818113 0.0062681807181594
6 0.9601069652689574 0.6206644195998694 0.0031977253341818113 0.006268180718159222
6 0.9952086712683211 0.6251473865205781 0.004778406667727353 0.007839771077238922
6 0.7456632046069573 0.5875393439733169 0.0031977253341818113 0.006268180718159222
6 0.7503961579408209 0.5836058228960781 0.0032159066677271753 0.007830680718159223
9 0.725 0.8390625 0.55 0.321875
2 0.6864881992759572 0.5706972776183423 0.006304544000636447 0.004723861436318444
2 0.7115791059436845 0.5627393318730685 0.0031795440006362695 0.004705680718159222
2 0.7207632019414573 0.5790910397185908 0.0031795440006364474 0.004705680718159399
2 0.7253688859405028 0.5860950186413519 0.0031795440006362695 0.004705680718159222
2 0.7592989906110935 0.5569933259211401 0.006322725334181811 0.006286361436318444
4 0.7583177459420936 0.5741853711006799 0.009611357336090798 0.020367042154477842
4 0.7098893366088663 0.5736859222321481 0.006413632001908987 0.014098861436318444
4 0.6816734299411391 0.5816620486955812 0.00793976933481808 0.010982951795397966
4 0.7105433172740482 0.5846188770526084 0.00793976933481808 0.010982951795397966
5 0.6847257046069573 0.587893867977422 0.019222714672181597 0.04073408430895533
5 0.7091535399427299 0.5697842174116878 0.009611357336090798 0.020367042154477842
5 0.715167182606639 0.5900603559753694 0.022274989337999783 0.03450226502711473
5 0.7207177486075936 0.5829972897185908 0.007957950668363623 0.012545451795397965
5 0.7260865012730937 0.5915592234618121 0.011155676002545434 0.018813632513557367
5 0.7448092292727755 0.5937938891528567 0.006522720003181703 0.023473861436318445
5 0.75660979527373 0.5866944614597596 0.022674978675999567 0.06887726502711473