8 0.178125 0.171875 0.35625 0.315625
5 0.07358985196531975 0.18896776193509393 0.025418170671545327 0.03622840133672707
2 0.02347222063972847 0.13252740527532086 0.00793976933481808 0.01102840666772722
4 0.01171875 0.171875 0.0234375 0.053125
5 0.0140625 0.16171875 0.028125 0.0828125
5 0.665625 0.16484375 0.5125 0.3296875
1 0.21520299793127579 0.5827786598902323 0.2775453866963623 0.22194991470399827
4 0.17578125 0.84140625 0.3515625 0.3171875
2 0.24921875 0.3953125 0.2828125 0.13125
5 0.2046875 0.66484375 0.409375 0.6703125
5 0.04140625 0.66484375 0.0828125 0.6703125
8 0.7046875 0.66484375 0.590625 0.6703125
8 0.92578125 0.38671875 0.1140625 0.1140625
8 0.93203125 0.43671875 0.1359375 0.2140625
8 0.95859375 0.43984375 0.0828125 0.2203125
8 0.9828125 0.44375 0.034375 0.228125