8 0.403125 0.13984375 0.371875 0.2796875
8 0.27265625 0.2296875 0.5453125 0.459375
8 0.79453125 0.18046875 0.4109375 0.3609375
0 0.77578125 0.4167450549420971 0.0765625 0.04419542759490121
0 0.7265625 0.3896876512531051 0.0515625 0.03467498184962743
3 0.71796875 0.411612648228043 0.0359375 0.01739657825883114
3 0.75390625 0.4371848199692119 0.025 0.017332945745273776
7 0.703125 0.43671875 0.09375 0.0453125
5 0.75 0.421875 0.203125 0.075
5 0.6796875 0.4046875 0.18125 0.109375
0 0.80390625 0.2712689284786641 0.009375 0.006304542154477666
7 0.80234375 0.2806530188377437 0.0171875 0.01416249394987581
5 0.80390625 0.283768928478664 0.025 0.03452044574527378
0 0.7953125 0.295537675453602 0.009375 0.006304542154477666
7 0.79765625 0.30568028991498253 0.0171875 0.01572499394987581
5 0.79453125 0.30882347063314175 0.0265625 0.03609203610435348
3 0.44609375 0.7675798053348807 0.0296875 0.0376727168225127
2 0.4640625 0.690912766205465 0.06875 0.06914997579950324
4 0.43203125 0.864536618566597 0.1359375 0.20547836123992685
5 0.4109375 0.821875 0.24375 0.35625
7 0.64296875 0.5375 0.1078125 0.15625
5 0.6578125 0.709375 0.1375 0.5