8 0.29453125 0.29296875 0.5890625 0.5859375
8 0.49609375 0.35 0.2453125 0.309375
0 0.64375 0.0375 0.05 0.075
5 0.66015625 0.31953125 0.0828125 0.6390625
5 0.309375 0.81953125 0.61875 0.3609375
0 0.7015200307416004 0.86015625 0.05664997579950324 0.06875
0 0.7881887837666625 0.86875 0.05031816256778647 0.0546875
0 0.877996172330344 0.875 0.04874657220870695 0.053125
0 0.9375166180756178 0.85 0.06764201795398109 0.078125
3 0.7035956151487517 0.90625 0.029851126463433176 0.028125
3 0.7902507326351943 0.9171875 0.029842036104353563 0.0265625
3 0.8918905006873711 0.90390625 0.020457945745273775 0.025
3 0.9216643590986274 0.8890625 0.03145907825883114 0.0359375
4 0.87265625 0.9609375 0.0515625 0.078125
4 0.9421875 0.9609375 0.115625 0.078125
4 0.7984375 0.96796875 0.096875 0.0640625
4 0.7078125 0.96953125 0.10625 0.0609375
5 0.7109375 0.9109375 0.15625 0.178125
5 0.81015625 0.91875 0.1390625 0.1625
5 0.8953125 0.92109375 0.13125 0.1578125
5 0.92734375 0.9015625 0.1453125 0.196875