8 0.303125 0.23203125 0.60625 0.4359375
8 0.44609375 0.34296875 0.3453125 0.2140625
0 0.10731915895354933 0.2507711178792261 0.01572499394987581 0.017278403590796288
3 0.10900892398066397 0.2726370275201465 0.011019313231716588 0.014126132513557366
7 0.11466857152133594 0.30541771126336786 0.030023843285945873 0.057985216822512696
5 0.11387823116225633 0.3038597564429077 0.04289654800821019 0.12212043969514959
0 0.696875 0.02578125 0.15625 0.0515625
3 0.6923794393023662 0.11683193423420066 0.058185204722264315 0.06439884328594588
7 0.74375 0.25859375 0.25 0.3828125
5 0.7671875 0.225 0.296875 0.45
5 0.171875 0.8765625 0.34375 0.2125
7 0.7453125 0.571875 0.09375 0.24375
7 0.8890625 0.5328125 0.06875 0.165625
5 0.9 0.66875 0.109375 0.4375
5 0.7765625 0.725 0.234375 0.55
9 0.7388327793668583 0.5854359676080796 0.16023858411256367 0.14936471662612102
9 0.64375 0.5796875 0.05 0.084375