8 0.3453125 0.371875 0.5875 0.675
8 0.07421875 0.34921875 0.1484375 0.5203125
3 0.8913762412874112 0.2984595127307243 0.20932155068427205 0.13210561736154416
4 0.83515625 0.36015625 0.3296875 0.2359375
2 0.9 0.05859375 0.2 0.1171875
5 0.81953125 0.2484375 0.3609375 0.496875
3 0.91484375 0.67578125 0.1703125 0.0671875
2 0.91640625 0.52109375 0.1671875 0.1140625
5 0.81953125 0.57421875 0.3609375 0.2703125
8 0.32734375 0.9046875 0.3640625 0.190625
8 0.8421875 0.8546875 0.315625 0.290625
8 0.678125 0.81796875 0.078125 0.2171875