9 0.8390625 0.47578125 0.028125 0.034375
9 0.70390625 0.48125 0.0234375 0.0296875
9 0.43046875 0.44765625 0.0125 0.0390625
9 0.4609375 0.46640625 0.075 0.0828125
9 0.50078125 0.48359375 0.0125 0.0390625
9 0.52734375 0.47890625 0.04375 0.053125
8 0.175 0.7109375 0.35 0.34375
5 0.0234375 0.678125 0.0140625 0.025
6 0.79921875 0.71953125 0.0203125 0.0546875
6 0.66953125 0.70546875 0.0171875 0.04375
6 0.54453125 0.73203125 0.015625 0.040625
6 0.453125 0.77421875 0.0203125 0.0484375
6 0.44921875 0.953125 0.0421875 0.09375
9 0.79609375 0.8921875 0.4078125 0.215625
4 0.9796875 0.58984375 0.009375 0.025
5 0.97890625 0.6 0.015625 0.0703125