8 0.23359375 0.36171875 0.4671875 0.5953125
8 0.2875 0.33359375 0.3625 0.6515625
5 0.0140625 0.39609375 0.028125 0.1015625
8 0.5265625 0.2296875 0.115625 0.196875
8 0.915625 0.1765625 0.16875 0.353125
8 0.7069447220719057 0.2635146167990716 0.3090499253659985 0.24240671037960498
8 0.75703125 0.07890625 0.1109375 0.1578125
7 0.7490771307288153 0.19188960167376107 0.015897720003181702 0.023528403590796287
5 0.7474964493952699 0.19031801131468154 0.019095445337363515 0.02979658430895533
0 0.7419367927275426 0.18247369505790284 0.006359088001272717 0.009411361436318443
0 0.878266286083678 0.3512242159387499 0.01266363200190881 0.014135222872636887
3 0.8815185554184961 0.36217989665690914 0.00792158800127254 0.009420451795397966
7 0.8878594620862232 0.37002875809322766 0.02374658267027243 0.026698855386194254
5 0.8862060554184961 0.36220716773414807 0.027017033338636053 0.039217036104353474
9 0.9515625 0.4140625 0.096875 0.1375
9 0.894355457431541 0.45834182435000637 0.189627216024817 0.1839033430895542
9 0.8131503634229504 0.394592420857406 0.09124316534054522 0.05365224082661779
9 0.7718446580999044 0.4701282311622563 0.1629919906906352 0.17749880698520074
9 0.6658855594366316 0.4945100867448423 0.1438056386855445 0.13988972267624522
9 0.5904582980983137 0.45735499950902064 0.184939716024817 0.1838760720123153
9 0.5140625 0.54375 0.090625 0.146875
8 0.515625 0.48515625 0.09375 0.2078125
8 0.8444452694143599 0.33149752321853826 0.2705317706874535 0.15468854176169416
0 0.6386572513924064 0.16859248135864807 0.006340906667727175 0.007848861436318444
0 0.6479958887253154 0.16552202351312584 0.007903406667727353 0.007857951795397966
0 0.6308265700588609 0.16698452956325002 0.007903406667727176 0.007857951795397966
0 0.6177544053946336 0.1848760115110732 0.007921588001272717 0.009420451795397966
7 0.620216334062679 0.19504589704969266 0.014207950668363622 0.012581813231716588
7 0.6325708833943153 0.18261861992232956 0.014317038669636161 0.02195681323171641
7 0.6395475893936791 0.17797202653818794 0.004796588001272717 0.009402271077238922
7 0.6488862267265881 0.1749015686926656 0.00950226933481808 0.010992042154477666
5 0.6480686140594972 0.17177202351312584 0.012718176002545434 0.018822722872636886
5 0.6394930453930427 0.17328452653818793 0.009593176002545256 0.018804542154477844
5 0.6309720207272245 0.17948452956325003 0.01598862667090888 0.03134090359079629
5 0.619398721395588 0.1919163518701529 0.015915901336727066 0.025090903590796288
8 0.271875 0.83203125 0.39375 0.3359375
5 0.2796875 0.7296875 0.0625 0.140625