8 0.16953125 0.209375 0.3390625 0.41875
0 0.5123126058771735 0.09529815006363344 0.09253293364502539 0.060447698679181275
0 0.36484375 0.10703125 0.0515625 0.0734375
0 0.6620626210024841 0.14001230808399612 0.10819429508134384 0.06687951201463563
4 0.6767604043763631 0.29956912141945063 0.15097266842151918 0.16893290802036276
4 0.49035981694414976 0.24270895206076998 0.13050563231716553 0.1421340506842718
4 0.3671875 0.2515625 0.05625 0.140625
3 0.35390625 0.165625 0.0296875 0.03125
3 0.5150967174116878 0.15392826273072435 0.0439408975406721 0.033321577339272504
3 0.6406416180756178 0.19601686008113264 0.04393180718159222 0.0317590773392725
5 0.38046875 0.24140625 0.0828125 0.3546875
5 0.51953125 0.23984375 0.2359375 0.3578125
5 0.66484375 0.26015625 0.1984375 0.3171875
1 0.16953125 0.78359375 0.3390625 0.2359375
2 0.16953125 0.50234375 0.3390625 0.1671875
5 0.16953125 0.709375 0.3390625 0.58125
8 0.74375 0.709375 0.5125 0.58125
4 0.5931176991631194 0.6044469780792237 0.0314408975406721 0.03317612667090888
3 0.5909103045493137 0.5809822060789054 0.012572722872636888 0.012645450668363622
2 0.5902108677810303 0.5669106154121327 0.015697722872636887 0.012681813335454529
5 0.5985364521881815 0.6131043627466327 0.0506272347764936 0.10839430267345432
9 0.47704272638867834 0.6804453093968608 0.034629530054229286 0.04414998933799978