8 0.23046875 0.325 0.4609375 0.209375
6 0.7641277766947715 0.17903001160926907 0.025636346674090583 0.054832945745273864
6 0.9065601773551808 0.13376802946505412 0.024001121339908595 0.048573855386194256
6 0.9984375 0.10546875 0.003125 0.0390625
6 0.6918436966899989 0.14345560509160665 0.016097714672181594 0.0407159035907962
6 0.7743198420194082 0.1150311441228264 0.014426126670908878 0.03133181323171659
6 0.8420613253500902 0.09589532474278979 0.009684082670272787 0.02661704215447771
6 0.607659600692226 0.15937097570130732 0.014462489337999785 0.034456813231716586
6 0.6769363120225899 0.13790049668035032 0.012881808004454242 0.032885222872636975
6 0.9021357593491356 0.08921405356735508 0.014462489337999785 0.034456813231716586
9 0.8 0.2234375 0.4 0.4125
0 0.3546875 0.52265625 0.2875 0.1859375
3 0.3578788713796797 0.6615253908031766 0.19449762404517976 0.33392152380771334
7 0.2953125 0.825 0.44375 0.35
5 0.31640625 0.71484375 0.5546875 0.5703125
0 0.92890625 0.73828125 0.1421875 0.5234375
5 0.85390625 0.73125 0.2921875 0.5375