8 0.2875 0.39296875 0.559375 0.3328125
8 0.23125 0.2796875 0.4625 0.559375
1 0.8296875 0.221875 0.340625 0.3125
4 0.8296875 0.4296875 0.340625 0.259375
5 0.8296875 0.2796875 0.340625 0.559375
8 0.3296875 0.7796875 0.659375 0.440625
8 0.1671875 0.7796875 0.334375 0.440625
4 0.4416078005422929 0.7460634080999045 0.08182269262201594 0.09938292934436319
2 0.4293345386384363 0.6506145480983136 0.02666249394987581 0.01749658267027261
3 0.4342720235131258 0.6936378420989501 0.02200226502711473 0.022129538669636163
5 0.4378560866466465 0.7725804547660408 0.12343854176169415 0.2701681440165447
8 0.80078125 0.7796875 0.2828125 0.440625
4 0.6828125 0.665625 0.046875 0.0625
2 0.66875 0.6109375 0.01875 0.01875
3 0.66875 0.63046875 0.01875 0.0171875
5 0.68828125 0.7 0.0578125 0.20625