8 0.19609375 0.2046875 0.3921875 0.409375
0 0.5793859555078312 0.059375 0.02520907825883114 0.0359375
0 0.6701245849963264 0.03984375 0.028370439695149584 0.0421875
0 0.5009240913410382 0.2515625 0.023628397540672096 0.0328125
0 0.43448602508425954 0.25703125 0.020503397540672097 0.0328125
7 0.43912807328886155 0.26484375 0.0440954336450254 0.059375
7 0.5808620970965748 0.07421875 0.03940793364502539 0.059375
7 0.6606586814055303 0.05546875 0.06299087939029935 0.084375
5 0.65234375 0.028125 0.0828125 0.05625
5 0.6441342567374952 0.07578125 0.09920109016268804 0.13125
5 0.5729359676080796 0.09375 0.06779655405833437 0.1046875
5 0.5000383022116226 0.26953125 0.04268746974937905 0.0859375
5 0.43748376005714495 0.27890625 0.04894656010845857 0.0875
8 0.696875 0.81015625 0.575 0.3796875
8 0.7185035185431561 0.6515625 0.541180553665551 0.3640625