8 0.10234375 0.090625 0.2046875 0.18125
8 0.13203125 0.296875 0.2640625 0.54375
5 0.634375 0.284375 0.409375 0.56875
4 0.5703125 0.46015625 0.28125 0.2171875
2 0.615625 0.04375 0.16875 0.0875
1 0.578125 0.1604785879217309 0.2 0.2273272106938169
9 0.16640625 0.6727535106222293 0.0359375 0.03323067067154532
9 0.1265625 0.6622796346276381 0.0296875 0.026907945337363515
9 0.10078125 0.650079626631138 0.034375 0.030087489337999783
8 0.01484375 0.66640625 0.0296875 0.0421875
0 0.075 0.6605358686346378 0.025 0.037790901336727245
0 0.07578125 0.740995527967865 0.025 0.039353401336727066
4 0.08203125 0.6995165526336834 0.0359375 0.06448067067154532
4 0.06953125 0.8020057533020468 0.0359375 0.07854317067154533
5 0.08125 0.7151506433004561 0.0671875 0.1445317973424542
5 0.0671875 0.8535955253023652 0.103125 0.26994996801399934
3 0.071875 0.7660409813017287 0.0109375 0.00950226933481808
3 0.84453125 0.64765625 0.1078125 0.1578125
7 0.69296875 0.775 0.4640625 0.4125
5 0.73046875 0.78046875 0.5390625 0.4234375