8 0.2546875 0.259375 0.509375 0.51875
8 0.68984375 0.259375 0.3609375 0.51875
8 0.7546875 0.259375 0.490625 0.51875
8 0.35625 0.88515625 0.203125 0.2296875
8 0.2546875 0.759375 0.509375 0.48125
9 0.05390625 0.9046875 0.1078125 0.1125
7 0.1704867794650541 0.8435626058771735 0.017414758976990453 0.03916249394987581
0 0.17660951443793946 0.821651244440855 0.009438632513557366 0.010992042154477844
5 0.1744748426967707 0.8576023799794745 0.030178379390299347 0.08454771682251269
9 0.49237034894328663 0.7088729467272324 0.022247704722264318 0.06418976502711474
9 0.4611794362773042 0.7192110039088249 0.05514201795398073 0.07844316256778665
7 0.866490146755105 0.8131569675098838 0.18106923458010193 0.23854539129415606
0 0.9703125 0.7359375 0.059375 0.14375
3 0.957800947984769 0.796218931503726 0.023646578258831142 0.03607385538619416
5 0.87265625 0.8328125 0.2546875 0.334375