8 0.09609375 0.31328125 0.1921875 0.5734375
8 0.2328125 0.434375 0.465625 0.33125
7 0.70390625 0.05546875 0.4703125 0.1109375
5 0.734375 0.2515625 0.53125 0.503125
7 0.3390625 0.75078125 0.259375 0.3015625
5 0.30859375 0.8 0.3203125 0.4
3 0.6602248107494961 0.8728268832991242 0.1435692813494537 0.1195772226762454
3 0.47265625 0.62734375 0.0078125 0.0203125
2 0.62890625 0.615625 0.2015625 0.03125
5 0.75703125 0.621875 0.0671875 0.04375
5 0.5078125 0.7296875 0.078125 0.259375
5 0.72890625 0.8 0.5203125 0.4
4 0.68359375 0.94140625 0.3921875 0.1171875
4 0.48671875 0.64453125 0.0359375 0.0578125