8 0.21875 0.25 0.4375 0.5
1 0.81875 0.1609375 0.31875 0.321875
4 0.8296875 0.41328125 0.340625 0.1734375
5 0.8296875 0.25 0.340625 0.5
8 0.2296875 0.72109375 0.459375 0.4421875
8 0.51171875 0.65859375 0.2953125 0.3171875
6 0.99140625 0.88515625 0.0171875 0.0890625
6 0.7998583807288153 0.8750964905320302 0.03532042934436319 0.08144998789975162
6 0.7293180667170431 0.7879732195529872 0.016115896005726958 0.042278403590796286
6 0.8502845473822251 0.7777402223816576 0.014517033338636054 0.03914431323171659
6 0.99375 0.7671875 0.0125 0.0375
6 0.712784547382225 0.7769402707826513 0.012899989337999785 0.034447722872636886
6 0.9680078493793616 0.7573327944921687 0.011319308004454243 0.032876132513557366