8 0.26484375 0.275 0.5296875 0.55
5 0.18203125 0.11266921340466718 0.0515625 0.13311248184962743
0 0.9109375 0.2870299057320955 0.01875 0.01729658430895533
5 0.9078125 0.3643554750139363 0.05 0.17529089149054772
7 0.6015625 0.38366751463433124 0.03125 0.06424430718159221
0 0.6046875 0.33056069535249044 0.0171875 0.02353749394987581
5 0.59921875 0.41412262909571174 0.046875 0.19714771077238852
2 0.53671875 0.65 0.0140625 0.059375
3 0.91796875 0.6114269594958424 0.05 0.06122839149054773
3 0.78515625 0.5703125 0.0453125 0.040625
3 0.58984375 0.57109375 0.0453125 0.0421875
4 0.5578125 0.87578125 0.05625 0.2484375
7 0.5921875 0.75234375 0.125 0.3578125
7 0.77578125 0.7551309868195972 0.1515625 0.343069264830723
7 0.91328125 0.81328125 0.1609375 0.3734375
5 0.5703125 0.80390625 0.08125 0.3921875
5 0.615625 0.775 0.171875 0.45
5 0.7703125 0.775 0.2 0.45
5 0.903125 0.775 0.19375 0.45
9 0.984375 0.72734375 0.03125 0.1640625