8 0.21484375 0.2546875 0.4296875 0.509375
3 0.8392159943426594 0.1671875 0.08640110831306061 0.0796875
4 0.7026745063447117 0.13671875 0.2119283491396783 0.1703125
5 0.75546875 0.2546875 0.4890625 0.509375
0 0.83203125 0.0546875 0.1703125 0.109375
8 0.21484375 0.79140625 0.4296875 0.4171875
8 0.32421875 0.81953125 0.2109375 0.3609375
5 0.04609375 0.92421875 0.0921875 0.1515625
4 0.023658130274062116 0.91640625 0.02386474687674216 0.0734375
5 0.6176439587292851 0.68046875 0.017451120413308985 0.0453125
8 0.925674627347196 0.64296875 0.06427157825883115 0.0359375
8 0.73359375 0.80625 0.4890625 0.3875
8 0.49519224180857646 0.6453125 0.059938602262936236 0.096875
4 0.567126329142594 0.63515625 0.004751132513557366 0.0109375
5 0.5663314436039746 0.6375 0.007948855386194253 0.0234375