8 0.375 0.1796875 0.75 0.359375
8 0.5921875 0.1796875 0.315625 0.359375
5 0.3196737132082755 0.27523478669352863 0.07872496369925477 0.1035795179539809
8 0.875 0.1796875 0.25 0.359375
8 0.875 0.20078125 0.25 0.3171875
8 0.56640625 0.490625 0.3671875 0.2625
8 0.215625 0.65234375 0.43125 0.5859375
5 0.6080822282353902 0.4516826154433392 0.012690897540672097 0.032885222872636885
5 0.13992816763595217 0.6911330183467643 0.08515677088084712 0.13486587939029934
5 0.13540325233769104 0.45052619906492364 0.031595433645025484 0.05955680718159222
7 0.13145609572183276 0.4435176749626226 0.011055674668035032 0.020376132513557365
7 0.15704748994285503 0.6793142743968886 0.033148843285945875 0.058003397540672096
3 0.15449011650448402 0.6426091599355079 0.011001132513557365 0.011001132513557365
2 0.15284580327276748 0.6285557502945875 0.01255454215447771 0.009447722872636889
0 0.1251242824901162 0.42949153639894105 0.009438632513557366 0.010992042154477844
8 0.92265625 0.5984375 0.1546875 0.478125