8 0.24453125 0.325 0.4890625 0.65
7 0.3515625 0.4315923083599428 0.0453125 0.048701120413308985
5 0.353125 0.42611446800086306 0.0765625 0.0691954275949012
7 0.1078125 0.40254165437636313 0.05625 0.05970225292686635
5 0.11171875 0.389237678478664 0.059375 0.0862829336450254
3 0.8875 0.33046875 0.225 0.2390625
0 0.83671875 0.221875 0.3265625 0.44375
7 0.815625 0.578125 0.36875 0.14375
5 0.8046875 0.325 0.390625 0.65
4 0.2640625 0.846875 0.309375 0.30625
4 0.196875 0.69609375 0.040625 0.0921875
4 0.09375 0.8125 0.1875 0.325
4 0.07109375 0.69453125 0.0734375 0.0890625
4 0.0328125 0.76875 0.065625 0.2375
5 0.17578125 0.70234375 0.1203125 0.1046875
5 0.0625 0.825 0.125 0.35
5 0.1296875 0.825 0.259375 0.35
0 0.29921875 0.825 0.4734375 0.35
0 0.49296875 0.825 0.1734375 0.35
9 0.28984375 0.825 0.5796875 0.35
0 0.8390625 0.69921875 0.171875 0.0984375
3 0.68671875 0.7346779643866258 0.046875 0.06121021077238851
4 0.740625 0.92890625 0.309375 0.1421875
4 0.6734375 0.8495989824388026 0.040625 0.11429884933607007
4 0.621875 0.85078125 0.084375 0.2984375
0 0.63671875 0.6755938558771736 0.021875 0.040752265027114556
5 0.65234375 0.7848779522863774 0.1203125 0.26944995764913066
5 0.6578125 0.825 0.15625 0.35
0 0.78984375 0.825 0.4203125 0.35
0 0.94140625 0.825 0.1171875 0.35
9 0.78984375 0.825 0.4203125 0.35