8 0.44296875 0.2546875 0.5515625 0.509375
8 0.2546875 0.34296875 0.359375 0.3328125
1 0.80703125 0.20859375 0.1765625 0.2765625
4 0.859375 0.4265625 0.28125 0.165625
5 0.859375 0.2546875 0.28125 0.509375
1 0.32193706987101595 0.684375 0.14665787314378348 0.23125
4 0.22421875 0.90703125 0.3671875 0.1859375
5 0.25390625 0.7546875 0.5078125 0.490625
7 0.77890625 0.709375 0.1203125 0.190625
3 0.7620631418833312 0.621875 0.029951120413308985 0.0453125
0 0.7554364128623743 0.55234375 0.05038179508134384 0.065625
5 0.79921875 0.75859375 0.1453125 0.4828125