8 0.3140625 0.2296875 0.53125 0.459375
9 0.0515625 0.36875 0.103125 0.18125
6 0.66796875 0.2296875 0.1765625 0.459375
5 0.78984375 0.2296875 0.4203125 0.459375
4 0.81328125 0.39140625 0.2953125 0.1359375
3 0.8064337479568966 0.27578125 0.14298745159900647 0.1375
2 0.8328125 0.02578125 0.18125 0.0515625
2 0.21738696701890453 0.490625 0.10032725292686635 0.05625
4 0.18101312978308287 0.565625 0.1617374515990065 0.1375
3 0.20070800624651594 0.5375 0.06888635538619425 0.0234375
5 0.1640625 0.63671875 0.2625 0.3546875
1 0.7015625 0.896875 0.24375 0.20625
2 0.70625 0.684375 0.253125 0.19375
5 0.78984375 0.78203125 0.4203125 0.4359375