8 0.18515625 0.2 0.3703125 0.4
8 0.74453125 0.2 0.5109375 0.4
1 0.23203125 0.64140625 0.4640625 0.3203125
2 0.2234375 0.42734375 0.446875 0.0546875
4 0.24453125 0.87421875 0.4890625 0.2515625
5 0.24453125 0.7 0.4890625 0.6
0 0.9171875 0.5 0.165625 0.2
0 0.7625 0.5860935987468949 0.16875 0.1869192587805987
0 0.50859375 0.65234375 0.0390625 0.1359375
3 0.5078125 0.78828125 0.0375 0.0796875
3 0.75390625 0.757137351771957 0.10625 0.09280564441741417
3 0.965625 0.8140625 0.06875 0.171875
4 0.7765625 0.9171875 0.271875 0.165625
4 0.55546875 0.9125 0.1328125 0.175
5 0.584375 0.78828125 0.190625 0.4234375
5 0.7484375 0.74453125 0.340625 0.5109375
5 0.91796875 0.7 0.1640625 0.6