8 0.16953125 0.21484375 0.3390625 0.4296875
6 0.97109375 0.31953125 0.0578125 0.2203125
3 0.5444055476154267 0.18864642700572606 0.06920451795398072 0.07852497579950315
2 0.51484375 0.0546875 0.1484375 0.109375
5 0.48125 0.1875 0.284375 0.375
9 0.63203125 0.21484375 0.5859375 0.4296875
6 0.9084094811622563 0.31497868549173713 0.040271517757589234 0.20803975897699054
9 0.9265625 0.10546875 0.146875 0.2109375
8 0.16953125 0.71484375 0.3390625 0.5703125
4 0.51171875 0.47421875 0.2796875 0.0890625
5 0.5578125 0.71484375 0.38125 0.5703125