8 0.1796875 0.25 0.359375 0.5
1 0.3125 0.96015625 0.09375 0.0796875
3 0.31760409387512106 0.7312797327333902 0.08018746974937904 0.08640110831306061
2 0.30234375 0.56015625 0.1140625 0.1203125
4 0.2875 0.86328125 0.14375 0.2734375
5 0.2375 0.75 0.24375 0.5
7 0.9390625 0.65078125 0.121875 0.1921875
3 0.9048586541799715 0.5747832512765463 0.06268180718159258 0.03161361436318479
0 0.90703125 0.53046875 0.1296875 0.0609375
5 0.80234375 0.73203125 0.3953125 0.4640625
5 0.5328125 0.571875 0.325 0.14375