8 0.44453125 0.4484375 0.2296875 0.375
8 0.22578125 0.47421875 0.4515625 0.3703125
9 0.7796875 0.38359375 0.440625 0.5515625
3 0.7192158133752253 0.29609375 0.07874426002545327 0.1875
0 0.72109375 0.0875 0.1984375 0.175
5 0.7625 0.3296875 0.40625 0.659375
7 0.7703125 0.4609375 0.38125 0.396875
3 0.38994648404677057 0.88984375 0.22887152936027144 0.1984375
0 0.31328125 0.82421875 0.2765625 0.3296875
5 0.36171875 0.8296875 0.3953125 0.340625
7 0.79921875 0.73828125 0.1953125 0.1578125
5 0.7796875 0.8296875 0.284375 0.340625