8 0.1453125 0.1078125 0.290625 0.215625
9 0.56484375 0.1740427432765935 0.1734375 0.30826812802354436
2 0.6484375 0.08359375 0.215625 0.1671875
2 0.8546875 0.11015625 0.290625 0.2203125
3 0.71484375 0.1902660852562308 0.109375 0.11846019334818117
3 0.93515625 0.334375 0.1296875 0.1875
4 0.753125 0.03671875 0.096875 0.0734375
4 0.56015625 0.0703125 0.0921875 0.140625
4 0.76953125 0.29609375 0.3359375 0.2671875
5 0.54375 0.240625 0.16875 0.378125
5 0.85703125 0.21484375 0.2859375 0.4296875
5 0.746875 0.0546875 0.125 0.109375
5 0.57578125 0.16953125 0.1921875 0.3390625
5 0.771875 0.21484375 0.45625 0.4296875
9 0.3671875 0.57890625 0.184375 0.2171875
0 0.08046875 0.5823103239576838 0.028125 0.04563976400381797
4 0.08359375 0.6119614612905929 0.040625 0.05359771467218159
5 0.08359375 0.6338364612905929 0.0765625 0.16182838534372693
4 0.69140625 0.6383597819462297 0.3546875 0.29631466271481594
2 0.83984375 0.4764763052594125 0.1375 0.08441245735199913
5 0.7484375 0.71640625 0.490625 0.5671875