8 0.2046875 0.32421875 0.409375 0.4515625
8 0.2046875 0.1703125 0.409375 0.340625
1 0.71875 0.2991706938003663 0.43125 0.4259464391059744
2 0.7546875 0.0390625 0.41875 0.078125
4 0.7046875 0.428125 0.590625 0.24375
5 0.7046875 0.275 0.590625 0.55
8 0.2046875 0.775 0.409375 0.45
7 0.6625 0.8004711360295987 0.01875 0.03135908430895533
0 0.65703125 0.7778467022863774 0.00625 0.009411361436318443
5 0.6640625 0.815305795670519 0.034375 0.08613748789975162
5 0.99609375 0.596875 0.0078125 0.025
8 0.97578125 0.603125 0.0484375 0.10625
9 0.96796875 0.6330689708295335 0.0296875 0.040797716822512695
9 0.93515625 0.6621661183702054 0.059375 0.0800329336450254
7 0.99140625 0.6391826154433392 0.0109375 0.020376132513557365
5 0.9921875 0.646875 0.015625 0.053125
8 0.84453125 0.86171875 0.2203125 0.2765625
5 0.77734375 0.984375 0.0578125 0.03125
8 0.7046875 0.775 0.590625 0.45