8 0.21953125 0.45234375 0.4390625 0.4953125
5 0.07265326746300156 0.36177120863108925 0.012763620413308984 0.04538522287263698
0 0.7698095477136226 0.22959048858712264 0.0709397347764937 0.10822156615858276
3 0.7748106651018694 0.2834694675098838 0.022211343285945873 0.05793976502711464
7 0.858436231358648 0.2884518832991242 0.10870335518980241 0.1537522347764936
5 0.8239476018701529 0.2691206211988758 0.17620901775758924 0.20883062021691715
6 0.3578125 0.87890625 0.1625 0.2421875
2 0.29140625 0.9390625 0.1921875 0.121875
5 0.24375 0.93046875 0.390625 0.1390625
0 0.5346265475172308 0.7355142774219507 0.007867042154477666 0.009420451795397966
7 0.5339589270057261 0.7550500726014905 0.011092036104353475 0.026626132513557367
7 0.5371611950579028 0.7683131418833312 0.023892017953980903 0.07826135538619425