8 0.07890625 0.31640625 0.1578125 0.5671875
8 0.9203125 0.1265625 0.159375 0.215625
8 0.76484375 0.3 0.4703125 0.6
2 0.959375 0.09143560460062732 0.0140625 0.01726931323171659
3 0.95546875 0.11094412870292833 0.0125 0.014135222872636887
5 0.94375 0.13353220100983115 0.0453125 0.1112011204133089
4 0.9515625 0.14217140280522927 0.0171875 0.04541249394987581
8 0.17421875 0.8 0.3484375 0.4
4 0.65234375 0.7453125 0.2453125 0.128125
0 0.96171875 0.95234375 0.0765625 0.0671875
3 0.93984375 0.98515625 0.0390625 0.0296875
3 0.79296875 0.7883328096174793 0.05625 0.03938975292686635
2 0.84140625 0.7659583607489474 0.0703125 0.06447156615858277
5 0.709375 0.83984375 0.359375 0.3203125