8 0.3578927505891752 0.34456955221162267 0.20591469847574845 0.21212833703943001
8 0.34453125 0.27578125 0.6890625 0.4078125
3 0.29390297346181204 0.33244225693388696 0.009438632513557366 0.010992042154477666
2 0.29555183187306844 0.3175894165748073 0.014171584308955331 0.018831813231716586
4 0.3023740036142373 0.3534860099589491 0.020530668617910842 0.037618174668035034
5 0.29458422951193625 0.3496252117543472 0.044249969749379045 0.08619203005422929
0 0.7640336662802198 0.07040586524694747 0.08498405405833447 0.10517837939029935
3 0.7670677626894236 0.08601268452878826 0.04401362041330899 0.04556703005422928
4 0.7078125 0.3140625 0.0375 0.309375
7 0.8362803292407899 0.2746661183702054 0.20035556576579944 0.3308419756031114
5 0.846875 0.23984375 0.30625 0.4796875
5 0.73984375 0.23984375 0.1015625 0.4796875
4 0.84453125 0.57265625 0.3109375 0.1859375
5 0.84453125 0.68828125 0.3109375 0.4171875