8 0.18828125 0.378125 0.3765625 0.221875
8 0.2875 0.3078125 0.34375 0.3625
1 0.6671875 0.35078125 0.415625 0.2515625
2 0.65390625 0.153125 0.3890625 0.125
5 0.7296875 0.2828125 0.540625 0.4125
8 0.2296875 0.74453125 0.459375 0.5109375
6 0.475 0.90078125 0.03125 0.1796875
6 0.5731759631100796 0.7578125 0.041179511903856714 0.0953125
6 0.652472577669656 0.690625 0.030078385440423537 0.0671875
6 0.7194828156676035 0.66015625 0.02218407220870695 0.053125
6 0.7639095265381879 0.6421875 0.019022710772388506 0.046875
6 0.8263231681269314 0.62734375 0.020576120413308984 0.0453125
6 0.911420330792914 0.6171875 0.015834078258831142 0.0359375
6 0.9934334000747548 0.6140625 0.01269998789975162 0.034375
9 0.95234375 0.5484375 0.0953125 0.109375
9 0.7296875 0.87109375 0.540625 0.2578125