8 0.25 0.31953125 0.5 0.6390625
8 0.44296875 0.365625 0.1140625 0.478125
3 0.7765625 0.08046875 0.253125 0.1609375
0 0.6875 0.08671875 0.325 0.1734375
7 0.79765625 0.41484375 0.4046875 0.3765625
5 0.7578125 0.30078125 0.484375 0.6015625
0 0.12244442795195676 0.9085927082383058 0.07565452800763603 0.056686337235821685
3 0.12581432861236613 0.9546637323406066 0.04255112667090888 0.03149543969514994
4 0.14375 0.97734375 0.134375 0.0453125
5 0.1703125 0.92890625 0.290625 0.1421875
8 0.72265625 0.81953125 0.4453125 0.3609375
8 0.91328125 0.81953125 0.1734375 0.3609375