8 0.21484375 0.3046875 0.4296875 0.609375
0 0.47324920686356364 0.4859069439449571 0.01728749394987581 0.017387494668999894
4 0.4890832851223948 0.5216626306095027 0.04567611436318479 0.06302725867281786
0 0.9416668878763105 0.28903720321455084 0.04404089149054755 0.050509077339272325
0 0.9752879089535493 0.29333380454332386 0.04874657220870695 0.053688621339908774
7 0.9514736799325924 0.3631468652132783 0.08195904800821019 0.12282042934436319
7 0.98515625 0.375 0.0296875 0.14375
5 0.971875 0.43125 0.05625 0.35625
5 0.9125 0.41953125 0.175 0.3796875
4 0.4789815772768725 0.531155809277548 0.08662836729005097 0.11974997334499946
0 0.3896190954272452 0.7162184158975501 0.022029536104353476 0.02681703866963616
5 0.3856992098886257 0.7139201192314137 0.041088608313060604 0.0801602146721816