8 0.378125 0.26171875 0.38125 0.5234375
8 0.38359375 0.05390625 0.3703125 0.1078125
8 0.65703125 0.5109375 0.1234375 0.078125
8 0.9828125 0.52421875 0.034375 0.0515625
9 0.9708640293668582 0.49220373994285505 0.02518180718159222 0.031395445745273774
8 0.25625 0.83828125 0.20625 0.3234375
8 0.2695520351223948 0.6970861617822196 0.2280078670936593 0.24975560206654457
8 0.4609375 0.64609375 0.2125 0.1921875
9 0.3046875 0.5625 0.065625 0.025
4 0.62578125 0.6296875 0.1140625 0.159375
4 0.88984375 0.88671875 0.2203125 0.2265625
4 0.8772690863520589 0.7340958032727675 0.04410452400410527 0.06119203005422928
4 0.7549809958947835 0.7966634600850175 0.14405102361132166 0.32113972267624524
5 0.63359375 0.775 0.1296875 0.45
0 0.68515625 0.578125 0.0265625 0.05625
0 0.7141327612164856 0.6237754059284872 0.04083407825883114 0.03617384933607006
0 0.7420804992144332 0.5934702823919202 0.018995439695149587 0.04229658430895533
0 0.856124818496274 0.5910088786047325 0.07689884328594587 0.058257927594901206
0 0.8954736648072817 0.6404548875817229 0.044049981849627426 0.05181703005422929
0 0.95625 0.609375 0.0875 0.096875
3 0.9499207911725189 0.7337372549699698 0.06587043969514994 0.04256929508134384
3 0.8809480773750684 0.6950560291704665 0.02668976502711473 0.022029536104353476
3 0.8526730864502546 0.6691111527070334 0.03453862646343318 0.02832498789975162
3 0.7897958365484505 0.6039037883438487 0.06280907220870695 0.05348861436318479
5 0.6953125 0.60625 0.03125 0.1125
5 0.7188384419346449 0.626927677005726 0.030023843285945873 0.057985216822512696
5 0.76171875 0.775 0.1640625 0.45
5 0.8587094630118838 0.6324287641433519 0.06489881303532492 0.14412270472226432
5 0.8801441014773694 0.6911452339909268 0.07117608411256385 0.14884656615858277
5 0.86640625 0.7765625 0.2671875 0.446875
5 0.99296875 0.69140625 0.0140625 0.1234375