8 0.02109375 0.09921875 0.0421875 0.1421875
8 0.16875 0.103125 0.2375 0.20625
8 0.2 0.2546875 0.4 0.509375
2 0.16370693423420066 0.0609375 0.01416249394987581 0.0171875
3 0.169071145104785 0.07890625 0.01258181323171641 0.0140625
5 0.1806671752572102 0.1 0.0537522347764936 0.1078125
4 0.1759296782822723 0.10859375 0.020567030054229284 0.04375
5 0.3743580879231927 0.60078125 0.03172269867214013 0.08125
7 0.3689711511549093 0.58671875 0.01738748789975162 0.034375
0 0.37299557582294424 0.56640625 0.009447722872636889 0.0125
8 0.2594683652469475 0.74296875 0.21902375253408285 0.315625
8 0.2 0.7546875 0.4 0.490625
1 0.64296875 0.74765625 0.4859375 0.3703125
2 0.646875 0.5609375 0.49375 0.103125
4 0.7 0.8859375 0.6 0.228125
5 0.7 0.7546875 0.6 0.490625