8 0.2796875 0.31484375 0.559375 0.4296875
6 0.8477228650505557 0.24765625 0.02535452400410527 0.0609375
6 0.729963193309387 0.21171875 0.015888620413308983 0.0453125
6 0.6808444372592628 0.19453125 0.011146578258831318 0.0359375
6 0.56953125 0.2625 0.0203125 0.071875
6 0.9745035336684665 0.21015625 0.009538626463433175 0.028125
6 0.9331972776183424 0.19296875 0.009511355386194253 0.0234375
6 0.6496444342342007 0.1859375 0.009502265027114553 0.021875
9 0.7796875 0.421875 0.440625 0.215625
4 0.33203125 0.603125 0.3296875 0.146875
3 0.53515625 0.56171875 0.0484375 0.0421875
5 0.034375 0.8375 0.06875 0.325
5 0.3515625 0.72734375 0.415625 0.3953125
7 0.73515625 0.66875 0.3515625 0.278125
5 0.7796875 0.76484375 0.440625 0.4703125