8 0.275 0.275 0.55 0.55
4 0.24174731659773047 0.5097499067074981 0.05859429734245412 0.06786020934118149
2 0.2657757099379574 0.4592413767106798 0.028361357336090798 0.02063976400381797
3 0.2608700339354121 0.47793683271004345 0.023655676002545346 0.019022720003181705
5 0.23359375 0.49453125 0.0953125 0.1109375
1 0.81875 0.278125 0.3625 0.35625
2 0.8359375 0.0640625 0.328125 0.128125
4 0.775 0.4328125 0.45 0.234375
5 0.775 0.275 0.45 0.55
2 0.4397217399347758 0.7871616701145402 0.13136018268618094 0.14525905068427197
1 0.4052916485916853 0.8586457714433131 0.052289753341817756 0.06309998400699968
4 0.453125 0.621875 0.1375 0.14375
4 0.37890625 0.94453125 0.2421875 0.1109375
5 0.39453125 0.69609375 0.3109375 0.2921875
5 0.3703125 0.85 0.35 0.3
8 0.871875 0.71328125 0.25625 0.3234375
8 0.79375 0.86328125 0.4125 0.2734375
4 0.9060841786282745 0.6607418840706332 0.017478401336727244 0.025199994668999894
5 0.9084915632956836 0.6553004060709513 0.023837489337999784 0.034647720003181705