8 0.1235404764868742 0.32734375 0.20433401775758914 0.2078125
8 0.15 0.278125 0.3 0.44375
3 0.18689444935951122 0.31484375 0.009438632513557366 0.0109375
2 0.18620410295030734 0.29921875 0.01417158430895551 0.01875
4 0.17896377469147615 0.33515625 0.02052157825883123 0.0359375
5 0.1860177505891752 0.33125 0.044240879390299345 0.084375
7 0.6265625 0.06015625 0.228125 0.1203125
5 0.53359375 0.25 0.4671875 0.5
8 0.15 0.75 0.3 0.5
8 0.42734375 0.5265625 0.1703125 0.053125
8 0.65 0.75 0.7 0.5
8 0.91640625 0.78828125 0.1671875 0.4234375
4 0.5964921631569619 0.584375 0.03156816256778665 0.0546875
2 0.6030375998270494 0.53359375 0.01571590359079611 0.015625
5 0.6020472715682181 0.56953125 0.04741133118569749 0.0921875
8 0.7824342083365016 0.58359375 0.1428147347764937 0.1078125