8 0.28515625 0.196875 0.3453125 0.39375
4 0.20402144213103668 0.09921875 0.015752265027114732 0.021875
2 0.20000610782208117 0.08046875 0.007857951795398143 0.0078125
5 0.205552125874258 0.09375 0.02677157825883114 0.0359375
8 0.72109375 0.38125 0.2828125 0.175
9 0.6448590238077133 0.1578125 0.09431360226293624 0.096875
9 0.7894902677575892 0.175 0.09864657825883123 0.0359375
9 0.9386373366466465 0.43125 0.04093407220870695 0.053125
6 0.97734375 0.4625 0.0078125 0.0125
6 0.453125 0.5078125 0.05 0.078125
9 0.28984375 0.734375 0.5796875 0.53125