8 0.12734375 0.2046875 0.2546875 0.409375
8 0.19453125 0.2046875 0.3890625 0.409375
1 0.0546875 0.76328125 0.109375 0.1265625
2 0.01875 0.45 0.0375 0.059375
3 0.36015625 0.4984375 0.0578125 0.078125
2 0.0484375 0.571875 0.096875 0.140625
4 0.0859375 0.9078125 0.171875 0.184375
4 0.31015625 0.75546875 0.1578125 0.4890625
5 0.26640625 0.7046875 0.2453125 0.590625
5 0.0203125 0.509375 0.040625 0.18125
5 0.13203125 0.74765625 0.2640625 0.5046875
0 0.50703125 0.7046875 0.2359375 0.590625
7 0.90078125 0.7046875 0.1984375 0.590625
5 0.69453125 0.7046875 0.6109375 0.590625