8 0.309375 0.08984375 0.61875 0.1796875
6 0.6328125 0.16484322911915283 0.009375 0.018804542154477667
7 0.59296875 0.6077952182954507 0.03125 0.05643180718159222
5 0.01484375 0.425 0.0296875 0.078125
7 0.01953125 0.41269388007767044 0.0171875 0.03447499394987581
0 0.01640625 0.39239956079582966 0.009375 0.010992042154477666
5 0.59296875 0.61953125 0.0515625 0.1203125
6 0.5734375 0.6594713477839459 0.0125 0.03601022287263689
9 0.50625 0.2957997332243695 0.0125 0.012572722872636888
8 0.49375 0.3114974560970064 0.0265625 0.03452953610435348
9 0.4484375 0.28207357651031534 0.00625 0.007848861436318444
9 0.4421875 0.28367243794663377 0.009375 0.009429542154477666
9 0.44296875 0.296167892767094 0.0125 0.018822722872636886
9 0.4359375 0.3024587993829523 0.0140625 0.018831813231716586
9 0.4234375 0.2822190222555892 0.009375 0.012554542154477665
9 0.41953125 0.28849174815328826 0.0125 0.015697722872636887
9 0.42109375 0.3119201577942087 0.015625 0.020403403590796197
0 0.60078125 0.5710310165000526 0.0140625 0.01726931323171659
8 0.125 0.5620802808397962 0.2109375 0.30747719847574845
8 0.2484375 0.58203125 0.496875 0.8046875
7 0.9703125 0.6015625 0.059375 0.21875
5 0.94140625 0.690625 0.1171875 0.4125