8 0.24453125 0.25 0.4890625 0.5
5 0.278125 0.34991065905174523 0.034375 0.13301248789975162
5 0.715625 0.04921875 0.09375 0.0984375
8 0.39453125 0.93046875 0.1890625 0.1390625
0 0.23984375 0.9392878182016862 0.01875 0.02510908430895533
5 0.2359375 0.9353588423039871 0.0296875 0.0798602168225127
3 0.54921875 0.55859375 0.1203125 0.1171875
4 0.67109375 0.61484375 0.3640625 0.2140625
5 0.74453125 0.6171875 0.5109375 0.234375
3 0.6015625 0.9515625 0.225 0.096875
2 0.5984375 0.7765625 0.21875 0.10625
5 0.7 0.85546875 0.421875 0.2890625