8 0.2296875 0.37890625 0.459375 0.1609375
8 0.2296875 0.3046875 0.459375 0.309375
8 0.6953125 0.18671875 0.3625 0.3734375
5 0.6171875 0.0296875 0.053125 0.059375
5 0.3042995970965749 0.63203125 0.10592378883482798 0.2125
5 0.16669051278761948 0.65078125 0.12475560206654457 0.2265625
4 0.3092598078689634 0.58515625 0.034647710772388506 0.046875
4 0.14583311212368955 0.61015625 0.0441136143631848 0.0625
3 0.29846320843469754 0.5609375 0.0063136325135573655 0.0109375
3 0.1468007144848217 0.578125 0.006295451795397966 0.0078125
0 0.13910184397331687 0.55859375 0.025163626463433175 0.028125
0 0.2993489975641131 0.54296875 0.023610216822512697 0.0296875