8 0.284375 0.384375 0.56875 0.53125
1 0.81171875 0.5078125 0.3765625 0.284375
2 0.78828125 0.27421875 0.4234375 0.2546875
5 0.784375 0.37734375 0.43125 0.5453125
8 0.284375 0.825 0.56875 0.35
2 0.3303932879535476 0.7849941861791082 0.014262494668999893 0.01726931323171659
3 0.3365251092855022 0.7951867976154268 0.009484088001272716 0.009429542154477666
4 0.3408853452816842 0.8233390686926656 0.027089758672817866 0.04546703610435365
5 0.3433472739497296 0.8131964542312851 0.0415704293443631 0.08148634933607006
8 0.9265625 0.825 0.146875 0.35
8 0.784375 0.825 0.43125 0.35