8 0.21640625 0.2 0.4328125 0.4
0 0.81875 0.2 0.3625 0.4
5 0.71171875 0.2 0.4453125 0.4
8 0.27734375 0.7 0.4234375 0.6
7 0.19809959407151276 0.6791671426241382 0.04402271077238851 0.04738407733927232
5 0.19657345550783126 0.6729353239576839 0.07539997579950324 0.06962270401018138
7 0.4373166301758663 0.6498228985916852 0.055023843285945874 0.05844884667409058
5 0.43426435304850325 0.6373592612587762 0.058303379390299524 0.08504770934118148
0 0.9283683561717613 0.49190930657227705 0.042569295081344195 0.06611589600572695
3 0.9865353801758662 0.43029909723109566 0.022011355386194253 0.02369203866963616
4 0.9325104346269841 0.5856047625716407 0.060029505853732346 0.11319089067472703
4 0.98046875 0.48359375 0.0390625 0.1046875
3 0.9422490489901689 0.5229956745703681 0.012590903590796287 0.015770450668363623
5 0.93984375 0.62734375 0.1203125 0.3546875
5 0.97109375 0.54296875 0.0578125 0.2859375