8 0.3109375 0.16953125 0.55 0.3390625
8 0.19453125 0.18984375 0.3890625 0.2984375
5 0.79765625 0.08984375 0.3109375 0.1796875
5 0.753125 0.16953125 0.246875 0.3390625
2 0.42265625 0.4109375 0.4140625 0.14375
3 0.37734375 0.64453125 0.5046875 0.2609375
4 0.31484375 0.87421875 0.6296875 0.2515625
5 0.31484375 0.66953125 0.6296875 0.6609375
8 0.746875 0.60625 0.234375 0.534375
8 0.81484375 0.76484375 0.3703125 0.4703125
5 0.9828125 0.73359375 0.034375 0.0578125
2 0.9784361557320956 0.7109672945576413 0.014135222872636887 0.012663632001909165
3 0.9777276286047325 0.7234763852244142 0.007885222872636887 0.012590906667727175
4 0.9840685321955286 0.7390286598902323 0.020530668617910662 0.0377363573360908