8 0.309375 0.1171875 0.159375 0.234375
8 0.296875 0.33203125 0.184375 0.4734375
8 0.53125 0.01640625 0.06875 0.0328125
0 0.996875 0.115625 0.00625 0.009375
7 0.996875 0.13359375 0.00625 0.0265625
7 0.99453125 0.1484375 0.0109375 0.078125
0 0.1125 0.7780239642884299 0.09375 0.1036704215447772
0 0.37421875 0.68515625 0.0296875 0.1046875
3 0.3828125 0.81484375 0.0125 0.0640625
3 0.13125 0.9201023799794745 0.059375 0.0628454336450254
4 0.1203125 0.96484375 0.125 0.0703125
5 0.31015625 0.815625 0.1578125 0.36875
5 0.1359375 0.85390625 0.246875 0.2921875
9 0.82890625 0.8734375 0.3421875 0.253125
7 0.6625 0.93671875 0.25625 0.1265625
3 0.7015625 0.8671586662802199 0.05625 0.07376475292686635
0 0.67890625 0.7461967264868743 0.13125 0.13201359016268785
5 0.71015625 0.83671875 0.3921875 0.3265625