8 0.3 0.2 0.6 0.4
5 0.221875 0.0203125 0.065625 0.040625
2 0.9333964920432708 0.2078125 0.014353401336727245 0.025
2 0.9276192067154524 0.2484375 0.01900453866963616 0.021875
3 0.9264834207113161 0.21796875 0.012754538669636162 0.021875
3 0.9347686353834976 0.25859375 0.00792158800127254 0.009375
4 0.9295726053866794 0.28203125 0.028597714672181595 0.040625
4 0.9015470553787253 0.2234375 0.04763861600890849 0.065625
5 0.9123214707192704 0.2765625 0.088064716024817 0.1828125
5 0.9336970313892247 0.30078125 0.049946550684271784 0.1296875
1 0.4828125 0.80625 0.234375 0.28125
2 0.40625 0.5359375 0.3875 0.259375
4 0.303125 0.93671875 0.59375 0.1265625
5 0.3 0.7 0.6 0.6
4 0.9178282254137237 0.68125 0.009538632001908808 0.0140625
4 0.8540657174172235 0.70703125 0.03032384667409076 0.0546875
2 0.9169560687459963 0.6734375 0.0031977253341818113 0.00625
2 0.8528935687459963 0.6734375 0.017387494668999894 0.0171875
5 0.9178554974140418 0.68359375 0.011282945337363515 0.0296875
5 0.8564003767504506 0.70625 0.04316929201145427 0.084375