8 0.2109375 0.184375 0.315625 0.36875
0 0.6519416906771083 0.27540579595004777 0.01728749394987581 0.017387494668999894
4 0.6548348865205781 0.3152131832829569 0.040988614363184614 0.0629727146721816
0 0.442575781036188 0.2762795946451374 0.014126132513557366 0.011101132001908987
0 0.41373316354974526 0.26567844931572804 0.014135222872637066 0.012663632001909165
5 0.41211157621572775 0.2758528806492736 0.02676248789975162 0.03468408267027243
5 0.4417490792407898 0.2841011853119101 0.023582945745273774 0.025272720003181703
4 0.63984375 0.31484375 0.0828125 0.1078125
4 0.0734375 0.828125 0.146875 0.34375
5 0.178125 0.684375 0.35625 0.63125
1 0.73125 0.8453125 0.5375 0.29375
2 0.75625 0.57734375 0.4875 0.2765625
5 0.684375 0.7046875 0.63125 0.590625