8 0.1796875 0.26484375 0.359375 0.5296875
7 0.581097026538188 0.184375 0.04260565651766228 0.071875
0 0.5611930718159236 0.1203125 0.02678975897699054 0.0390625
5 0.6078867855151783 0.2234375 0.1265908128389331 0.2734375
8 0.6796875 0.26484375 0.640625 0.5296875
2 0.32109375 0.859375 0.0765625 0.109375
2 0.26996862899751584 0.8734375 0.08166815651766228 0.071875
3 0.2678612283335859 0.9140625 0.05178975897699019 0.0390625
3 0.33203125 0.91875 0.0546875 0.059375
4 0.296875 0.9703125 0.109375 0.059375
5 0.25625 0.915625 0.20625 0.16875
5 0.2984375 0.90234375 0.121875 0.1953125
8 0.67265625 0.840625 0.6265625 0.31875