8 0.2796875 0.29453125 0.51875 0.5890625
8 0.04765625 0.36796875 0.0953125 0.2484375
8 0.89921875 0.4515625 0.2015625 0.271875
6 0.7501933591968233 0.43762882766965594 0.028606789031219826 0.08297612646343318
8 0.7259114975641131 0.31404588192438215 0.19613063231716552 0.14176129488495226
1 0.2578125 0.94375 0.4875 0.1125
2 0.3171875 0.79765625 0.44375 0.2609375
5 0.26953125 0.8125 0.5390625 0.375
4 0.95390625 0.79453125 0.0921875 0.4109375
4 0.77109375 0.78515625 0.3859375 0.3921875
5 0.76953125 0.78984375 0.4609375 0.4015625
5 0.93515625 0.79453125 0.1296875 0.4109375