8 0.225 0.234375 0.45 0.46875
8 0.9421875 0.04375 0.115625 0.0875
8 0.715625 0.234375 0.53125 0.46875
7 0.62421875 0.45 0.0265625 0.0375
7 0.45546875 0.03515625 0.0109375 0.0421875
4 0.474402752705271 0.25470009377692515 0.025472714672181596 0.040770445745273866
0 0.4693243540340439 0.22113361485416405 0.01749658267027261 0.02666249394987581
5 0.46328125 0.06328125 0.0265625 0.1265625
5 0.4765625 0.26640625 0.053125 0.1296875
5 0.61953125 0.440625 0.0390625 0.05625
5 0.2734375 0.734375 0.334375 0.53125
5 0.190625 0.734375 0.38125 0.53125
7 0.1501572780474069 0.6667905067374953 0.29738626670908896 0.314208987506968
7 0.30295501404358893 0.6377746515476928 0.15465332670272555 0.2665067648307229
0 0.04609375 0.48203125 0.0921875 0.0265625
0 0.1953125 0.51484375 0.14375 0.0921875
0 0.05546875 0.53203125 0.1109375 0.1046875
8 0.79296875 0.71328125 0.4140625 0.4890625
8 0.65625 0.734375 0.4125 0.53125