8 0.48984375 0.07734375 0.2515625 0.1546875
8 0.38046875 0.27421875 0.4765625 0.4515625
5 0.2040046813073344 0.8234375 0.020794289031219736 0.0828125
7 0.207211494539051 0.809375 0.01270907825883123 0.0359375
0 0.20108421438662577 0.78828125 0.007876132513557366 0.0109375
9 0.615625 0.603125 0.00625 0.0125
9 0.61328125 0.6109375 0.0109375 0.015625
9 0.615625 0.63515625 0.00625 0.0203125
8 0.34375 0.8984375 0.184375 0.203125
8 0.309375 0.75 0.61875 0.5
5 0.621875 0.7875 0.00625 0.03125
8 0.67109375 0.80859375 0.1046875 0.3140625
8 0.9046875 0.53125 0.06875 0.0625
8 0.809375 0.621875 0.38125 0.24375