8 0.21484375 0.26953125 0.4296875 0.5203125
4 0.8203125 0.2796875 0.1671875 0.2015625
0 0.77734375 0.1390625 0.134375 0.0609375
3 0.7328125 0.18203125 0.0359375 0.034375
3 0.56328125 0.01640625 0.0515625 0.0328125
2 0.60625 0.0078125 0.065625 0.015625
5 0.546875 0.12421875 0.234375 0.2484375
5 0.72421875 0.3171875 0.4046875 0.425
1 0.284375 0.721875 0.084375 0.16875
2 0.3390625 0.56640625 0.178125 0.0734375
4 0.33515625 0.9015625 0.1890625 0.196875
5 0.2484375 0.76484375 0.3625 0.4703125
8 0.71484375 0.8203125 0.5703125 0.359375