8 0.4515625 0.19296875 0.415625 0.3859375
9 0.66875 0.16875 0.01875 0.03125
9 0.9492348471947707 0.13802364143058643 0.012736349336070063 0.04077045066836362
9 0.9178712177062757 0.15719126475967754 0.07705337939029917 0.08526588534372674
9 0.8763649737563999 0.1738969594207232 0.012736349336070063 0.04077045066836362
9 0.8490439496540988 0.169672536083678 0.04563066256778647 0.05521475867281787
4 0.3703125 0.54140625 0.578125 0.0640625
3 0.42843549210316406 0.8435731127466326 0.26199198165323556 0.18428628270208938
2 0.4031547327333902 0.6229515300763602 0.26317268657189175 0.11867946403563465
4 0.36171875 0.96484375 0.5953125 0.0703125
5 0.3296875 0.7734375 0.659375 0.453125
4 0.71640625 0.828125 0.1140625 0.34375
5 0.76640625 0.7546875 0.2140625 0.490625