8 0.24520779073836038 0.1390625 0.21975106802990788 0.2203125
8 0.47578125 0.2046875 0.2609375 0.409375
6 0.98046875 0.2625 0.0390625 0.09375
6 0.7816169107256337 0.2234375 0.04476815467854482 0.0875
6 0.722677168045816 0.1265625 0.0208215773392725 0.04375
6 0.8469686433799979 0.1328125 0.019222714672181597 0.040625
6 0.9921875 0.14140625 0.015625 0.0390625
6 0.7125 0.1125 0.00625 0.034375
6 0.9695612587125888 0.12734375 0.014444308004454242 0.0328125
9 0.8546875 0.325 0.290625 0.16875
8 0.3546875 0.70546875 0.709375 0.5890625
8 0.209375 0.87421875 0.41875 0.2515625
7 0.5019385013924064 0.83359375 0.030069308004454242 0.0328125
2 0.5054811247214974 0.80234375 0.015824994668999892 0.0171875
5 0.4910919080601336 0.84140625 0.060520424013363085 0.0984375