8 0.21953125 0.26484375 0.4390625 0.5296875
6 0.9078499031980126 0.2609375 0.014298849336070063 0.040625
9 0.5703125 0.17890625 0.2625 0.2828125
3 0.9506641170936593 0.234375 0.018859084308955686 0.01875
0 0.9550561804235717 0.18359375 0.05682269262201593 0.0984375
7 0.9453125 0.28359375 0.109375 0.2046875
5 0.921875 0.33125 0.15625 0.396875
8 0.11171875 0.7703125 0.2234375 0.434375
8 0.81796875 0.709375 0.3640625 0.359375
7 0.74453125 0.55703125 0.0453125 0.0546875
5 0.7546875 0.57890625 0.08125 0.0984375