8 0.24563624950902066 0.12825610073199697 0.11963176483072288 0.15294428134945387
8 0.35625 0.51328125 0.165625 0.2515625
8 0.30625 0.54921875 0.265625 0.1796875
4 0.940625 0.1140625 0.11875 0.228125
5 0.4796875 0.28515625 0.08125 0.5703125
5 0.90546875 0.31953125 0.1890625 0.6390625
8 0.21953125 0.81953125 0.4390625 0.3609375
4 0.3074726532962086 0.7646652207192703 0.03616475897699036 0.03948067067154533
3 0.3073272075509347 0.7396652207192703 0.014144313231716587 0.014226132001908986
2 0.3072408491396783 0.7248214707192704 0.01726931323171659 0.014262494668999893
5 0.30362549063022615 0.7747760173854067 0.061628367290050966 0.11945907200827248
9 0.42734375 0.8375 0.0234375 0.05
7 0.453125 0.8671875 0.028125 0.1
7 0.47890625 0.91328125 0.0796875 0.1734375
7 0.5178566831540461 0.828473182049634 0.048992011903856714 0.09587612133990868
7 0.5573691559284872 0.9062714653882702 0.07417381908544911 0.12741702267663585
7 0.583649854797019 0.8581430480585428 0.0317045179539809 0.0784886266709087
7 0.63984375 0.90703125 0.1078125 0.1859375
7 0.6874742915653025 0.8452896067393147 0.04279655405833438 0.10517839600572705
7 0.7243293969514968 0.8691543680776327 0.08669199980360816 0.13068747334499947
7 0.815612927103922 0.8491242260900413 0.0616374576491304 0.12102157200827231
7 0.8657720083878153 0.8770497787634955 0.09301472267624504 0.14326019867918127
7 0.9163350897699045 0.8401406721037225 0.06783291549465283 0.11171929734245403
0 0.9205498910977642 0.7589452161043588 0.03458407825883114 0.03633748933799978
0 0.8455771621750031 0.7627600120941775 0.04402271077238851 0.0473840773392725
0 0.8126828489432866 0.7483157040897231 0.03460225897699054 0.039462489337999784
0 0.7088675025340828 0.762731645408951 0.03302157825883114 0.03631930800445442
0 0.6900856862773042 0.7570447194064057 0.02674430718159222 0.03155908267027261
0 0.6378282946885605 0.7712793947326333 0.04872839149054773 0.05056362133990877
0 0.5707771500747547 0.7939350973901792 0.020467036104353475 0.026798857336090887
0 0.5480845386384363 0.7874214680537703 0.03617384933607006 0.04104317067154532
0 0.5362567043294809 0.7685351080521794 0.02040340359079611 0.015861357336090797
0 0.5072504603796051 0.7510112533815887 0.025154536104353475 0.02685340133672707
0 0.47533283986810027 0.7701697860439071 0.04558521077238851 0.04740225867281787
0 0.45044646935659555 0.78941013470718 0.01887726502711473 0.022093176002545168
3 0.45683736992232954 0.8137016100413618 0.011019313231716588 0.014189769334818081
3 0.4841856651018694 0.814801033378407 0.02042158430895551 0.01898635733609062
3 0.5136777223816577 0.7815527287157705 0.015706813231716587 0.01424431333545435
3 0.5661578277678518 0.805599303389543 0.006304542154477666 0.009447725334181811
3 0.5576777072563471 0.825030556055043 0.014135222872636887 0.01266363200190881
3 0.6459407765381879 0.8229328014003606 0.018895445745273777 0.025218176002545434
3 0.7168799904338343 0.7971975520766783 0.01728749394987581 0.017387494668999894
3 0.8222851079202771 0.7874872920909958 0.015697722872636887 0.012681813335454529
3 0.8552112374087721 0.8074003500954502 0.01729658430895533 0.01894999466899989
3 0.9222851079202771 0.7886508974379043 0.01570681323171641 0.01424431333545435
5 0.459375 0.88828125 0.040625 0.2234375
5 0.50078125 0.871875 0.1234375 0.25625
5 0.5234375 0.86796875 0.075 0.2640625
5 0.5370834061248789 0.7763566987189521 0.020521578258831143 0.0361738573360908
5 0.5837816650036736 0.8807992980585428 0.048065837039429835 0.2052329400063634
5 0.5609375 0.8828125 0.1 0.234375
5 0.6648589481811608 0.8520572274029059 0.02861587939029935 0.08470226400381797
5 0.65078125 0.87109375 0.1390625 0.2578125
5 0.69609375 0.86953125 0.0734375 0.2609375
5 0.73359375 0.87109375 0.1140625 0.2578125
5 0.8180430355151783 0.8639952480903595 0.07969763212077394 0.2712215666772721
5 0.90078125 0.8640625 0.1671875 0.271875
5 0.92109375 0.86875 0.0890625 0.2625