8 0.03828125 0.14609375 0.0765625 0.1546875
8 0.26484375 0.29453125 0.5296875 0.5890625
4 0.1873578333863612 0.18703534992524523 0.03030566534054513 0.0532977168225127
2 0.1750663713796797 0.13788477761834236 0.014244313335454529 0.015706813231716587
5 0.18717602005090672 0.17141034992524523 0.044786336012090366 0.08931703005422928
8 0.3576788767106798 0.11963370560602708 0.1402806493475449 0.105496541958086
1 0.8734375 0.4328125 0.253125 0.3125
2 0.85078125 0.18671875 0.2984375 0.2296875
5 0.76484375 0.30703125 0.4703125 0.5640625
9 0.0488936753659985 0.7167466175846385 0.053688621339908794 0.04874657220870695
9 0.06978743069699861 0.6994363977370638 0.06328179734245414 0.0675511143631848
9 0.09624084269572593 0.6899068616327102 0.06331816000954502 0.07067611436318462
9 0.1282539113621805 0.688158009271578 0.03333975867281791 0.04550339754067192
9 0.14063573269413512 0.6779290363989411 0.06168293467536321 0.0644170240041051
9 0.3014556013685438 0.7340285245932803 0.04264203333863614 0.039307939695149584
9 0.42512036803786196 0.7528416362259904 0.0630454400063634 0.04723861436318462
9 0.41857037603436203 0.727096747662309 0.041024989337999786 0.03461134933607006
9 0.4024186647039983 0.749067196432645 0.04896475867281787 0.04559430113146821
9 0.50625 0.7546875 0.046875 0.05
8 0.2010481633911337 0.9010301931129951 0.10939427601845368 0.13656473477649342
8 0.19317893002068084 0.6276199641902341 0.026962489337999784 0.03452953610435348
9 0.24727608402290802 0.6437125968019872 0.026835220003181705 0.023592036104353474
9 0.26598063068904443 0.6396972624930319 0.023710220003181702 0.023573855386194255
9 0.30256302068745355 0.6277648890546608 0.011173857336090798 0.020376132513557365
9 0.28856415535486263 0.6333154522863774 0.029978401336727068 0.025172716822512698