8 0.2734375 0.04609375 0.3125 0.0921875
8 0.2234375 0.21953125 0.4125 0.4390625
5 0.76171875 0.21953125 0.4765625 0.4390625
2 0.8390625 0.0703125 0.24375 0.140625
1 0.8059398860295988 0.2878487293920882 0.23426695745273882 0.25270901869827134
6 0.16198989812984718 0.6011123454009969 0.028497704722264317 0.06438976400381798
6 0.28635409387512106 0.5775577614178597 0.019022710772388506 0.04709317600254544
6 0.3395472715682182 0.5664571767584048 0.01271816861791084 0.037645450668363625
6 0.03729442515901438 0.5473140887173613 0.009538626463433175 0.028234088001272716
6 0.07955919321119112 0.5345237347230883 0.011082945745273775 0.02512726933481808
6 0.3716148830045366 0.5605798940960864 0.009511355386194253 0.02354658800127272
9 0.21484375 0.8265625 0.4296875 0.346875
8 0.93671875 0.6921875 0.1265625 0.41875
8 0.72578125 0.825 0.4859375 0.35
5 0.6673763140172835 0.7498385573679075 0.03157725292686635 0.05661362667090888