8 0.225 0.31171875 0.45 0.3765625
8 0.68203125 0.18515625 0.3828125 0.3703125
1 0.24140625 0.89296875 0.4171875 0.2140625
2 0.225 0.596875 0.45 0.19375
5 0.225 0.75 0.45 0.5
6 0.99296875 0.5875 0.0140625 0.109375
6 0.99375 0.52578125 0.0125 0.0515625
6 0.8828125 0.52265625 0.025 0.0453125
6 0.7921875 0.51953125 0.025 0.0390625
4 0.9620211935057787 0.5355889847628592 0.034702252926866 0.056649989337999786
5 0.9546875 0.54921875 0.065625 0.0984375
6 0.49610478113438383 0.7145550380330894 0.07776242739850954 0.20714088534372666
6 0.4609375 0.6890625 0.021875 0.1875