8 0.30390625 0.0984375 0.1921875 0.196875
8 0.321875 0.3125 0.1625 0.275
8 0.725 0.25234375 0.55 0.3953125
8 0.23809698116225633 0.63515625 0.03144089754067192 0.0328125
9 0.26861572813719425 0.64375 0.032994307181592394 0.03125
3 0.21271116178221972 0.703125 0.009438632513557366 0.0109375
0 0.20947253229372453 0.68359375 0.02051248789975162 0.034375
5 0.22643329419758115 0.77890625 0.05600560206654457 0.2265625
4 0.35072879136891083 0.6578125 0.02846134328594587 0.0578125
0 0.3489163064942213 0.61484375 0.01731476502711473 0.021875
5 0.35644298106406047 0.7 0.05427038524403187 0.196875
4 0.725 0.590625 0.55 0.28125
1 0.86328125 0.54140625 0.2734375 0.1828125
5 0.725 0.725 0.55 0.55