8 0.2515625 0.24453125 0.496875 0.4890625
0 0.5546875 0.1125 0.08125 0.1015625
0 0.88125 0.15078125 0.146875 0.203125
0 0.68671875 0.15625 0.084375 0.09375
2 0.79609375 0.16328125 0.0625 0.0796875
3 0.5484375 0.1953125 0.0421875 0.040625
3 0.684375 0.2421875 0.0453125 0.0484375
3 0.80546875 0.271875 0.046875 0.0578125
3 0.87265625 0.271875 0.059375 0.0625
4 0.90234375 0.35703125 0.1953125 0.2640625
4 0.8046875 0.38984375 0.08125 0.1984375
4 0.67890625 0.36953125 0.1328125 0.2390625
4 0.5484375 0.33203125 0.096875 0.2515625
5 0.57109375 0.27109375 0.1421875 0.4359375
5 0.6765625 0.29609375 0.2375 0.3859375
5 0.7859375 0.30546875 0.20625 0.3671875
5 0.86953125 0.26875 0.2609375 0.440625
9 0.43828125 0.88828125 0.034375 0.0328125
9 0.375 0.85859375 0.03125 0.028125
9 0.40078125 0.8734375 0.0296875 0.025
8 0.13515625 0.815625 0.0296875 0.0328125
9 0.16015625 0.83046875 0.03125 0.0296875
3 0.096875 0.87421875 0.009375 0.0109375
0 0.09765625 0.85546875 0.0203125 0.0328125
5 0.09375 0.91953125 0.059375 0.1609375
4 0.234375 0.859375 0.0296875 0.05625
0 0.240625 0.81953125 0.015625 0.021875
5 0.23046875 0.9 0.05625 0.1859375
8 0.88984375 0.70078125 0.2203125 0.4234375
8 0.6515625 0.6375 0.303125 0.296875