8 0.1796875 0.334375 0.359375 0.66875
5 0.5018969025106417 0.55448452956325 0.018931807181592396 0.03135908430895533
7 0.4980042880492611 0.5568055536655508 0.009502265027114732 0.021929542154477843
8 0.51953125 0.54140625 0.1828125 0.2546875
9 0.41608055971567515 0.17196694535249044 0.10198065651766246 0.07246587334017515
9 0.5027174964839586 0.15840896028140924 0.09256929508134401 0.06616133118569749
9 0.7988157916634984 0.16091283332699677 0.06909543364502539 0.05977497579950315
9 0.7543209030998168 0.1669037580932277 0.08946247579950324 0.06926815046753827
9 0.95390625 0.10625 0.0921875 0.121875
8 0.7814197342855144 0.25924579419758115 0.06777837334017497 0.10195338544042354
8 0.6650043939264346 0.25700606244614965 0.4746748305965223 0.4839952884420445
4 0.99296875 0.21171875 0.0140625 0.0390625
2 0.9950004452542945 0.17767867339148874 0.009438632513557366 0.010992042154477666
5 0.99296875 0.21015625 0.0140625 0.0765625
5 0.26171875 0.74296875 0.1953125 0.1484375
5 0.6796875 0.834375 0.640625 0.33125