8 0.29453125 0.31796875 0.3703125 0.4234375
8 0.1625 0.36796875 0.325 0.3234375
8 0.9671875 0.09765625 0.065625 0.1953125
5 0.7171569439449571 0.1529094357863247 0.04665791868236298 0.11588862041330898
4 0.7219898946133206 0.14043670686356363 0.023982940006363408 0.047011355386194255
0 0.7333364746180931 0.105344089377121 0.011046588001272539 0.009438632513557366
2 0.37739282057609513 0.9637338271786767 0.06488066000954511 0.07068520472226432
0 0.08984375 0.5671875 0.1234375 0.075
7 0.04375 0.65625 0.0875 0.253125
5 0.07578125 0.76484375 0.1515625 0.4703125
8 0.73984375 0.80625 0.5203125 0.3875