8 0.29921875 0.29453125 0.2390625 0.3296875
4 0.32953876527691167 0.2484375 0.01904090133672707 0.025
2 0.3321188726130025 0.228125 0.007921588001272717 0.009375
5 0.3327364906110935 0.2421875 0.033285214672181596 0.040625
6 0.8919131379694558 0.1265625 0.025545440006363405 0.046875
6 0.6839557346435464 0.071875 0.03186816534054522 0.053125
6 0.43203125 0.06171875 0.0265625 0.0734375
9 0.709375 0.2296875 0.58125 0.459375
1 0.290625 0.87109375 0.25625 0.2578125
2 0.2859375 0.68359375 0.265625 0.1921875
5 0.209375 0.7578125 0.41875 0.484375
8 0.709375 0.7296875 0.58125 0.540625