8 0.15 0.28359375 0.3 0.3921875
5 0.62421875 0.44765625 0.0578125 0.0640625
4 0.6163031827657227 0.459375 0.02387385200509069 0.0375
8 0.7613600494111783 0.303125 0.21024989337999783 0.34375
8 0.65078125 0.23984375 0.6984375 0.4796875
9 0.4452896067393148 0.26484375 0.12476473734881743 0.1140625
7 0.5695714440642698 0.203125 0.017660214672181596 0.040625
0 0.5763390647278608 0.18046875 0.00950226933481808 0.0109375
5 0.5752038260661788 0.2171875 0.03224997334499946 0.0859375
9 0.896895918045816 0.0671875 0.02263861600890884 0.065625
9 0.8657731873806341 0.078125 0.05561474801081765 0.0796875
1 0.24453125 0.77265625 0.1109375 0.3390625
4 0.15390625 0.94296875 0.2921875 0.1140625
5 0.15 0.73984375 0.3 0.5203125