8 0.26953125 0.2 0.5390625 0.4
4 0.18125 0.00625 0.0625 0.0125
5 0.8176177294137406 0.3320207397464633 0.044322692622015936 0.09869203005422929
4 0.82489896428843 0.28909289636232155 0.012572722872636888 0.012572722872636888
3 0.8240540817748727 0.3000258511827818 0.0063136325135573655 0.010973861436318445
4 0.8286415878249969 0.31724062226002064 0.012654536104353298 0.026635222872636886
9 0.8525023104030461 0.1103411824666751 0.03918976502711473 0.022102258976990453
9 0.8970835573779841 0.10200650770044421 0.045448855386194253 0.023701120413308897
9 0.9760988916869394 0.0837155708339649 0.01110112646343282 0.02818863251355732
9 0.7817807442444634 0.1802446163080923 0.020439765027114733 0.02199317466803503
9 0.8505716508603216 0.17361334210759546 0.02666249394987581 0.017342036104353475
9 0.8622585846035431 0.17915026980069262 0.02981476502711473 0.02204771682251274
8 0.96875 0.22109375 0.0625 0.1984375
8 0.5609375 0.28359375 0.04375 0.1359375
8 0.76953125 0.20859375 0.4609375 0.3828125
9 0.8676727924490653 0.1885570860574713 0.01883181323171641 0.014171584308955421
9 0.6308949551150478 0.19733614665690918 0.032985216822512695 0.029878397540672008
9 0.6433085967037914 0.21225261952954613 0.02668067466803503 0.020467036104353475
9 0.6557995063447117 0.21388784240218311 0.02977840359079629 0.015797716822512697
9 0.6706796177810302 0.20772420081343945 0.028234084308955333 0.018913626463433086
9 0.6823620063447118 0.21404237850653657 0.023501132513557364 0.011073855386194254
3 0.06015625 0.56953125 0.1203125 0.2359375
7 0.13046875 0.88203125 0.2609375 0.2359375
5 0.2328125 0.7 0.465625 0.6
8 0.76953125 0.7390625 0.4609375 0.521875