8 0.22890625 0.07734375 0.1015625 0.1546875
8 0.1890625 0.23515625 0.18125 0.3890625
5 0.63125 0.22421875 0.703125 0.4109375
0 0.41126124950902077 0.19419594847574842 0.14530445140261464 0.26802381303532485
4 0.6671875 0.37421875 0.396875 0.1109375
1 0.54765625 0.296875 0.1984375 0.265625
8 0.18046875 0.84140625 0.1984375 0.3171875
7 0.024034481162256326 0.7508515112164856 0.01418976502711473 0.02195681323171659
5 0.02321232454639812 0.7438157160369459 0.017432939695149585 0.04228749394987581
8 0.11484375 0.71484375 0.2296875 0.5703125
8 0.059375 0.70546875 0.11875 0.5515625
8 0.7434243097156752 0.6975088634794219 0.3393817043294808 0.3254010175611973
8 0.63046875 0.7453125 0.7015625 0.509375
4 0.4298203519683487 0.6402174964839585 0.01581589754067192 0.03290340359079611
3 0.4296521803253758 0.6113112464839585 0.007876132513557366 0.010982951795398144
2 0.42487832191411934 0.5964402254067197 0.012581813231716588 0.014135222872636887
5 0.43522546945479135 0.6293118127407372 0.03956246974937887 0.08616475897699036