8 0.209375 0.41328125 0.41875 0.3328125
0 0.87734375 0.23046875 0.2453125 0.3578125
0 0.7616449853656688 0.28824072274822354 0.16986811416679296 0.194151084022908
0 0.50546875 0.23359375 0.1734375 0.2015625
3 0.5108950307416004 0.4142379593809524 0.10868517447164336 0.15125451201463563
3 0.772195624223938 0.4891583327498143 0.09911927693097126 0.11833292401336308
3 0.85234375 0.48046875 0.0703125 0.1984375
5 0.56796875 0.35390625 0.2984375 0.4515625
5 0.76484375 0.38203125 0.3203125 0.3953125
5 0.85703125 0.30703125 0.2859375 0.5453125
8 0.209375 0.8046875 0.41875 0.390625
8 0.17578125 0.94296875 0.3515625 0.1140625
8 0.8125 0.78984375 0.375 0.4203125