8 0.340625 0.45078125 0.4375 0.3765625
0 0.7359375 0.23984375 0.353125 0.4796875
3 0.7953125 0.56953125 0.175 0.1390625
5 0.7796875 0.31953125 0.440625 0.6390625
4 0.2796875 0.83046875 0.559375 0.3390625
1 0.2796875 0.6921875 0.559375 0.10625
5 0.2796875 0.81953125 0.559375 0.3609375
7 0.79375 0.9211412853187866 0.0375 0.06740566861791067
3 0.7875 0.8882924238824682 0.009375 0.015679542154477845
0 0.7859375 0.8632833335233885 0.0265625 0.032967036104353656
8 0.7796875 0.81953125 0.440625 0.3609375