8 0.284375 0.2515625 0.56875 0.45625
5 0.25123249928391134 0.19093161055255567 0.013009077339272502 0.04382272287263689
0 0.93984375 0.00703125 0.0390625 0.0140625
0 0.778125 0.0078125 0.025 0.015625
3 0.7770501119510023 0.016162372947391736 0.011101132001908987 0.014126132513557366
3 0.80703125 0.00703125 0.0109375 0.0140625
3 0.9410307959500477 0.024148110650751554 0.017405676002545434 0.01884999394987581
3 0.747371702617775 0.015208406124878948 0.012645450668363622 0.012572722872636888
5 0.7671875 0.1078125 0.046875 0.215625
5 0.78359375 0.14296875 0.0828125 0.2859375
5 0.7328125 0.12265625 0.090625 0.2453125
0 0.75625 0.0046875 0.0375 0.009375
5 0.9140625 0.15234375 0.09375 0.3046875
5 0.9484375 0.159375 0.103125 0.31875
5 0.93203125 0.23984375 0.1359375 0.4796875
7 0.730474556612048 0.05730045735454299 0.05272610534690845 0.10029998184962743
7 0.7897495592775481 0.06623964099956847 0.06244655068427196 0.13004202400410508
7 0.9223711552753209 0.08341857152133594 0.05924882535009033 0.12377384328594587
7 0.9484375 0.184375 0.103125 0.36875
7 0.96796875 0.05703125 0.0640625 0.0859375
0 0.18671875 0.509375 0.1015625 0.059375
1 0.16942051997136504 0.6046986738824681 0.077580654678545 0.08794542759490138
7 0.13997682594686606 0.7850083425985748 0.22700104137490715 0.30754992134838527
5 0.2046875 0.73984375 0.409375 0.5203125