8 0.20546875 0.284375 0.4109375 0.56875
0 0.6940388079671592 0.45268762100248416 0.06918633723582168 0.07539997579950324
5 0.728125 0.4890625 0.215625 0.159375
4 0.70625 0.5375 0.115625 0.0625
4 0.7828382084346975 0.36311151571448563 0.020521578258831143 0.03605567466803503
0 0.7790955848981306 0.3350092416121847 0.01415340359079611 0.015706813231716587
5 0.7889700337666625 0.38338765427816723 0.04757495764913067 0.12058521077238851
8 0.18984375 0.78828125 0.3796875 0.3109375
3 0.9189620607958296 0.6262200488919729 0.009429542154477843 0.009429542154477666
0 0.915950690284325 0.6067069796101322 0.01887726502711473 0.02198408430895533
4 0.9313893379231928 0.638647326019336 0.03462043969514959 0.04238748789975162
4 0.863956398228043 0.6812257114597596 0.030051114363184795 0.0626727168225127
5 0.858487648228043 0.6812575277165382 0.06322722872636924 0.1253636143631848
5 0.9281325277165383 0.6613217567374953 0.074246541958086 0.13948974687674198