8 0.24453125 0.225 0.4890625 0.45
0 0.07109375 0.47265625 0.1015625 0.0453125
0 0.034181359285502214 0.5465413820416799 0.03323067067154524 0.03631930800445442
0 0.13065691728995654 0.5148470340547248 0.041097714672181596 0.041097714672181596
0 0.1884785079567292 0.5147384933959062 0.04271475867281786 0.04580339600572696
0 0.33479952462604734 0.49690719808240524 0.0442590773392725 0.0442590773392725
0 0.3595904392902748 0.5151668494191324 0.027035214672181597 0.04093408267027261
3 0.362479081954184 0.5355157120862233 0.01268181333545435 0.015770450668363623
3 0.3297665792886839 0.526540154081769 0.011137494668999891 0.01731476933481808
3 0.1880966999522749 0.5475509933959062 0.018986357336090796 0.020530676002545434
3 0.08667055995386574 0.5346504567154523 0.04905566534054513 0.053688621339908774
3 0.39296601328772934 0.5343077480903595 0.014226132001909165 0.014226132001908986
5 0.37317967727563894 0.6231520720878142 0.057578332033725844 0.24907384667409058
5 0.3549109352721391 0.6487242367520414 0.10089307471354339 0.3464397426798175
5 0.40903536127468454 0.6306014927593594 0.10661581604072552 0.30119996801399934
0 0.38312793662477473 0.506845819422314 0.03958975867281787 0.045767033338636055
5 0.21719275926959386 0.6658742794000423 0.11352034404836146 0.3575226933481811
5 0.17254333060154847 0.6755123613939972 0.1387021573838158 0.37343859468490814
5 0.03413590595163858 0.5504476320416799 0.03808180267345422 0.05043635200509069
5 0.0578125 0.725 0.115625 0.55
5 0.140625 0.725 0.28125 0.55
7 0.41198818594845693 0.5782850147596775 0.05906701201463562 0.10848520934118148
7 0.3493609166136388 0.5884952614178598 0.07193063868554468 0.1398806600095451
7 0.20846319661045715 0.6102964413987697 0.06717041335136287 0.13357611600890867
7 0.1204808439290487 0.7178811273869975 0.24055555872054296 0.3996203813653622
7 0.15799102928072967 0.5831430480585428 0.07451019867918127 0.09304202267663583
7 0.03046875 0.6890625 0.0609375 0.375
8 0.74453125 0.725 0.5109375 0.55
8 0.79453125 0.7765625 0.4109375 0.446875
0 0.8110422092616396 0.8615771307288153 0.015788632001909164 0.01424431333545435
3 0.8116507365929578 0.8764299713955881 0.00950226933481808 0.011046588001272895
4 0.8153751732575035 0.8921004247294517 0.022274989337999783 0.03462953866963616
5 0.8231422199236398 0.8960975813971789 0.049455654678545 0.0880636213399086