8 0.225 0.284375 0.1875 0.528125
8 0.159375 0.49296875 0.31875 0.5734375
7 0.30859375 0.1453125 0.0203125 0.0375
5 0.3078125 0.14296875 0.021875 0.0453125
5 0.6330735160090732 0.4796875 0.1604850655694076 0.459375
5 0.7681615883159761 0.49140625 0.15811352361132158 0.3203125
5 0.7999661002198328 0.39609375 0.1127283007386847 0.3078125
4 0.7861581302740621 0.35234375 0.05058178298109546 0.1
4 0.731683732831586 0.45 0.05520565046753827 0.0890625
4 0.652850205704223 0.4375 0.07918857201231529 0.1828125
3 0.7864444765850701 0.303125 0.020421584308955333 0.01875
3 0.7507609857584523 0.39375 0.009447722872636889 0.0125
3 0.6127660820694603 0.34453125 0.01893180718159222 0.03125
0 0.7851046903825207 0.26484375 0.03460225897699054 0.0390625
0 0.7399780218628058 0.3671875 0.04722043364502539 0.059375
0 0.6162319705349459 0.2859375 0.06601588544042354 0.0671875
0 0.7765625 0.79609375 0.04375 0.0328125
3 0.7721951033430908 0.81640625 0.01416249394987581 0.0171875
4 0.737770106368153 0.825 0.06909543364502539 0.059375
5 0.7578125 0.8484375 0.15 0.1375