8 0.17109375 0.284375 0.3421875 0.56875
7 0.140625 0.1948333153730159 0.0375 0.03615566861791084
5 0.13984375 0.19561002019347606 0.046875 0.06746021077238851
6 0.5484375 0.2417885659621911 0.1671875 0.4556601684215192
3 0.7546875 0.40939474336070064 0.06875 0.07227497579950323
2 0.75859375 0.2523862192583996 0.0921875 0.07866133118569749
4 0.746875 0.51953125 0.178125 0.0984375
5 0.66484375 0.3875 0.4109375 0.3625
6 0.06796875 0.784375 0.1359375 0.43125
6 0.20078125 0.77421875 0.2890625 0.4109375
8 0.66796875 0.784375 0.4171875 0.43125