8 0.44609375 0.24140625 0.0859375 0.3546875
8 0.2328125 0.29921875 0.2875 0.3796875
3 0.73203125 0.04375 0.1078125 0.0875
4 0.7046875 0.29921875 0.2375 0.3796875
5 0.68515625 0.24453125 0.3546875 0.4890625
1 0.38359375 0.50703125 0.0671875 0.0359375
7 0.3889336723303439 0.6486862320575882 0.15136355386194272 0.23612040802036277
5 0.35234375 0.74453125 0.2734375 0.5109375
2 0.6547672297083281 0.5587793947326334 0.05189884328594587 0.05841248400699968
3 0.5546875 0.50703125 0.034375 0.0359375
4 0.5109375 0.73515625 0.04375 0.3265625
4 0.5688201184684013 0.6937260120544065 0.12527375253408285 0.31706132535009035
4 0.6852440283057135 0.8263396120703149 0.14417828863843632 0.34384200135263543
7 0.72578125 0.65390625 0.1484375 0.3296875
7 0.9140625 0.63984375 0.146875 0.3015625
5 0.52890625 0.74453125 0.0796875 0.5109375
5 0.58046875 0.74453125 0.1828125 0.5109375
5 0.678125 0.75859375 0.19375 0.4828125
5 0.7421875 0.74453125 0.215625 0.5109375
5 0.9078125 0.74453125 0.184375 0.5109375