8 0.29296875 0.23984375 0.5859375 0.4796875
8 0.8046875 0.23984375 0.390625 0.4796875
2 0.81015625 0.2469548724564124 0.0296875 0.020485216822512697
7 0.8171875 0.30949577907227066 0.0640625 0.08006020472226431
3 0.809375 0.27585657727687257 0.0203125 0.020430674668035033
5 0.81796875 0.2915315742518104 0.09375 0.11148292154477701
6 0.10625 0.6328125 0.2125 0.30625
2 0.2078125 0.6251742794650541 0.084375 0.08486587939029935
3 0.184375 0.8039441740788599 0.0703125 0.10665906615858275
4 0.19921875 0.9265625 0.2046875 0.146875
5 0.2078125 0.790625 0.334375 0.41875