8 0.24609375 0.12578125 0.2265625 0.2515625
8 0.6796875 0.2453125 0.640625 0.490625
2 0.5125 0.12947685909862744 0.034375 0.01894998789975162
5 0.5515625 0.178468350121637 0.125 0.1429147287263694
8 0.09765625 0.86953125 0.1953125 0.2609375
8 0.1796875 0.75 0.359375 0.5
9 0.2109375 0.6744888563681529 0.025 0.06420794574527378
9 0.18125 0.6863803231906657 0.0578125 0.08002384328594588
8 0.3453125 0.56640625 0.028125 0.0546875
9 0.2859375 0.5388962691323312 0.0109375 0.014126132513557366
9 0.30078125 0.5599036607210749 0.0171875 0.021974993949875808
9 0.28828125 0.5701326335937118 0.0171875 0.02353749394987581
8 0.6796875 0.75 0.640625 0.5