8 0.225 0.31953125 0.45 0.6390625
5 0.30716410196834876 0.16257883069471815 0.02519998789975162 0.03452044574527395
3 0.8970805748409856 0.2696242371141847 0.02353749394987581 0.017323855386194253
2 0.8907396712501894 0.25396287567786624 0.03137726502711473 0.0220568071815924
4 0.9050839723816576 0.3024821889095828 0.06281816256778683 0.0550511143631847
5 0.9233254331540461 0.3494617280389984 0.15293514422102206 0.23681926483072288
0 0.059375 0.7703125 0.11875 0.20625
0 0.3578125 0.71171875 0.184375 0.1453125
0 0.30390625 0.6875 0.0609375 0.096875
2 0.1673152859079618 0.7287406827612627 0.10372496369925485 0.10372496369925469
3 0.343401062937129 0.7821070981577197 0.031495439695149584 0.042369307181592486
3 0.4171875 0.853125 0.065625 0.11875
3 0.18207319837755254 0.8483537459929792 0.04722043364502539 0.05964771077238851
4 0.20078125 0.95078125 0.0453125 0.0984375
4 0.3046875 0.9046875 0.203125 0.190625
4 0.31796875 0.91015625 0.0796875 0.1796875
4 0.38359375 0.89375 0.1328125 0.2125
0 0.27740335821486467 0.7176628030763756 0.059874969749379045 0.0862829336450254
3 0.29501810509160664 0.7912002970262515 0.03773634933607006 0.04084316861791093
0 0.22704935509160667 0.7908048664062882 0.02366475897699054 0.039198855386194255
5 0.2171875 0.8828125 0.128125 0.234375
5 0.29179311114173084 0.7739946163080923 0.09499537919390769 0.214607921544777
5 0.35 0.81953125 0.2 0.3609375
5 0.3671875 0.81953125 0.165625 0.3609375
5 0.2875 0.82890625 0.325 0.3421875
0 0.18359375 0.821875 0.3671875 0.35625
9 0.225 0.81953125 0.45 0.3609375