8 0.3046875 0.19453125 0.609375 0.3890625
4 0.625 0.075 0.03125 0.125
5 0.815625 0.11171875 0.36875 0.2234375
5 0.6390625 0.15234375 0.059375 0.3046875
0 0.3375 0.6795623184962738 0.096875 0.06618860226293624
0 0.51640625 0.67982191461089 0.11875 0.08194086729005097
0 0.1921875 0.7341856651018694 0.1125 0.07565450585373253
4 0.190625 0.8958953247427898 0.165625 0.18065107806243966
4 0.371875 0.8258560563960256 0.140625 0.15238063231716553
4 0.5359375 0.82109375 0.146875 0.1546875
0 0.31015625 0.4215907372123805 0.084375 0.06142837939029935
5 0.1546875 0.40584249648395854 0.084375 0.03330337939029935
5 0.48671875 0.40234375 0.1046875 0.0265625
3 0.5140625 0.7391832790722707 0.0578125 0.03627384328594587
3 0.33984375 0.7389509540348933 0.046875 0.03777271077238851
3 0.21796875 0.789804406026683 0.046875 0.034647710772388415
5 0.3078125 0.4140625 0.1 0.05
5 0.51796875 0.8140625 0.1828125 0.371875
5 0.54609375 0.75 0.1265625 0.5
5 0.3453125 0.81875 0.271875 0.3625
5 0.203125 0.84453125 0.234375 0.3109375
3 0.97890625 0.8578125 0.0421875 0.09375
3 0.81953125 0.8318191892041703 0.11875 0.12725336729005088
2 0.82734375 0.7412396409995685 0.103125 0.052162463699254855
2 0.9609375 0.74453125 0.078125 0.0734375
4 0.8421875 0.92578125 0.315625 0.1484375
5 0.8046875 0.840625 0.390625 0.31875