8 0.303125 0.2046875 0.60625 0.409375
5 0.125 0.384375 0.040625 0.05
9 0.70078125 0.34375 0.0796875 0.13125
9 0.8638645956236368 0.331715691836449 0.08797269867214012 0.08175906010845857
7 0.78203125 0.29140625 0.0921875 0.2359375
3 0.7831544302271799 0.15547083352338847 0.02836134933607006 0.040788626463433175
0 0.778085135145836 0.08981856244614965 0.037809072208706954 0.053343168617910844
5 0.77109375 0.2046875 0.1140625 0.409375
1 0.32578125 0.884375 0.3359375 0.23125
2 0.27582371925839966 0.6637731711519936 0.30993860226293635 0.0986748910977644
5 0.309375 0.8015625 0.61875 0.396875
4 0.65703125 0.86796875 0.0765625 0.1296875
2 0.6521054598886258 0.7789719660369459 0.04387726502711473 0.022129530054229286
5 0.6734375 0.8828125 0.109375 0.234375