8 0.3515625 0.17109375 0.334375 0.3421875
8 0.22421875 0.1390625 0.3234375 0.278125
5 0.8546875 0.265625 0.290625 0.346875
4 0.83125 0.39453125 0.203125 0.0890625
4 0.6 0.31328125 0.1625 0.2515625
3 0.6582453338179761 0.19921875 0.059674981849627426 0.0515625
0 0.66953125 0.07265625 0.1796875 0.1453125
0 0.863595909149941 0.17890625 0.14000789734428026 0.1625
5 0.6265625 0.21953125 0.215625 0.4390625
3 0.8534401800307881 0.31328125 0.04715680113146803 0.0484375
0 0.46015625 0.5765625 0.1171875 0.275
3 0.50546875 0.7390625 0.0265625 0.096875
5 0.45 0.71953125 0.1375 0.5609375
7 0.87578125 0.5453125 0.2484375 0.2125
5 0.85703125 0.71953125 0.2859375 0.5609375