8 0.325 0.2 0.65 0.4
1 0.81953125 0.33125 0.3390625 0.1375
2 0.825 0.065625 0.35 0.13125
5 0.825 0.2 0.35 0.4
8 0.06953125 0.70078125 0.1390625 0.2546875
8 0.2986939708295335 0.72734375 0.23553856596219108 0.2
8 0.30711552488786786 0.62265625 0.10210792154477702 0.09375
7 0.4916586965308408 0.59375 0.00790340359079611 0.015625
0 0.49251721458301756 0.58046875 0.006286361436318444 0.00625
5 0.49245358206946027 0.59140625 0.011137487899751618 0.034375
8 0.825 0.74765625 0.35 0.5046875
8 0.825 0.790625 0.35 0.4
4 0.984375 0.9828125 0.009375 0.034375
5 0.9625 0.96015625 0.0625 0.0796875