8 0.309375 0.16484375 0.61875 0.3296875
8 0.8828125 0.16640625 0.234375 0.3265625
8 0.9203125 0.16484375 0.159375 0.3296875
0 0.9265759694064057 0.22265625 0.0047602253341818114 0.00625
7 0.922115736075724 0.2421875 0.009647720003181703 0.0234375
5 0.9206350520766783 0.24921875 0.021039753341817756 0.0625
9 0.9158475547421784 0.240625 0.047547709341181486 0.0578125
8 0.8717066560709512 0.20703125 0.047438621339908595 0.0484375
8 0.810969150739951 0.22421875 0.05852157200827231 0.0609375
8 0.7529384747374058 0.20546875 0.03982611600890866 0.065625
8 0.7318538154041786 0.20625 0.047656797342454024 0.0671875
8 0.7012850680696786 0.19765625 0.052471566677272284 0.078125
8 0.6668918867361332 0.19609375 0.06342724801081764 0.0796875
8 0.62890625 0.17578125 0.0203125 0.1046875
9 0.33252543006045177 0.6390625 0.10977608402290802 0.16875
9 0.24632430072404282 0.61640625 0.1152442866804539 0.1015625
7 0.406607820058861 0.62734375 0.1520555853755436 0.3109375
7 0.5509845287237247 0.6140625 0.08977266669318062 0.1953125
0 0.45160050469445334 0.3984375 0.06824201734563573 0.090625
0 0.5585686673694983 0.46015625 0.03025112133990877 0.0484375
5 0.53671875 0.70859375 0.1640625 0.5828125
5 0.43359375 0.66484375 0.3703125 0.6703125
7 0.8046875 0.84140625 0.365625 0.3171875
0 0.7543351533656804 0.53828125 0.21837038136536221 0.2359375
3 0.7166277100572701 0.721875 0.09329656134627218 0.0953125
5 0.809375 0.696875 0.38125 0.60625
9 0.89765625 0.83359375 0.2046875 0.3328125