8 0.36953125 0.2015625 0.1609375 0.403125
8 0.25625 0.34453125 0.3875 0.4296875
8 0.7375 0.0703125 0.184375 0.140625
8 0.725 0.2796875 0.55 0.559375
3 0.6780856560266831 0.02734375 0.007876132513557366 0.0109375
2 0.6795572524358869 0.01171875 0.01259999394987581 0.0171875
4 0.6828913306947181 0.04765625 0.01739657825883114 0.0359375
5 0.677399854797019 0.04375 0.036410198672140126 0.08125
6 0.4379833516737611 0.884375 0.014198855386194253 0.0234375
6 0.4183657432625047 0.86953125 0.009465903590796288 0.015625
6 0.40581120110802704 0.86015625 0.007885222872636887 0.0125
6 0.40031518003078814 0.85546875 0.0063136325135573655 0.0109375
6 0.3948282493126289 0.85234375 0.0063045421544778435 0.009375
6 0.38855097823539014 0.84765625 0.00633181323171641 0.0140625
6 0.24210322511213214 0.92109375 0.02051248789975162 0.034375
6 0.2856759631100795 0.890625 0.012627265027114731 0.021875
6 0.30201403541698235 0.87890625 0.009484084308955332 0.01875
6 0.3245793818261863 0.86328125 0.0063227228726368875 0.0125
6 0.33002086074894743 0.85859375 0.0063136325135573655 0.0109375
6 0.333913475210328 0.85625 0.004742042154477666 0.009375
6 0.33622540895354935 0.85078125 0.00476931323171641 0.0140625
6 0.02386630951928339 0.875 0.004732951795398055 0.0078125
6 0.3862117734149299 0.8484375 0.003179542154477666 0.009375
6 0.3830776830558503 0.846875 0.0031613614363184437 0.00625
6 0.37447938787631047 0.84609375 0.004723861436318444 0.00625
6 0.35885438787631047 0.84609375 0.0031613614363184437 0.00625
6 0.3432339330558503 0.846875 0.0031613614363184437 0.00625
6 0.3315379089535494 0.85078125 0.001607951795397966 0.0078125
6 0.3291896137740095 0.85 0.0031704517953981435 0.0078125
6 0.32059131859446965 0.84921875 0.0031613614363184437 0.00625
6 0.30887256859446965 0.84921875 0.0031613614363184437 0.00625
6 0.2870021137740095 0.85 0.0031613614363184437 0.00625
6 0.25420779449216874 0.853125 0.0031704517953981435 0.0078125
6 0.22609643003078822 0.85546875 0.0031704517953981435 0.0078125
6 0.1979850655694076 0.8578125 0.0031704517953981435 0.0078125
6 0.15112824628756685 0.8609375 0.0031613614363184437 0.00625
6 0.16909245110802704 0.86015625 0.004723861436318444 0.00625
6 0.14254358664664651 0.8625 0.0031704517953981435 0.0078125
6 0.11599017700572611 0.8640625 0.0031613614363184437 0.00625
6 0.09960210772388534 0.8671875 0.004732951795398144 0.0078125
6 0.07226290290342514 0.86796875 0.003170451795398055 0.0078125
6 0.05899983362158436 0.87109375 0.004732951795398099 0.0078125
6 0.03166062880112417 0.871875 0.0031704517953980993 0.0078125
5 0.8328125 0.7796875 0.334375 0.440625
4 0.90546875 0.815625 0.1890625 0.36875