8 0.39765625 0.5265625 0.2046875 0.16875
0 0.18203125 0.3074999243734474 0.00625 0.009411361436318443
7 0.178125 0.32544594847574837 0.009375 0.021929542154477667
7 0.265625 0.575955008584207 0.01875 0.04073408430895533
5 0.178125 0.3231021984757484 0.0140625 0.03601931323171659
5 0.26484375 0.5720442134046672 0.0265625 0.07046703610435348
0 0.26875 0.5447231893023663 0.0109375 0.012563632513557365
1 0.5375 0.17265625 0.075 0.2265625
4 0.6 0.4609375 0.2 0.315625
5 0.8859375 0.309375 0.228125 0.61875
5 0.71484375 0.309375 0.4296875 0.61875
3 0.2 0.7916259812604522 0.1953125 0.15738629488495234
4 0.209375 0.91953125 0.41875 0.1609375
5 0.25 0.809375 0.5 0.38125
1 0.75 0.69765625 0.5 0.1578125
4 0.75 0.86171875 0.5 0.2765625
5 0.75 0.809375 0.5 0.38125