8 0.1986342106142751 0.17230328863843627 0.2039624360279987 0.20742265632127072
8 0.5 0.31328125 0.21875 0.2921875
8 0.3046875 0.2296875 0.609375 0.459375
3 0.2612887519494114 0.15938565300162102 0.00950226933481808 0.010992042154477666
2 0.26068931528486583 0.14375610782208117 0.014280676002545433 0.018831813231716586
4 0.25402114461332065 0.17965724638576272 0.020730670671545236 0.03605567466803503
5 0.260325688613957 0.17500610782208117 0.0431692920114541 0.08462043969514976
0 0.7796875 0.11328125 0.203125 0.2265625
3 0.7277644432288685 0.2598447161351417 0.039698846674090585 0.054914758976990365
4 0.7515625 0.36484375 0.228125 0.1890625
4 0.89765625 0.25703125 0.2046875 0.4046875
5 0.88046875 0.2296875 0.2390625 0.459375
5 0.765625 0.2296875 0.3125 0.459375
3 0.48125 0.9734375 0.078125 0.053125
2 0.503928595918231 0.8353401407049809 0.10261701734563573 0.09121587334017525
5 0.4671875 0.8875 0.284375 0.225
8 0.8046875 0.7296875 0.390625 0.540625