8 0.4640625 0.56796875 0.171875 0.4015625
8 0.2642327551663614 0.5046617915653024 0.30686918617910824 0.3767726200205255
8 0.87734375 0.3515625 0.2453125 0.696875
8 0.3671875 0.85 0.178125 0.140625
8 0.1296875 0.88984375 0.259375 0.2203125
8 0.8453125 0.88984375 0.309375 0.2203125
4 0.7928061652982612 0.8315202491162372 0.0314408975406721 0.03299430718159222
3 0.790326059912067 0.8080691135776178 0.012572722872636888 0.012572722872636888
2 0.79024879185989 0.7947878635776178 0.015697722872636887 0.01259090359079602
5 0.798324912273199 0.8401458153730159 0.0506363251355733 0.10966589149054781
9 0.6776356832522421 0.9089725625443454 0.034638620413308986 0.04551248789975162