8 0.134375 0.209375 0.26875 0.41875
1 0.9159123880727023 0.2886661703664267 0.03616475897699019 0.03927157825883123
2 0.96640625 0.26640625 0.0671875 0.0484375
4 0.835616354895215 0.3178855168738264 0.12417381908544903 0.1272806383672897
4 0.7267130118056608 0.12975828209733273 0.26825107201231546 0.18436695140261464
2 0.7535886083130604 0.04944861338122606 0.10026362041330898 0.04589428298109555
5 0.85859375 0.3140625 0.2828125 0.209375
5 0.63046875 0.209375 0.4921875 0.41875
0 0.13984375 0.47421875 0.1578125 0.1109375
3 0.1255641231437834 0.5823999304235716 0.07714428298109555 0.1004454275949012
3 0.2609375 0.715625 0.015625 0.065625
4 0.1921875 0.85546875 0.153125 0.2890625
4 0.07890625 0.796875 0.1578125 0.40625
5 0.11640625 0.709375 0.2328125 0.58125
5 0.165625 0.78671875 0.20625 0.4265625
0 0.644014141294156 0.5365350020431034 0.06610678903121965 0.08319429508134384
7 0.6427703247427898 0.725583866504484 0.17986125858420704 0.29947380093507636
5 0.62265625 0.746875 0.2546875 0.50625