8 0.1265625 0.20859375 0.253125 0.3328125
8 0.1640625 0.33125 0.328125 0.096875
4 0.027349336941234093 0.14631663792968505 0.012627265027114731 0.022020450668363535
2 0.02410616227319906 0.1260405005967759 0.009438632513557366 0.011046588001272718
5 0.0296521803253758 0.13925811592936688 0.026817030054229286 0.04405908267027261
8 0.828125 0.296875 0.334375 0.165625
8 0.7796875 0.0421875 0.146875 0.084375
4 0.7492930355151783 0.3274126439370029 0.01418976502711473 0.022038632001908986
2 0.7476169060266831 0.30789957527054834 0.007857951795397966 0.007903406667727176
5 0.7508237192583996 0.3219257126034575 0.02677157825883114 0.03624658267027261
8 0.23515625 0.64375 0.3296875 0.528125
2 0.6578125 0.4328125 0.109375 0.10625
3 0.6810328731437835 0.48431607725973064 0.0660886083130606 0.08045111600890867
7 0.7247743036655508 0.6166285905872309 0.14556807181592363 0.3141726826861809
5 0.73203125 0.68984375 0.3421875 0.6203125