8 0.309375 0.33984375 0.61875 0.6796875
8 0.096875 0.4578125 0.19375 0.44375
7 0.6995498454009969 0.3 0.08294086401972631 0.1453125
1 0.708787938056952 0.22109375 0.02387385200509069 0.0375
1 0.9801709473663166 0.04453125 0.026853401336727246 0.025
1 0.7987851347071799 0.1 0.037881808004454245 0.0328125
2 0.9703125 0.0078125 0.053125 0.015625
2 0.98359375 0.1140625 0.0328125 0.06875
2 0.7864118566995439 0.04375 0.07569089067472685 0.059375
4 0.7972504540499523 0.16953125 0.09060791335136287 0.1328125
4 0.9605675193745891 0.10546875 0.07787155601527225 0.1125
5 0.9671875 0.26171875 0.065625 0.3890625
5 0.9375 0.10859375 0.125 0.2171875
5 0.90390625 0.028125 0.0515625 0.05625
5 0.79453125 0.01328125 0.0421875 0.0265625
5 0.7900283000477251 0.153125 0.16891582137172545 0.2828125
5 0.6960072220719058 0.33125 0.13688511871417966 0.35
0 0.6903010200509068 0.1765625 0.047511346674090585 0.0546875
5 0.52578125 0.81796875 0.1859375 0.2765625
8 0.765625 0.80234375 0.29375 0.2453125