8 0.38359375 0.23984375 0.3921875 0.4796875
8 0.05231804156530252 0.3421875 0.10443401170746494 0.225
8 0.78984375 0.24765625 0.4203125 0.4640625
2 0.6733623154712117 0.11015625 0.032967036104353475 0.0265625
3 0.6696060563960254 0.1359375 0.01726022287263689 0.0125
4 0.6510605894753169 0.17109375 0.04736587939029935 0.084375
5 0.6769781948615111 0.19453125 0.1152260659621911 0.2
8 0.78984375 0.73984375 0.4203125 0.5203125
5 0.615625 0.628125 0.071875 0.296875
7 0.603125 0.57578125 0.046875 0.1609375
7 0.8859375 0.87578125 0.184375 0.2484375
0 0.8836356983775525 0.71015625 0.07864315046753809 0.0890625
5 0.80859375 0.8234375 0.3828125 0.353125