8 0.22512518150372615 0.22982177186280578 0.35725098126045224 0.4426885115110732
4 0.2984313921779188 0.11768032016560355 0.015761355386194255 0.02352840359079611
2 0.29854956684595385 0.09736782016560355 0.007867042154477666 0.009420451795398055
5 0.2961240036142373 0.11144395570422297 0.028343168617910842 0.03766362646343309
3 0.6153285215682182 0.19268486534514334 0.22265677088084707 0.13566583098930574
4 0.63828125 0.2578125 0.4171875 0.240625
5 0.71484375 0.196875 0.5703125 0.39375
2 0.54921875 0.4296875 0.2390625 0.11875
5 0.69765625 0.45078125 0.5359375 0.1984375
8 0.8125 0.775 0.375 0.45
7 0.9502433561717613 0.6914672781093217 0.023655668617910665 0.037636355386194253
5 0.9526325579671593 0.6836411425707023 0.034738614363184796 0.06269998789975162