8 0.165625 0.2078125 0.2875 0.415625
8 0.275 0.27890625 0.06875 0.5015625
6 0.879176233290911 0.29206570408972315 0.027253390674726673 0.05968408267027261
6 0.4234375 0.509375 0.059375 0.040625
6 0.5945376039545021 0.3114129513844522 0.030269302673454134 0.050345445337363515
6 0.6333552032940928 0.2657646440563156 0.01626134667409058 0.05486931333545444
6 0.7440296213001378 0.22251517807126947 0.011246582670272431 0.02668976933481808
6 0.5437478106301835 0.2444067173774525 0.008103401336727068 0.025090906667727175
6 0.5351449699634108 0.24508797004295255 0.011082950668363623 0.012627269334818081
6 0.6010699619669106 0.22007033605186122 0.007994313335454351 0.015715906667727174
6 0.6519966626352742 0.2081612293920882 0.006431813335454351 0.01569772533418181
6 0.6682392806333651 0.2224146333943154 0.0064863573360907974 0.02038522533418181
6 0.6752614399665925 0.22327769939526987 0.012663632001908986 0.014207950668363533
6 0.6829103079646834 0.23743110606299708 0.011192038669636162 0.02200226933481808
6 0.7051307533020469 0.20799814473263334 0.006413632001908987 0.014135225334181812
6 0.7090915473026833 0.20335609806649693 0.0032522693348180807 0.010973862667090906
6 0.7661682506365468 0.2001134667409057 0.0032522693348180807 0.010973862667090906
6 0.7786227973026832 0.20416516740926927 0.004832950668363622 0.01255454400063627
6 0.8169222286362287 0.20304811008113263 0.00486931333545435 0.01567954400063636
6 0.8300307559675468 0.21804640141626894 0.0065045386696361614 0.021947725334181812
6 0.9057665526336833 0.222834446093223 0.004887494668999892 0.01724204400063627
6 0.8655500852960017 0.2544020720878142 0.011282945337363515 0.02981476933481808
6 0.9523415606301835 0.24916113609958632 0.012881808004454242 0.03295795066836353
6 0.9900597366327288 0.230847488104677 0.008085220003181704 0.023528406667727174
6 0.09083989194782056 0.8627396413908155 0.022456802673454134 0.05025453866963616
6 0.2491791032781844 0.8864600467456782 0.03991702267663584 0.07389203333863606
4 0.528125 0.72265625 0.234375 0.3859375
5 0.528125 0.76484375 0.4375 0.4703125