8 0.16953125 0.309375 0.3390625 0.61875
8 0.66953125 0.309375 0.6609375 0.61875
8 0.946875 0.5453125 0.10625 0.146875
8 0.16953125 0.809375 0.3390625 0.38125
0 0.8407951124182771 0.647172520193476 0.012590903590796287 0.015697722872636887
3 0.84072693472518 0.658891270193476 0.007867042154477843 0.009420451795398143
7 0.8430161425707023 0.6682799057320955 0.023601126463433174 0.028261355386194252
5 0.8446240943661003 0.6604764960911751 0.02836134933607006 0.040788626463433175
9 0.94921875 0.75390625 0.1015625 0.1953125
9 0.8918485523098185 0.7349725020431034 0.10396131303532492 0.14434996369925485
9 0.8182746969236243 0.7579827551663614 0.19799311416679294 0.19333288524403186
9 0.7602036425707024 0.6677981167008757 0.09563975292686636 0.056804511903856714
9 0.692666163746137 0.7275634812604522 0.1713942527304745 0.1869283491396782
9 0.5794530914392342 0.71518568022718 0.15086358411256368 0.14931017447164335
9 0.5171875 0.684375 0.19375 0.13125
9 0.4 0.7 0.121875 0.15625
8 0.4140625 0.6765625 0.15 0.115625
8 0.8140625 0.6578125 0.284375 0.078125