8 0.2546875 0.234375 0.509375 0.46875
8 0.165625 0.37109375 0.33125 0.1953125
4 0.43944533684303816 0.2968952642415477 0.0441045240041051 0.06119203005422928
2 0.4344442194547914 0.24296174316430888 0.020467036104353475 0.02668067466803503
5 0.4354345477136226 0.27890378834384866 0.05685905405833438 0.10501475292686627
7 0.6938742824901162 0.29622764373004296 0.025272710772388508 0.047020445745273774
5 0.7113026770057261 0.3377338876799187 0.07932492739850953 0.2067045179539809
8 0.7546875 0.234375 0.490625 0.46875
4 0.14609375 0.54296875 0.2671875 0.1484375
5 0.246875 0.734375 0.49375 0.53125
8 0.759375 0.734375 0.48125 0.53125
7 0.6613572191602037 0.7173385326865078 0.04560339149054773 0.050263620413308986
5 0.6597629029034251 0.7118606923274283 0.08010565651766247 0.0723386083130606
7 0.9096129119786115 0.6875338997801672 0.05816702400410527 0.06127384328594587
5 0.9056293939264346 0.674229923882468 0.06145565046753809 0.08941702400410509