8 0.5125 0.3375 0.10625 0.1625
8 0.78125 0.3359375 0.425 0.165625
2 0.0140625 0.58984375 0.028125 0.1296875
3 0.01484375 0.65078125 0.0296875 0.0859375
7 0.06328125 0.79140625 0.1265625 0.3390625
5 0.06185056020665449 0.4462163074076784 0.06745112041330899 0.0460942973424542
5 0.1265625 0.75234375 0.253125 0.4953125
7 0.6863941014773693 0.6883941693984515 0.1184419695529872 0.21698860001590833
7 0.50703125 0.7234375 0.0953125 0.24375
3 0.6724219841873185 0.5694896280633153 0.04084316861791084 0.03797271467218159
3 0.47890625 0.58359375 0.0390625 0.0390625
0 0.48046875 0.52421875 0.0421875 0.0609375
0 0.6650725716195318 0.5147203120623608 0.05968407220870695 0.05381589067472703
5 0.7 0.7421875 0.165625 0.515625
5 0.5296875 0.7421875 0.140625 0.515625