8 0.234375 0.259375 0.46875 0.51875
8 0.7140625 0.3015625 0.490625 0.434375
5 0.49921875 0.21309417739495168 0.009375 0.04542158800127272
1 0.3109375 0.8499851027211793 0.1703125 0.09573176535645338
1 0.040625 0.79453125 0.08125 0.0734375
1 0.13359375 0.7330777713637714 0.09375 0.07921588001272681
2 0.246875 0.725020918045816 0.265625 0.09059082670272574
2 0.165625 0.6412629887014529 0.1296875 0.07025905068427196
2 0.04140625 0.64921875 0.0828125 0.0828125
5 0.04140625 0.7734375 0.0828125 0.328125
5 0.12890625 0.681460727363135 0.1515625 0.15176358935390813
5 0.234375 0.83671875 0.46875 0.3265625
5 0.40546875 0.803125 0.1265625 0.39375
1 0.69921875 0.9296875 0.4609375 0.140625
2 0.68359375 0.70234375 0.4296875 0.1140625
5 0.734375 0.815625 0.53125 0.36875