8 0.03359375 0.04765625 0.0671875 0.0953125
8 0.209375 0.2796875 0.41875 0.559375
4 0.1821296813073344 0.09271578258831208 0.02530907220870695 0.05327044574527386
2 0.17695636797742198 0.04190271633153344 0.012581813231716588 0.014135222872636887
5 0.1837830848981306 0.07709987294739165 0.03489315046753818 0.08926248789975162
8 0.35859375 0.04765625 0.1203125 0.0953125
4 0.52421875 0.12109375 0.2109375 0.2421875
5 0.571875 0.2546875 0.30625 0.509375
8 0.5275649011549093 0.7704685987468949 0.2152260659621911 0.20124537919390767
8 0.709375 0.7796875 0.58125 0.440625
2 0.5269836390546608 0.736089053567355 0.012590903590796287 0.015697722872636887
3 0.5299995547457055 0.7548572342855143 0.01101931323171641 0.014126132513557366
5 0.5384569493595113 0.7783447312604521 0.041243144417413904 0.10648634933606997
4 0.5329472927436528 0.7853441650036735 0.015870439695149584 0.04227840359079602