8 0.14140625 0.334375 0.2828125 0.66875
5 0.4563798694313503 0.41462259884509073 0.020485216822512697 0.02980567466803503
7 0.45326850496996973 0.4169481681269315 0.011055674668035032 0.020376132513557365
8 0.47521622784260664 0.4295754331540461 0.2017908007386847 0.3089760659621913
9 0.371875 0.07421875 0.025 0.0765625
9 0.4128737464839586 0.053444204329480896 0.09102497579950324 0.06927724082661779
9 0.68125 0.0265625 0.06875 0.053125
9 0.64140625 0.034375 0.0890625 0.06875
8 0.675719180128984 0.11434638465485661 0.07245678298109545 0.10041815651766246
8 0.5859375 0.18515625 0.453125 0.3703125
7 0.9640625 0.00625 0.01875 0.0125
5 0.965625 0.01640625 0.028125 0.0328125
5 0.9635368218159236 0.036336055905046113 0.01731476502711473 0.021974993949875808
7 0.9635550025340827 0.039461055905046116 0.015715903590795933 0.0157159035907962
0 0.9595942103796051 0.030063330007347046 0.007857951795398322 0.007857951795398143
0 0.9142862555591449 0.03058095959403815 0.007867042154477843 0.009420451795398143
0 0.88125 0.0046875 0.009375 0.009375
4 0.8651720446885605 0.04826336328303018 0.018968168617910664 0.037609084308955334
2 0.8610839875069681 0.016990637385331197 0.009438632513557366 0.010992042154477666
5 0.867502159149941 0.04593324882164964 0.030105656517662636 0.0720477168225127
7 0.8877101200205255 0.028082673489684674 0.020503397540672097 0.03293067466803503
7 0.9073322736113216 0.043821302978179856 0.01418067466803521 0.020394313231716588
5 0.9073140928931623 0.04069630297817985 0.023610216822512697 0.029823855386194253
5 0.8890625 0.03125 0.028125 0.0625
7 0.8769862434588965 0.06473779097612731 0.011028403590795932 0.015688632513557364
5 0.8769453368430382 0.057706540976127305 0.01424430718159222 0.03133181323171659
5 0.1796875 0.8359375 0.359375 0.328125
2 0.16571187929210351 0.767793571521336 0.22906130698520055 0.16226469242562427
1 0.21015625 0.9265625 0.2265625 0.146875
8 0.54765625 0.834375 0.3765625 0.33125