8 0.21640625 0.284375 0.4328125 0.56875
0 0.92734375 0.121875 0.1453125 0.24375
0 0.77109375 0.1841634600850175 0.1671875 0.1837851684215191
0 0.50078125 0.19609375 0.0828125 0.1359375
3 0.4875 0.3296875 0.05625 0.078125
3 0.7359375 0.344115177005726 0.103125 0.09278746369925486
3 0.94453125 0.44375 0.1109375 0.171875
4 0.703125 0.49140625 0.275 0.1546875
4 0.5171875 0.46640625 0.115625 0.2046875
5 0.55234375 0.34609375 0.1859375 0.4453125
5 0.70390625 0.325 0.3546875 0.4875
5 0.89296875 0.284375 0.2140625 0.56875
8 0.2296875 0.784375 0.459375 0.43125
8 0.765625 0.69453125 0.4625 0.2515625
7 0.84921875 0.7021145502477054 0.01875 0.023546584308955332
5 0.8453125 0.7091230743500063 0.0296875 0.0548602168225127
8 0.96328125 0.8734375 0.0734375 0.203125