8 0.2859375 0.2296875 0.571875 0.459375
8 0.38515625 0.36640625 0.4671875 0.1859375
0 0.04463705394654793 0.2421875 0.017405676002545258 0.01875
3 0.04280183394336623 0.265625 0.011119313335454439 0.015625
7 0.04397343527213922 0.29921875 0.036664753341817756 0.0625
5 0.04321036660568463 0.29765625 0.054652232017817326 0.13125
8 0.809375 0.2296875 0.38125 0.459375
5 0.9398842772517766 0.13203125 0.024092028007635945 0.05625
7 0.9398479145846856 0.13515625 0.019131808004454243 0.0328125
8 0.309375 0.7296875 0.61875 0.540625
5 0.34765625 0.753125 0.3234375 0.49375
7 0.29609375 0.87265625 0.1265625 0.2546875
3 0.3166222366327288 0.665625 0.039607940006363404 0.046875
2 0.32325459197963735 0.565625 0.07336586935072642 0.128125
1 0.9046875 0.87109375 0.190625 0.2578125
2 0.8375 0.71796875 0.325 0.1609375
5 0.809375 0.8078125 0.38125 0.384375