8 0.35 0.19453125 0.7 0.3890625
8 0.10234375 0.13359375 0.2046875 0.2671875
5 0.42578125 0.0171875 0.0515625 0.034375
7 0.325 0.76796875 0.509375 0.4640625
3 0.32734375 0.5072992580760419 0.146875 0.09389654535327185
0 0.37109375 0.41484375 0.2578125 0.0515625
5 0.33984375 0.69453125 0.6796875 0.6109375
9 0.9234375 0.8328125 0.153125 0.334375
3 0.75859375 0.6686014794318591 0.059375 0.11631589067472703
0 0.80703125 0.5488526007717679 0.15 0.15018290802036277
7 0.790625 0.83125 0.18125 0.3375
5 0.8046875 0.73046875 0.209375 0.5390625