8 0.10703125 0.271875 0.2140625 0.434375
8 0.63203125 0.26875 0.4640625 0.440625
3 0.17245678298109546 0.5314479043763631 0.02512726502711473 0.022020445745273953
4 0.2890625 0.52265625 0.221875 0.0671875
2 0.15625 0.50078125 0.071875 0.0234375
5 0.09140625 0.83046875 0.1828125 0.3390625
5 0.259375 0.64921875 0.28125 0.3203125
7 0.5516231499765588 0.6840052778147342 0.14198855386194253 0.2351931323171656
1 0.5625 0.4984375 0.05 0.01875
5 0.5421875 0.74453125 0.13125 0.5109375
9 0.97734375 0.590625 0.0453125 0.121875