8 0.12421875 0.07578125 0.2484375 0.1515625
8 0.184375 0.28984375 0.36875 0.5796875
3 0.5213876240275462 0.21796875 0.02510908430895533 0.01875
2 0.5214921631569618 0.2 0.03451135538619425 0.0234375
4 0.5266472957687149 0.25390625 0.0675329336450254 0.059375
5 0.5255478832009284 0.30859375 0.16241922852997775 0.2546875
5 0.16953125 0.83046875 0.2109375 0.3390625
5 0.06484375 0.8953125 0.1296875 0.209375
5 0.02109375 0.85390625 0.0421875 0.2921875
4 0.05777807933898575 0.91640625 0.06777837334017515 0.1015625
4 0.13767465759781689 0.88046875 0.10119992739850954 0.20625
3 0.021372946727232556 0.8625 0.011019313231716588 0.0140625
3 0.15395416345154941 0.76796875 0.023646578258831142 0.0359375
0 0.02578125 0.83046875 0.0515625 0.0671875
0 0.13321493745565452 0.70703125 0.0770261083130606 0.0796875
5 0.69609375 0.60390625 0.0546875 0.0484375