8 0.259375 0.13984375 0.51875 0.2796875
8 0.759375 0.13984375 0.48125 0.2796875
8 0.28125 0.5638876996540988 0.225 0.14349651170746505
4 0.17734375 0.6348047085328934 0.0328125 0.05644089754067192
2 0.17109375 0.5887473199692119 0.015625 0.012590903590796287
3 0.17109375 0.6028098199692118 0.0140625 0.011019313231716588
5 0.17265625 0.6559257296101322 0.053125 0.15030907220870696
9 0.4734375 0.584375 0.090625 0.046875
5 0.759375 0.684375 0.48125 0.63125
1 0.696875 0.77265625 0.35625 0.2421875
2 0.72734375 0.4421875 0.4171875 0.175