8 0.2078125 0.3296875 0.415625 0.659375
8 0.27109375 0.46640625 0.5359375 0.3859375
4 0.64609375 0.09341119505790285 0.1046875 0.16779655405833438
4 0.71875 0.3266463967551051 0.13125 0.24451359016268787
3 0.6390625 0.030870288442044556 0.03125 0.0454943071815924
3 0.7078125 0.17970776424154772 0.0203125 0.04074317466803503
2 0.74296875 0.10725604732083908 0.08125 0.10672269867214013
5 0.634375 0.19140625 0.14375 0.3828125
5 0.70703125 0.30157821906200794 0.2015625 0.5105476563212707
8 0.71796875 0.27890625 0.3578125 0.5578125
7 0.25625 0.7113935805965224 0.0390625 0.06897725897699054
3 0.26640625 0.6809839179305397 0.00625 0.010973861436318445
0 0.265625 0.665625 0.025 0.0125
5 0.2734375 0.74921875 0.09375 0.1796875
8 0.26953125 0.8296875 0.5390625 0.340625