8 0.31015625 0.45703125 0.2984375 0.3234375
8 0.1640625 0.4984375 0.328125 0.240625
3 0.8436248184962739 0.44375 0.09898292154477702 0.09375
3 0.6583413034691592 0.421875 0.12104881908544911 0.1265625
2 0.6632919030016209 0.3328125 0.10342498184962742 0.0515625
2 0.8117294030016209 0.3328125 0.11136474687674217 0.0734375
4 0.69296875 0.52890625 0.3359375 0.1796875
4 0.89296875 0.53828125 0.2140625 0.1609375
5 0.8734375 0.43125 0.253125 0.375
5 0.7296875 0.44453125 0.540625 0.3484375
3 0.528125 0.69921875 0.1375 0.1328125
4 0.621875 0.84453125 0.325 0.3109375
5 0.66484375 0.809375 0.4109375 0.38125