8 0.234375 0.18984375 0.46875 0.3796875
8 0.68671875 0.2421875 0.4359375 0.275
9 0.912510185351681 0.02373223273390601 0.1098477146721816 0.041897693348181164
9 0.9921875 0.34296875 0.015625 0.0609375
0 0.0390625 0.671875 0.078125 0.071875
3 0.0046875 0.7109375 0.009375 0.059375
3 0.030981658736451312 0.7427351293761799 0.05514203333863606 0.039698846674090585
5 0.146875 0.7609375 0.29375 0.33125
5 0.140625 0.77578125 0.28125 0.2765625
3 0.5640625 0.4734375 0.18125 0.1875
7 0.6796875 0.72265625 0.421875 0.5546875
5 0.70703125 0.68984375 0.4765625 0.6203125