8 0.11640625 0.203125 0.2046875 0.340625
8 0.109375 0.2046875 0.21875 0.409375
8 0.759375 0.2046875 0.48125 0.409375
0 0.55625 0.39921875 0.04375 0.0203125
0 0.43125 0.4015625 0.03125 0.015625
7 0.31796875 0.9890625 0.0203125 0.021875
2 0.31783940144949685 0.9572453943192182 0.01416249394987581 0.017269313231716765
5 0.3390625 0.971875 0.065625 0.05625
8 0.48515625 0.75234375 0.5328125 0.4953125
9 0.97890625 0.653125 0.0421875 0.046875
9 0.8382120305452088 0.6813571435336512 0.05497839149054755 0.05031816256778665
9 0.7169819251590144 0.7040901407049809 0.05654089149054773 0.05032725292686617