8 0.45390625 0.1265625 0.1734375 0.13125
8 0.22890625 0.1484375 0.228125 0.2140625
8 0.325 0.2 0.65 0.4
2 0.23046875 0.11328125 0.0140625 0.0171875
3 0.22734375 0.1328125 0.0125 0.0140625
5 0.21640625 0.15625 0.04375 0.1109375
4 0.2234375 0.16484375 0.0171875 0.0453125
6 0.784375 0.01953125 0.053125 0.0390625
9 0.79296875 0.2 0.2859375 0.4
5 0.2046875 0.76015625 0.0203125 0.03125
7 0.2 0.7625 0.009375 0.021875
8 0.2203125 0.78125 0.19375 0.321875
9 0.15546875 0.4078125 0.1015625 0.015625
9 0.53203125 0.4140625 0.0703125 0.028125
9 0.4875 0.41875 0.090625 0.0375
8 0.50390625 0.49296875 0.0703125 0.103125
8 0.390625 0.56484375 0.4875 0.3296875
6 0.94375 0.64375 0.1125 0.315625
6 0.84375 0.55625 0.1015625 0.2515625
6 0.67890625 0.45703125 0.0578125 0.1140625
6 0.7546875 0.49453125 0.090625 0.1890625