6 0.14921875 0.234375 0.2984375 0.46875
2 0.35625 0.07109375 0.1625 0.1421875
3 0.32636966168402387 0.3103901376799188 0.11475336729005078 0.11941359621281222
4 0.278125 0.4046875 0.290625 0.128125
5 0.23984375 0.234375 0.4796875 0.46875
7 0.6609375 0.084375 0.15 0.16875
5 0.64609375 0.234375 0.2078125 0.46875
1 0.26015625 0.71640625 0.4390625 0.3578125
2 0.2703125 0.51171875 0.41875 0.0859375
4 0.23984375 0.9046875 0.4796875 0.190625
5 0.23984375 0.734375 0.4796875 0.53125
1 0.81875 0.6703125 0.3625 0.403125
4 0.73984375 0.84453125 0.5203125 0.3109375
5 0.73984375 0.734375 0.5203125 0.53125