6 0.28203125 0.225 0.3234375 0.45
2 0.1359375 0.02578125 0.153125 0.0515625
3 0.09079511241827713 0.19913991930528194 0.11002950585373253 0.1131363251355733
4 0.10390625 0.33828125 0.2078125 0.2234375
5 0.22109375 0.225 0.4421875 0.45
9 0.99296875 0.42421875 0.0140625 0.0515625
9 0.9367479618525429 0.28707014871902237 0.043949987899751616 0.034629530054229286
9 0.5186706484244348 0.1738813649523599 0.03612839754067192 0.03302157825883114
9 0.48671875 0.16171875 0.0140625 0.0265625
8 0.1280451275435876 0.9581235129840111 0.044131795081343836 0.06587953005422946
0 0.075 0.9984375 0.003125 0.003125
5 0.07421875 0.99765625 0.0109375 0.0046875
7 0.165625 0.99765625 0.00625 0.0046875
5 0.16640625 0.996875 0.0109375 0.00625
8 0.1890625 0.984375 0.025 0.03125
9 0.17411615164588862 0.9617615973911626 0.026698855386194254 0.023592036104353297
9 0.1498201335937118 0.9751837479568966 0.029842036104353476 0.026735216822512696
5 0.81171875 0.725 0.3765625 0.55