6 0.1625 0.37578125 0.23125 0.1484375
2 0.02421875 0.403125 0.0484375 0.09375
5 0.13828125 0.371875 0.2765625 0.15625
8 0.68984375 0.225 0.6203125 0.45
2 0.52890625 0.27109725341784563 0.021875 0.02512726502711473
3 0.53046875 0.2953069130587659 0.015625 0.017278403590796288
4 0.5296875 0.33281145823830577 0.0265625 0.054842036104353474
5 0.540625 0.3460290757247485 0.059375 0.1753454336450254
8 0.75703125 0.725 0.4859375 0.55
8 0.496875 0.87890625 0.234375 0.2421875
8 0.41015625 0.5078125 0.0609375 0.046875
8 0.7765625 0.4880155460633026 0.0390625 0.022102258976990363
9 0.7296875 0.5007882568356912 0.0390625 0.023664758976990365