0 0.98515625 0.38125 0.0296875 0.046875
2 0.9563029795119362 0.2514911970218201 0.06264544574527378 0.025363614363184704
2 0.64765625 0.0140625 0.1015625 0.028125
4 0.98359375 0.31875 0.0328125 0.096875
4 0.6768205334720749 0.08359166647661151 0.15857609016268803 0.13216812626704133
3 0.660600635833207 0.05165586524694747 0.07043067466803503 0.020721566158582762
3 0.9530552596643614 0.27260312773997936 0.03134090359079629 0.015806807181592396
5 0.9515625 0.35234375 0.096875 0.2328125
5 0.6984375 0.1671875 0.21875 0.334375
8 0.55546875 0.55859375 0.0671875 0.1796875
8 0.175 0.67734375 0.35 0.3765625
8 0.32109375 0.734375 0.5359375 0.53125
3 0.5544814042781672 0.5268280611886131 0.007876132513557366 0.010982951795398144
2 0.5592598078689635 0.5111757901113743 0.01259999394987581 0.01726022287263689
4 0.5582558440715127 0.549461585290914 0.015843168617910665 0.03759090359079629
5 0.5520376603282914 0.5440291967272325 0.03174996974937905 0.08611930718159222
1 0.7203125 0.59140625 0.2625 0.2453125
4 0.79453125 0.83046875 0.4109375 0.3390625
5 0.79453125 0.734375 0.4109375 0.53125