5 0.90859375 0.1046875 0.1828125 0.209375
5 0.27421875 0.71484375 0.5484375 0.5703125
4 0.1953125 0.7578125 0.390625 0.484375
1 0.22109375 0.51484375 0.2078125 0.1703125
5 0.8499302596643614 0.65859375 0.027026108313060605 0.0796875
7 0.8492308228960781 0.64453125 0.01582498789975162 0.034375
0 0.8579382023845733 0.625 0.009447722872636889 0.0125
8 0.7578125 0.75859375 0.078125 0.3078125
8 0.859375 0.71484375 0.28125 0.5703125
5 0.8524093232888615 0.90390625 0.06617951190385654 0.0953125
4 0.8687837570320829 0.909375 0.018968168617911018 0.0375