8 0.7640625 0.103125 0.40625 0.20625
5 0.78125 0.01953125 0.09375 0.0390625
8 0.134375 0.659375 0.26875 0.68125
2 0.024793383397320134 0.7528583007638137 0.025163626463433175 0.028415901336727244
3 0.01917918765204618 0.7777946660964046 0.01729658430895533 0.01894999466899989
4 0.015625 0.81484375 0.03125 0.0578125
5 0.0203125 0.8265625 0.040625 0.1875
8 0.79453125 0.49140625 0.3796875 0.3453125
8 0.5718860311343837 0.685567519374589 0.4838498426967706 0.452474850731997
5 0.5099678141154793 0.5848402660327713 0.04408634328594587 0.058321577339272325
4 0.5153865671405414 0.5934976507001803 0.026707945745273777 0.02530908267027243
5 0.8923990399149826 0.5205356020846325 0.026917024004104916 0.06124658267027261