3 0.1609375 0.10625 0.278125 0.2125
7 0.15 0.31484375 0.3 0.3890625
5 0.15 0.2546875 0.3 0.509375
0 0.67421875 0.07665951141287737 0.0234375 0.03607385538619425
0 0.5828125 0.049565225406719725 0.025 0.040770445745273956
0 0.73828125 0.2778134661351417 0.021875 0.03293976502711473
0 0.80546875 0.2891418515755653 0.01875 0.03292158430895533
7 0.80078125 0.2969270804983264 0.040625 0.05804884933607006
7 0.67109375 0.09148508069471806 0.0359375 0.05958407825883114
7 0.590625 0.06679817720211786 0.059375 0.0831579336450254
5 0.60546875 0.0328125 0.0734375 0.065625
5 0.60703125 0.08876862597245375 0.0921875 0.1302238311856975
5 0.67734375 0.11183394213103667 0.0625 0.10505111436318479
5 0.73828125 0.2973447161351417 0.0375 0.08615566861791084
5 0.8015625 0.31177537567786623 0.04375 0.08775453005422928
1 0.20234375 0.85703125 0.1953125 0.2859375
2 0.1859375 0.5859375 0.228125 0.153125
5 0.15 0.7546875 0.3 0.490625
6 0.796875 0.7546875 0.40625 0.490625
4 0.63359375 0.95390625 0.1609375 0.0921875
3 0.70234375 0.7861713876799188 0.109375 0.1506363251355733
5 0.6453125 0.7546875 0.34375 0.490625