4 0.521875 0.21953125 0.14375 0.2390625
5 0.46953125 0.16953125 0.2796875 0.3390625
1 0.4876801713080921 0.10274566657480737 0.028706802673454136 0.05016362646343313
0 0.48125 0.03359375 0.090625 0.0671875
9 0.6765625 0.23515625 0.134375 0.2078125
9 0.69375 0.1578125 0.16875 0.3
9 0.8515625 0.1203125 0.296875 0.240625
1 0.27113482459423055 0.5493757477605048 0.4042897000318167 0.2367112222834617
2 0.29375 0.3828125 0.503125 0.0875
4 0.3046875 0.665625 0.609375 0.225
5 0.3046875 0.5703125 0.609375 0.4625
9 0.8872779926002756 0.5618762686413519 0.10268974267981754 0.09746587334017516
7 0.94765625 0.51328125 0.1046875 0.2609375
3 0.9410677059595928 0.37017003679172455 0.034884077339272325 0.043949987899751616
5 0.9265625 0.66953125 0.146875 0.6609375