8 0.1171875 0.13046875 0.234375 0.2609375
8 0.07109375 0.18984375 0.1421875 0.3796875
0 0.10390625 0.128125 0.0046875 0.0046875
7 0.1046875 0.14609375 0.00625 0.0203125
5 0.10390625 0.15390625 0.0109375 0.0578125
9 0.11015625 0.14609375 0.0375 0.05
8 0.15546875 0.1234375 0.0390625 0.040625
8 0.20625 0.14921875 0.0484375 0.0515625
8 0.2609375 0.14296875 0.0296875 0.05625
8 0.28125 0.14765625 0.0375 0.0578125
8 0.309375 0.14453125 0.0390625 0.06875
8 0.34140625 0.14921875 0.0484375 0.0671875
8 0.3921875 0.140625 0.0390625 0.0921875
8 0.40859375 0.153125 0.0375 0.0765625
8 0.4234375 0.1578125 0.0125 0.06875
8 0.21484375 0.73046875 0.4296875 0.5390625
2 0.31953125 0.6890625 0.009375 0.0125
4 0.31640625 0.725 0.015625 0.0390625
5 0.3265625 0.721875 0.0390625 0.08125
3 0.32265625 0.70390625 0.0078125 0.0109375
8 0.71484375 0.63125 0.5703125 0.503125