8 0.12109375 0.31484375 0.2421875 0.6296875
2 0.11212833703942984 0.16161615164588858 0.01885908430895533 0.018859084308955422
3 0.10914878278470379 0.1866343323640478 0.01729658430895533 0.01884999394987581
7 0.08432604478675634 0.21724852810932171 0.028497704722264317 0.06422612646343318
5 0.09225217427525152 0.2367343263139236 0.10886698165323558 0.1818772347764936
0 0.95234375 0.0984375 0.0953125 0.125
4 0.586088532686508 0.172055244539051 0.19696694535249043 0.2855112948849522
4 0.9140625 0.34921875 0.171875 0.2921875
3 0.6463169846782977 0.0498257205349459 0.05338862041330898 0.045621572208706995
3 0.9284487495090208 0.19975195590061467 0.05655907220870695 0.05345225292686617
5 0.834375 0.32109375 0.33125 0.6171875
5 0.58828125 0.31484375 0.4578125 0.6296875
2 0.1796875 0.83671875 0.359375 0.3265625
5 0.1796875 0.82109375 0.359375 0.3578125
8 0.6796875 0.81484375 0.640625 0.3703125