8 0.30859375 0.05703125 0.4296875 0.1140625
5 0.9125 0.209375 0.175 0.41875
8 0.47109375 0.709375 0.2171875 0.565625
3 0.33984375 0.5386509721852659 0.0296875 0.0517352168225127
0 0.35078125 0.46293335469882324 0.0828125 0.08329428903121983
7 0.26953125 0.6804294060266831 0.20625 0.30276242739850956
5 0.29765625 0.6946555324901162 0.3109375 0.548683981456844
1 0.6578125 0.67734375 0.15625 0.3109375
2 0.640625 0.46796875 0.121875 0.0984375
4 0.703125 0.89765625 0.246875 0.2046875
5 0.78984375 0.709375 0.4203125 0.58125