8 0.303125 0.4078125 0.13125 0.284375
8 0.23984375 0.37263171471195244 0.0984375 0.11364542401336308
8 0.73984375 0.29140625 0.5203125 0.5171875
5 0.0625 0.775 0.125 0.45
4 0.56796875 0.6946703467138615 0.15 0.23455790802036286
4 0.95234375 0.96796875 0.0953125 0.0640625
4 0.76484375 0.9546875 0.2703125 0.090625
4 0.796875 0.8832714120782692 0.053125 0.06936816534054521
4 0.65859375 0.87265625 0.1921875 0.2546875
5 0.38984375 0.571875 0.0421875 0.04375
5 0.50859375 0.775 0.2796875 0.45
0 0.63828125 0.6798635067234065 0.0359375 0.07073067067154533
0 0.65625 0.7355413420591791 0.046875 0.04429544000636341
0 0.690625 0.7117225813971789 0.0265625 0.04562158267027261
0 0.771875 0.632199260741542 0.1203125 0.08733746268299925
0 0.80625 0.7349430000795418 0.0859375 0.07131247334499946
0 0.8359375 0.7931009454169052 0.0515625 0.059974984006999674
0 0.9171875 0.7799838747612684 0.1265625 0.11553518801718106
0 0.9890625 0.8453125 0.021875 0.06875
3 0.98671875 0.91796875 0.0265625 0.0421875
3 0.87109375 0.9005412754216777 0.0734375 0.05397952267663584
3 0.809375 0.8459168627466326 0.03125 0.0253636266709087
3 0.78671875 0.8120594834102237 0.0390625 0.03326703333863605
3 0.73671875 0.7333526807367695 0.0703125 0.06331816000954511
5 0.6421875 0.7103777100572701 0.0484375 0.12868862133990894
5 0.66015625 0.7402742953930427 0.0375 0.06293635200509069
5 0.67109375 0.7875 0.2546875 0.425
5 0.8 0.7770577747453601 0.084375 0.1556692920114539
5 0.809375 0.8420106127466326 0.0921875 0.16201019867918126
5 0.78046875 0.8390625 0.3734375 0.321875
5 0.9421875 0.89921875 0.115625 0.2015625
5 0.93984375 0.8708725040976774 0.0640625 0.1335579346753633
5 0.91875 0.815625 0.1625 0.36875