8 0.62578125 0.16875 0.1484375 0.259375
8 0.39496512557967034 0.1934643579328667 0.2386817466803503 0.2058885626989076
8 0.3888918667008758 0.08962174260027575 0.10367951190385671 0.09651246801399935
7 0.2043259691602038 0.058954639958638214 0.007903403590796198 0.015715906667727354
0 0.20424415592848724 0.04489213995863821 0.006286361436318444 0.006322725334181811
5 0.20430778844204456 0.05582963995863821 0.01269998789975162 0.03452045066836362
6 0.13804698418731842 0.790487545313501 0.036519282981095545 0.10041817067154532
6 0.3167845416634984 0.6251154419557747 0.025345433645025395 0.05966590133672707
6 0.6051385145361353 0.6342609859166402 0.028415891490547907 0.05032726400381797
6 0.5650356893023663 0.590193359922049 0.014380662567786473 0.054851132001908984
9 0.3984375 0.884375 0.603125 0.23125
6 0.4515135447867563 0.5501052566040938 0.011101126463433175 0.02825226933481808
6 0.6547385387366321 0.564929183243186 0.006404536104353475 0.026635225334181813
6 0.663336833916172 0.565610435908686 0.009447722872636889 0.012609088001272717
6 0.5960084333504378 0.5421734832511401 0.006340903590796287 0.01569772533418181
6 0.5436055960164203 0.5326263079249125 0.004778403590796287 0.01567954400063627
6 0.5288482044276768 0.5476427805935943 0.004805674668035031 0.02036704400063627
6 0.5210402496072165 0.5485149372613215 0.01101931323171641 0.014189769334818081
6 0.5140953580184728 0.563440503262276 0.009502265027114732 0.021984088001272717
6 0.4897084363755 0.5348160639322304 0.004769313231716588 0.01411704400063627
6 0.48655162011872133 0.5293836765993213 0.0031886325135573657 0.010973862667090906
6 0.4287300297596417 0.5284938859405027 0.0031886325135573657 0.010973862667090906
6 0.41625275565734066 0.5325455866088663 0.004760222872636888 0.01255454400063627
6 0.3771948008368805 0.5337813699475025 0.00477840359079611 0.01567954400063627
6 0.3647857044276767 0.5495518206158659 0.006377265027114642 0.021947725334181812
6 0.2874737706844554 0.5559205466263655 0.004787493949875809 0.01724204400063627
6 0.3298430778660477 0.5866796506206385 0.009547716822512698 0.029796588001272717
6 0.2415436471478885 0.5845818959659561 0.01269998789975162 0.03452045066836344
6 0.20316240319801274 0.5678398386378195 0.007948855386194253 0.023528406667727174
6 0.17496013514583597 0.5548858526416376 0.004769313231716543 0.01411704400063627
6 0.10094137304558756 0.5901244659850462 0.0063863553861942535 0.02351022533418181
6 0.1307561380727022 0.6116540206476827 0.012681807181592352 0.03139545066836362
6 0.02389760489521494 0.6425869419955457 0.01740566861791082 0.03769999466899989
8 0.85 0.90390625 0.3 0.1921875