8 0.3612132899029589 0.6255594567552232 0.04300566000954511 0.07080339600572713
6 0.42849114922823206 0.6857253447644501 0.0064499946689998925 0.01726022533418181
6 0.4555985418921413 0.7063560181014953 0.0064499946689998925 0.01726022533418181
5 0.38828125 0.71796875 0.0140625 0.0234375
0 0.3167723992282321 0.6844253794159508 0.004723862667090906 0.0031795440006362695
5 0.31745365189373215 0.6930282200827234 0.011173857336090798 0.02043976933481808
6 0.4197519485598685 0.69812534742995 0.007976132001908987 0.014153406667727176
6 0.46751728656114117 0.6893048781030862 0.004887494668999892 0.01724204400063627
7 0.4163002318985047 0.6590173940960865 0.006359088001272539 0.009447725334181811
5 0.416254778564641 0.6629236440960865 0.011192038669636162 0.02200226933481808
8 0.4383843172342773 0.6413031827657227 0.02549089600572696 0.04247840133672707
9 0.41133146857100444 0.6159850094286774 0.028397720003181703 0.023764764003817974
9 0.38920192990136815 0.6376054707590412 0.031577264003817974 0.02848862667090888
4 0.8151228239576838 0.06684588605981542 0.2418067866804538 0.10436242536599849
4 0.7767030245862763 0.3469055560550429 0.22407494135899872 0.19164424936345323
0 0.7899126439370029 0.2189169160566337 0.12569089067472694 0.060829506683635515
2 0.97890625 0.03828125 0.0421875 0.0578125
3 0.9502699832909111 0.06919982141149639 0.03944430800445424 0.03326703333863605
5 0.8359375 0.12421875 0.328125 0.2421875
5 0.8129576032384135 0.4543731580601337 0.3266577854073603 0.5490396733768161
6 0.1296875 0.878125 0.20625 0.24375
2 0.76953125 0.8578125 0.4609375 0.1875
5 0.76953125 0.87265625 0.4609375 0.2546875