8 0.16778386676476825 0.3832098713952675 0.04611247867599957 0.06901362041330898
6 0.2147139581078587 0.45481670580241884 0.007994313335454351 0.015670451795398145
6 0.23532645011135855 0.4804797811343839 0.007994313335454351 0.015670451795398322
5 0.16953125 0.4765625 0.0140625 0.025
0 0.11282419410404065 0.42728257914259393 0.004723862667090906 0.0031522710772389217
5 0.11135260077176792 0.43510416950167363 0.012736357336090798 0.020385222872636888
6 0.20466679610913135 0.46425079313643636 0.007976132001908987 0.014107951795397967
6 0.2500247494429949 0.4678934227231274 0.0064499946689998925 0.017223861436318443
7 0.2104986254375861 0.42827693170011794 0.006359088001272717 0.009411361436318443
5 0.20976282877144978 0.4321877268796577 0.011192038669636162 0.021938632513557366
8 0.23536226543599525 0.41641273595484396 0.027035214672181597 0.040779536104353656
9 0.21626682009863182 0.3868343202637995 0.028415901336727067 0.025163626463433175
9 0.1914395427673135 0.40182351600907323 0.031577264003817974 0.02830680718159222
5 0.6453125 0.24453125 0.23125 0.4890625
5 0.76484375 0.74453125 0.4703125 0.5109375
4 0.71484375 0.8984375 0.3703125 0.203125
1 0.7336157627307243 0.7719547297083281 0.22961696403563464 0.26381810206654455
2 0.796875 0.51796875 0.240625 0.0578125