8 0.41328125 0.06796875 0.1515625 0.1359375
8 0.828125 0.40078125 0.34375 0.3578125
9 0.7838290126511825 0.10341951857895859 0.1106658746817267 0.11221019334818116
9 0.6416591466422739 0.17068992926482132 0.10833975867281787 0.046567012014635714
9 0.570799017266094 0.48709672660727554 0.047584072008272214 0.06148294000636341
6 0.5418649479233217 0.5569552406110935 0.01124658267027261 0.02668976933481808
6 0.549768354591049 0.5490518339433662 0.009611357336090798 0.020421588001272716
6 0.5428280112587761 0.5413211499443207 0.011301126670908879 0.03137726933481808
8 0.24453125 0.834375 0.4890625 0.33125
1 0.6334251919160039 0.750650149268003 0.13815562269254436 0.1922067760184536
4 0.6375 0.78984375 0.296875 0.4203125
5 0.67265625 0.78984375 0.3671875 0.4203125