7 0.2390625 0.04375 0.221875 0.0875
5 0.25546875 0.23984375 0.5109375 0.4796875
0 0.9009170626591366 0.02881430464750958 0.023855670671545325 0.03607385538619425
0 0.98828125 0.02421875 0.0234375 0.0328125
7 0.8987727599856825 0.07882339500658919 0.033594297342454026 0.06737839754067196
7 0.96875 0.10546875 0.0625 0.1109375
5 0.94375 0.171875 0.1125 0.3375
5 0.9016795839831371 0.09755521428842995 0.06922380935709001 0.17539088544042353
0 0.5252239826145934 0.7074735523098186 0.07723520934118148 0.058257927594901206
3 0.5207632019414572 0.7551525282075175 0.04411362667090888 0.031504530054229284
4 0.5002956132638668 0.8357349076960128 0.13621131468808995 0.15859427088084707
5 0.46953125 0.828125 0.2984375 0.34375
7 0.6816916112746846 0.8131291755517978 0.03675566000954511 0.07052157825883114
0 0.6840177272835932 0.7474950851927182 0.02231135200509069 0.037627265027114554
5 0.6952268526018666 0.8583598623200812 0.10000218936981646 0.26931360226293644
8 0.81953125 0.73984375 0.3609375 0.5203125