9 0.76484375 0.30078125 0.4703125 0.4765625
7 0.9390625 0.4125 0.121875 0.253125
5 0.84921875 0.3046875 0.3015625 0.46875
4 0.16171875 0.77421875 0.3234375 0.4515625
5 0.24765625 0.76953125 0.4953125 0.4609375
5 0.38828125 0.76953125 0.2828125 0.4609375
3 0.56328125 0.641130556690613 0.0265625 0.026717036104353477
3 0.5921875 0.5983299783335859 0.021875 0.023564765027114732
3 0.6234375 0.6281992855151783 0.025 0.023582945745273955
3 0.68828125 0.5840452854169824 0.0296875 0.025172716822512698
3 0.66875 0.6526816559284873 0.0265625 0.025154536104353475
3 0.76015625 0.6086821919346448 0.025 0.023582945745273774
3 0.734375 0.6733759510098312 0.028125 0.026726126463433177
3 0.78671875 0.6525867280389984 0.0265625 0.026717036104353477
3 0.871875 0.6288634026088376 0.028125 0.028288626463433175
3 0.97734375 0.7224457518467118 0.03125 0.0298693071815924
3 0.909375 0.6837690712267483 0.0328125 0.02675339754067192
3 0.8171875 0.686357740041051 0.0296875 0.0298602168225127
0 0.98203125 0.67421875 0.0359375 0.0546875
0 0.91953125 0.6408594085607658 0.0484375 0.048719301131468204
0 0.8796875 0.5875026044042355 0.040625 0.04242384933607006
0 0.82734375 0.6348543273750684 0.0484375 0.048719301131468204
0 0.7953125 0.6120117250139362 0.040625 0.04554884933607006
0 0.76875 0.5735759389095827 0.0375 0.03928066861791084
0 0.74453125 0.6281225383438487 0.0453125 0.04713862041330898
0 0.6953125 0.5515625 0.040625 0.025
0 0.675 0.6113117673648057 0.0453125 0.048701120413308985
0 0.63359375 0.5899771228491958 0.04375 0.04556703005422928
0 0.5953125 0.55859375 0.040625 0.0390625
0 0.56875 0.5942873729473916 0.046875 0.050272710772388506
0 0.5359375 0.5578125 0.0125 0.0375
7 0.98984375 0.765625 0.0203125 0.090625
7 0.9421875 0.81953125 0.115625 0.2109375
7 0.89140625 0.7680395320973327 0.1328125 0.17889768052176755
7 0.86796875 0.6733719267111384 0.071875 0.07541815651766229
7 0.8015625 0.7729855864502548 0.134375 0.19296927088084717
7 0.71328125 0.7599719811622563 0.10625 0.166243144417414
7 0.77734375 0.6822196858845206 0.05625 0.07220225292686636
7 0.73984375 0.6484077672666098 0.075 0.06762383723582169
7 0.67890625 0.6371157432625048 0.09375 0.10210792154477702
7 0.64140625 0.7493975746445939 0.103125 0.17872496369925486
7 0.5921875 0.722548728333586 0.078125 0.1598295179539809
7 0.5890625 0.6365930476154267 0.034375 0.04238748789975162
7 0.56640625 0.72578125 0.0734375 0.1765625
5 0.965625 0.815625 0.06875 0.36875
5 0.915625 0.81796875 0.16875 0.3640625
5 0.87734375 0.80234375 0.1921875 0.3953125
5 0.84375 0.78203125 0.14375 0.4359375
5 0.78671875 0.8 0.1953125 0.4
5 0.7546875 0.79140625 0.14375 0.4171875
5 0.73359375 0.7624339058302914 0.1203125 0.4178874576491306
5 0.70234375 0.8 0.1796875 0.4
5 0.6578125 0.74609375 0.165625 0.4140625
5 0.63203125 0.790625 0.1609375 0.41875
5 0.596875 0.78203125 0.134375 0.4359375
5 0.5796875 0.75078125 0.1 0.4234375
5 0.578125 0.78203125 0.096875 0.4359375
5 0.54609375 0.740625 0.0328125 0.403125