8 0.259375 0.18984375 0.51875 0.3796875
7 0.11328125 0.1328125 0.2265625 0.265625
7 0.12734375 0.128125 0.2546875 0.25625
7 0.16640625 0.0203125 0.1359375 0.040625
5 0.18515625 0.02578125 0.1640625 0.0515625
5 0.23203125 0.17383941657480745 0.1375 0.28048745159900645
5 0.12265625 0.19453125 0.2453125 0.3890625
0 0.89140625 0.16213027781473405 0.146875 0.12116699375348397
3 0.884375 0.28092118443059244 0.0796875 0.058276108313060605
7 0.83203125 0.31953125 0.2828125 0.1390625
5 0.83203125 0.2390625 0.3359375 0.3
5 0.2984375 0.8416223350945223 0.0484375 0.10028180113146803
8 0.046875 0.88828125 0.09375 0.1203125
8 0.28984375 0.759375 0.4578125 0.48125