8 0.2546875 0.1859375 0.190625 0.371875
5 0.33515625 0.14453125 0.0296875 0.1453125
0 0.8203125 0.5484375 0.178125 0.103125
0 0.96875 0.40078125 0.0625 0.1734375
5 0.8046875 0.546875 0.29375 0.10625
5 0.34609375 0.925 0.0078125 0.01875
0 0.1767502722555892 0.9640625 0.004705680718159222 0.003125
7 0.17748152528065136 0.97265625 0.004742042154477844 0.009375
5 0.1766775493829523 0.9765625 0.006422716822512697 0.0296875
8 0.23057522990471996 0.84375 0.01414431323171641 0.0140625
7 0.07126334153742997 0.9671875 0.007876132513557366 0.0109375
5 0.07043209456249215 0.97578125 0.01272725897699054 0.0390625
7 0.006305962048934788 0.98671875 0.0063227228726368875 0.0125
5 0.0046875 0.98828125 0.009375 0.0234375
8 0.73828125 0.70625 0.5234375 0.2125