8 0.1140625 0.18515625 0.228125 0.3703125
0 0.8613252601553409 0.3078125 0.09902837334017534 0.1015625
0 0.925787735954844 0.2390625 0.08012383723582168 0.075
0 0.7556888593932151 0.20234375 0.04556703005422928 0.04375
0 0.659375 0.2484375 0.01875 0.08125
7 0.753340043332828 0.3375 0.0947499394987581 0.171875
7 0.84140625 0.43125 0.1734375 0.115625
7 0.925 0.3984375 0.10625 0.18125
3 0.910657639643836 0.28828125 0.034547716822512696 0.0296875
3 0.7546303534412867 0.25 0.029851126463433176 0.028125
5 0.91640625 0.34375 0.1671875 0.290625
5 0.8421875 0.36875 0.209375 0.240625
5 0.734375 0.33125 0.1625 0.315625
5 0.67421875 0.34453125 0.0484375 0.2890625
5 0.24296875 0.5953125 0.1078125 0.2125
5 0.09375 0.5828125 0.10625 0.1875
4 0.26371095853289334 0.54765625 0.03310339149054773 0.05
4 0.0890625 0.51796875 0.040625 0.0578125
0 0.26640625 0.50234375 0.0234375 0.0265625
3 0.2623120849963264 0.51953125 0.006295451795397966 0.0078125
4 0.97734375 0.87421875 0.0453125 0.1890625