5 0.023016739078101957 0.5192636052879984 0.00948408430895542 0.018804542154477667
0 0.1955366336919077 0.5437055899662961 0.004705680718159222 0.0031522710772389217
7 0.1954866367169698 0.5522993399662962 0.006304542154477666 0.009411361436318443
5 0.19702641081927075 0.5562146803253758 0.009547716822512698 0.029742042154477667
8 0.1337138654433392 0.4269357256031114 0.015706813231716542 0.014153403590796287
7 0.3010417451282262 0.5380691892041704 0.009438632513557366 0.010992042154477844
5 0.3025587933328281 0.54589077956325 0.01585225897699045 0.03915340359079629
7 0.3665940222555893 0.5509509842855144 0.007885222872636887 0.012545451795397965
5 0.3681247059988106 0.5564288246445939 0.011110216822512698 0.029751132513557366
7 0.4424116336919077 0.5451418667008758 0.004742042154477844 0.009402271077238922
5 0.44240254333282814 0.5467043667008757 0.007930674668035032 0.020357951795397965
8 0.89140625 0.21953125 0.2171875 0.4390625
8 0.71796875 0.40546875 0.4578125 0.4484375
5 0.13125 0.74140625 0.2625 0.2234375
8 0.81328125 0.6640625 0.1046875 0.06875
8 0.68828125 0.646875 0.0578125 0.034375