8 0.58984375 0.16171875 0.2015625 0.3234375
5 0.5589333887253154 0.18359375 0.02231135200509069 0.0375
7 0.5621220233927245 0.1890625 0.019022720003181705 0.0234375
8 0.97421875 0.26015625 0.0515625 0.2796875
8 0.92265625 0.04921875 0.1546875 0.0984375
8 0.17265625 0.8046875 0.3453125 0.390625
8 0.27890625 0.78203125 0.4203125 0.3453125
8 0.740625 0.8046875 0.503125 0.390625
7 0.58828125 0.7890625 0.1984375 0.359375
7 0.60546875 0.81484375 0.2328125 0.2765625
7 0.5828125 0.66875 0.134375 0.11875
5 0.59453125 0.671875 0.1640625 0.125
5 0.7013112453850885 0.81875 0.15149196403563464 0.2625
5 0.62890625 0.8046875 0.2796875 0.390625