7 0.0234375 0.1203125 0.046875 0.240625
5 0.08515625 0.3296875 0.1703125 0.659375
8 0.7546875 0.3296875 0.490625 0.659375
2 0.6239995396203949 0.217248670857406 0.042369307181592396 0.031495439695149674
2 0.7381291755517978 0.4749526074292977 0.06275453005422929 0.0441136143631848
3 0.6238313679774221 0.246154920857406 0.02198408430895533 0.01887726502711464
3 0.7425166937021704 0.5265423785065366 0.01886817466803503 0.020421584308955333
4 0.7907451154433393 0.5627616796380047 0.08503859621281214 0.11455337939029935
4 0.6469052536142372 0.30879127624360025 0.05842155405833438 0.10502384328594587
5 0.6403143651487516 0.3673486648072818 0.18796465007475477 0.3495192527304745
5 0.75390625 0.5515625 0.2171875 0.215625
5 0.45546875 0.8296875 0.1078125 0.340625
4 0.6296875 0.853125 0.240625 0.29375
5 0.66953125 0.8296875 0.3203125 0.340625
3 0.5453125 0.69296875 0.071875 0.0671875