8 0.2515625 0.3359375 0.25625 0.20625
5 0.2609375 0.39765625 0.053125 0.0828125
5 0.61796875 0.021875 0.0484375 0.04375
5 0.99296875 0.25078125 0.0140625 0.0453125
8 0.85234375 0.28984375 0.2953125 0.2984375
8 0.69609375 0.1234375 0.5671875 0.246875
4 0.06953125 0.50625 0.0953125 0.134375
0 0.03125 0.45390625 0.0625 0.0296875
5 0.1046875 0.58203125 0.209375 0.2859375
0 0.60546875 0.57890625 0.3265625 0.2796875
3 0.5484623094210874 0.7932757386853184 0.11189198770335977 0.16470791549465283
7 0.50546875 0.8140625 0.2515625 0.371875
5 0.57734375 0.71953125 0.3953125 0.5609375