8 0.2078125 0.15234375 0.303125 0.3046875
8 0.26912797660727544 0.1026024532543218 0.09378745735199914 0.13857269867918126
8 0.040766619271184676 0.12556942795195675 0.0748920066836356 0.12585452267663583
3 0.7119705519573656 0.2339342692552763 0.022038632001908986 0.014317038669636161
2 0.7074739559595928 0.21758256325591266 0.029905676002545435 0.019095445337363424
4 0.7123699939529112 0.2667376785885036 0.05837612133990877 0.04911020934118149
5 0.7227256912794571 0.31661040925368544 0.1229124306969986 0.22483746268299926
6 0.11271489194782056 0.8583161039147311 0.020730670671545326 0.03617385733609062
6 0.2460541032781844 0.8786365998965957 0.017605670671545327 0.03613749466899989
6 0.3200819492759571 0.8941792365531871 0.012863626670908701 0.03139545066836362
6 0.3249148999443207 0.8816246925525508 0.011301126670908702 0.03137726933481808
6 0.25576545794877514 0.8496212618953229 0.009684082670272431 0.02667158800127254
6 0.20370351861872943 0.8260115865690955 0.009647720003181703 0.023546588001272895
6 0.16798419462127478 0.8076797572406406 0.009611357336090798 0.02042158800127254
6 0.1836819199554566 0.8012479439051863 0.004887494668999892 0.01724204400063627
9 0.18865123062541098 0.7769746499045499 0.03012385200509069 0.03784544533736352
0 0.88046875 0.98359375 0.0765625 0.0328125
0 0.74609375 0.9953125 0.0328125 0.009375