8 0.153125 0.2296875 0.30625 0.440625
8 0.3 0.3796875 0.6 0.140625
5 0.48359375 0.4234375 0.0328125 0.053125
2 0.4739075942679046 0.4028264380448297 0.014126132513557366 0.011019313231716588
3 0.47539282621572776 0.4160985976857501 0.0063227228726368875 0.012536361436318444
4 0.4828125 0.43125 0.015625 0.0375
8 0.93046875 0.3359375 0.1390625 0.228125
8 0.671875 0.42265625 0.134375 0.0546875
8 0.3046875 0.8765625 0.378125 0.246875
5 0.2922717748878679 0.9456109192070861 0.00800339754067192 0.032857951795397966
4 0.7996797539088248 0.645437681503726 0.1857112827847039 0.230760162371395
3 0.756784247662309 0.49881721155795544 0.08475679508134384 0.06611587939029935
5 0.8 0.725 0.4 0.55