8 0.3828125 0.075 0.434375 0.15
8 0.5390625 0.06953125 0.121875 0.1390625
6 0.51796875 0.509375 0.1640625 0.18125
6 0.159375 0.8984375 0.146875 0.203125
6 0.30057060909862743 0.7694933259211402 0.20169080678880888 0.29178856596219116
1 0.8438802475641131 0.5519007840612501 0.11849651170746496 0.22568177693097127
0 0.8328125 0.47578125 0.2125 0.1140625
0 0.653125 0.696875 0.10625 0.3125
7 0.71328125 0.79765625 0.2265625 0.3203125
7 0.884375 0.709375 0.23125 0.58125
5 0.825 0.709375 0.35 0.58125
5 0.72421875 0.75703125 0.2484375 0.4859375