8 0.165625 0.225 0.33125 0.45
8 0.825 0.18203125 0.35 0.3640625
4 0.04140625 0.503125 0.0828125 0.10625
4 0.0953125 0.49375 0.096875 0.0875
4 0.27265625 0.4875 0.1484375 0.075
4 0.49296875 0.49921875 0.2109375 0.0984375
7 0.0953125 0.72578125 0.190625 0.2609375
7 0.3375 0.78125 0.246875 0.4375
1 0.40835246658182206 0.6741680373965425 0.023982940006363408 0.0471477200031817
0 0.4152479039226854 0.6187720127307242 0.057104522676635835 0.07409202800763595
0 0.5657569812619578 0.576767420751087 0.09342383068109025 0.10732269867918127
7 0.54375 0.83671875 0.2125 0.3265625
6 0.6109375 0.946875 0.078125 0.10625
5 0.4394201059039135 0.7573532547342241 0.11822602538190682 0.35913973734881743
5 0.52734375 0.76015625 0.2453125 0.4796875
5 0.2828125 0.77890625 0.35625 0.4421875
5 0.11953125 0.79765625 0.2390625 0.4046875
5 0.26484375 0.49609375 0.1765625 0.0921875
5 0.47734375 0.5046875 0.3265625 0.109375
3 0.7265625 0.55078125 0.153125 0.1734375
4 0.825 0.79375 0.35 0.4125
5 0.825 0.725 0.35 0.55