8 0.209375 0.175 0.41875 0.35
4 0.10511257196850146 0.14907122073133766 0.033212489337999786 0.03456589754067192
3 0.10225120130491039 0.12643315144949688 0.012645450668363622 0.012572722872636888
2 0.10085233330681938 0.11237974180857649 0.015770450668363623 0.012590903590796199
5 0.11126257463400151 0.15762860929501912 0.054415874681726525 0.11124657220870696
9 0.00625 0.2359375 0.0125 0.046875
4 0.375 0.88125 0.0875 0.225
3 0.37474217727563897 0.7474274283804682 0.0819954346753633 0.06453519867214012
2 0.3703125 0.59375 0.096875 0.103125
5 0.3078125 0.7640625 0.221875 0.471875
7 0.64921875 0.6859375 0.4609375 0.628125
5 0.6515625 0.675 0.465625 0.65