8 0.21953125 0.22109375 0.4390625 0.4171875
2 0.67890625 0.2614402233847704 0.03125 0.037863626670909055
2 0.91015625 0.3828810607494962 0.04375 0.044259077339272326
4 0.66875 0.341790794716725 0.05 0.0958943026734543
5 0.66875 0.315228294716725 0.1078125 0.1590670120146358
5 0.903125 0.371875 0.19375 0.115625
9 0.2953125 0.647513536043907 0.034375 0.031649989337999784
9 0.25546875 0.6376749120384982 0.0296875 0.026907945337363515
9 0.22890625 0.6248658293682257 0.034375 0.030087489337999783
8 0.1390625 0.6441329026893626 0.0359375 0.042605670671545325
0 0.203125 0.6370658373647258 0.0234375 0.0377727200031817
0 0.20625 0.7175709500318167 0.025 0.039353401336727246
4 0.21171875 0.6762283346992257 0.0328125 0.06444430800445425
4 0.20234375 0.779244246697953 0.034375 0.0785249893379997
5 0.2109375 0.6918442440324531 0.0640625 0.1444954346753633
5 0.2015625 0.8323601560311804 0.0953125 0.272984061346272
3 0.20390625 0.7425436780314986 0.0109375 0.00950226933481808
8 0.71953125 0.71484375 0.5609375 0.5703125
5 0.46796875 0.63671875 0.0578125 0.4140625