8 0.21015625 0.21484375 0.4203125 0.4296875
7 0.2056718145687773 0.23828125 0.028506808004454244 0.0328125
5 0.21352067723586812 0.23515625 0.04740225867281787 0.0453125
6 0.7207893792568671 0.08203125 0.0317590773392725 0.04375
9 0.8390625 0.21484375 0.321875 0.4296875
7 0.6078125 0.14296875 0.2375 0.2859375
5 0.61796875 0.21484375 0.2578125 0.4296875
6 0.2984375 0.93203125 0.109375 0.1359375
6 0.07421875 0.64296875 0.1484375 0.2671875
6 0.40703125 0.6140625 0.1640625 0.2875
6 0.0875 0.92109375 0.1 0.1578125
6 0.9122063619510022 0.715625 0.014498852005090868 0.0375
6 0.7689290766231839 0.675 0.014480670671545326 0.0359375
6 0.9715813619510023 0.715625 0.011264764003817974 0.028125
6 0.8 0.94453125 0.06875 0.1109375
6 0.7370069146244564 0.665625 0.012863626670908878 0.03125
6 0.8749881726209565 0.69140625 0.012881808004454598 0.0328125
6 0.7245341866247746 0.66328125 0.011282945337363515 0.0296875
6 0.5765694012969562 0.62265625 0.009611357336090798 0.0203125
6 0.6397233819621381 0.63359375 0.009611357336090798 0.0203125
6 0.69662736262732 0.64453125 0.009611357336090798 0.0203125
6 0.7479535052912292 0.66484375 0.009629538669636162 0.021875
6 0.7636694119589564 0.65703125 0.009593176002545256 0.01875
6 0.8135603239576839 0.66640625 0.008012494668999892 0.0171875
6 0.823416581954184 0.6921875 0.014462489337999785 0.034375
6 0.820418851289002 0.68125 0.008085220003181704 0.0234375
6 0.8181205546228657 0.67734375 0.006486357336090975 0.0203125
6 0.859544985956411 0.67578125 0.007994313335454351 0.015625
6 0.8836091946212749 0.6890625 0.008067038669636161 0.021875
6 0.8913944226209566 0.69140625 0.008048857336090976 0.0203125
6 0.9451824939529112 0.7015625 0.00804885733609062 0.0203125
6 0.9654404499522748 0.70625 0.008048857336090976 0.0203125