8 0.43671875 0.21953125 0.3265625 0.4390625
0 0.37994641740926927 0.1744589387332697 0.0426602146721816 0.04111589600572714
0 0.3392396014083148 0.1669549740610881 0.030087489337999783 0.034720445337363515
0 0.3014123374044967 0.13839362205599742 0.0426965773392725 0.04424089600572696
0 0.19786062340863292 0.1676533133752253 0.026944308004454333 0.03312158267027243
0 0.17713904340386039 0.13226070603913448 0.030087489337999783 0.034720445337363515
0 0.13346231608049627 0.2051800380330894 0.031540901336727066 0.025363626670908877
3 0.2908839174092693 0.17342260272117932 0.012663632001908986 0.014207950668363622
3 0.3458532280792236 0.1982776993952699 0.017405676002545434 0.01894999466899989
3 0.37339697274822353 0.21578337273231513 0.018986357336090796 0.020530676002545434
7 0.4115787727561777 0.2748134747374058 0.07198518268618095 0.14456816000954512
7 0.3511952560868597 0.2545822433959062 0.048202237348817435 0.1146079400063634
7 0.3042020774188143 0.24388055338954287 0.06706132535009016 0.12420111600890867
7 0.222053196093223 0.2999481927116343 0.03215906667727229 0.07848862667090888
7 0.1863151434197688 0.24953911270686185 0.06108404535327185 0.14756589067472703
7 0.13447138009226847 0.2918987880330894 0.043769276018453686 0.13642839600572695
7 0.01015625 0.2671875 0.0203125 0.146875
5 0.02265625 0.31640625 0.0453125 0.3671875
5 0.13724239143058642 0.3286448100334075 0.057960140038180084 0.28188634667409074
5 0.18125 0.3046875 0.1 0.390625
5 0.21603955342931375 0.3201879673774525 0.07427603071290693 0.34144316000954494
5 0.303125 0.30703125 0.090625 0.3859375
5 0.3546875 0.32265625 0.0625 0.3546875
5 0.40546875 0.325 0.1015625 0.35
0 0.6913368087205429 0.1231589733847704 0.0786704400063634 0.047784066677272106
0 0.8190350947246792 0.15510950206872415 0.07298406134627208 0.09614884134309047
3 0.8184447487269063 0.17150666140195145 0.039535214672181594 0.04107953333863605
3 0.6954254193984516 0.2060078360518613 0.04596702800763595 0.05677725867281787
4 0.6640625 0.3625 0.128125 0.275
7 0.859375 0.35546875 0.15625 0.2890625
5 0.87890625 0.29765625 0.2421875 0.4046875
5 0.67890625 0.25 0.1578125 0.5
5 0.53359375 0.56875 0.1328125 0.1375
5 0.16484375 0.75 0.3296875 0.5
8 0.9749872920909958 0.8621963907542687 0.0366829346753633 0.06448067067154532
5 0.99609375 0.95 0.0078125 0.025
0 0.9318463667647683 0.9140310634149962 0.004723862667090728 0.0031795440006362695
5 0.9319372734324954 0.9218435634149962 0.009593176002545434 0.01885908800127254
7 0.669973622772086 0.9648828493793615 0.00793976933481808 0.011028406667727354
5 0.6716270294398132 0.9727135307129069 0.01293635200509069 0.037645450668363625
7 0.7334639581078587 0.9835879433879521 0.006395450668363623 0.01257272533418181
5 0.73359375 0.98671875 0.0109375 0.0265625
9 0.99296875 0.8734375 0.0140625 0.025
7 0.8068832767743132 0.9828799660645879 0.004796588001272539 0.00942954400063627
5 0.8076827081078587 0.9844515567313608 0.0064681760025454334 0.018822725334181813