8 0.37421875 0.175 0.5703125 0.35
8 0.3296875 0.2515625 0.659375 0.196875
7 0.6453125 0.1390625 0.028125 0.034375
2 0.6432527500397709 0.10909921009704097 0.017387494668999894 0.017387494668999894
5 0.6328125 0.15078125 0.053125 0.1015625
8 0.8296875 0.175 0.340625 0.35
0 0.2562549260820871 0.8351146280633153 0.14831132535009015 0.1251465453532717
3 0.28411739143058645 0.9471424607335879 0.07881589067472686 0.060284066677272465
7 0.26015625 0.9609375 0.2859375 0.078125
5 0.25390625 0.8828125 0.3703125 0.234375
7 0.78515625 0.4796875 0.1859375 0.259375
5 0.8046875 0.675 0.290625 0.65