8 0.78359375 0.21484375 0.4328125 0.4296875
8 0.58515625 0.2734375 0.6140625 0.3125
7 0.8096688740275461 0.11683103522059071 0.033048849336070066 0.04081589754067192
5 0.8120308047457054 0.11371967075921016 0.03779089149054791 0.05021816861791084
8 0.10901384729296656 0.7300718994855796 0.19063513212077385 0.27141243344863364
5 0.1875 0.99140625 0.01875 0.0171875
6 0.35923708197126436 0.5895953277678518 0.053624969749379046 0.08624657220870695
6 0.5414501391528568 0.5594043546006273 0.028452252926866352 0.056413626463433175
6 0.6866671903825207 0.5766560079950318 0.02522725897699054 0.039207945745273774
6 0.8160728892510527 0.62584800779864 0.022093168617910663 0.037627265027114734
6 0.8869848320694601 0.6575116191367627 0.017378397540672098 0.03291249394987581
6 0.8940888049420972 0.645052525752621 0.014253397540672097 0.03289431323171641
6 0.8310757205349459 0.5985906162098964 0.012663626463433175 0.028197722872636888
6 0.7836240036142372 0.5631571102579681 0.012645445745273775 0.02507272287263689
6 0.9055297781093217 0.8271564986252578 0.04742042154477701 0.09402271077238851
6 0.956638281036188 0.7712019352953454 0.025336343285945872 0.05795794574527378
6 0.9929121243221338 0.7135985135541767 0.011101126463433175 0.028188632513557365
6 0.9743984736582039 0.6728644292452213 0.009538626463433175 0.028179542154477665
6 0.9697427899149826 0.6673684081679824 0.009547716822513052 0.029742042154477843
6 0.9915405218628057 0.6807769231950971 0.011110216822512698 0.029751132513557366
6 0.9954467718628057 0.6807996490927961 0.006413626463433175 0.028161361436318443
6 0.9595319977605048 0.6766843208339649 0.009520445745273776 0.025054542154477843
6 0.751742744539051 0.537189507896836 0.012627265027114731 0.02194772287263689
6 0.7697296752572103 0.5341690470262515 0.00791249394987581 0.017232951795397966
9 0.503125 0.78671875 0.4875 0.4265625
9 0.7784597806434045 0.5107815440011894 0.03618293969514959 0.04239657825883114