7 0.7484375 0.33671875 0.003125 0.0234375
5 0.74765625 0.340625 0.0046875 0.05
0 0.4026643742239379 0.2763291332009284 0.006286361436318444 0.006286361436318444
0 0.39638255796715927 0.2818342446372468 0.0063045421544778435 0.009411361436318443
7 0.40336381099222135 0.2903870880213885 0.00789431323171641 0.014107951795397967
7 0.3955149495559029 0.29668253981678666 0.009502265027114732 0.021929542154477667
5 0.39472915437636313 0.2974683349963264 0.009620439695149585 0.04224204215447784
5 0.4056666543763631 0.2974047024827692 0.01434430113146803 0.048519313231716585
6 0.15859375 0.75 0.1734375 0.5
6 0.4984375 0.75 0.4625 0.5
5 0.853125 0.75 0.20625 0.5