8 0.31953125 0.35078125 0.6390625 0.2359375
2 0.5945378787029283 0.40458556527482 0.017323855386194253 0.02353749394987581
3 0.5923123033709633 0.42488442973620055 0.012554542154477844 0.009447722872636889
4 0.5900458214231401 0.43815204419758114 0.02991475897699054 0.0392352168225127
5 0.5953125 0.43125 0.065625 0.075
6 0.85390625 0.365625 0.1828125 0.20625
6 0.71328125 0.353125 0.1171875 0.23125
6 0.6515625 0.3140625 0.025 0.209375
8 0.2625 0.734375 0.525 0.53125
8 0.34921875 0.73515625 0.5796875 0.5296875
8 0.78828125 0.734375 0.2984375 0.53125
7 0.6700009661351417 0.6291446828594586 0.04398634933607006 0.040879530054229285
5 0.6700055113146816 0.6299259328594585 0.056686337235821685 0.07532725292686618