8 0.2046875 0.33203125 0.409375 0.5546875
9 0.115625 0.49296875 0.23125 0.2328125
0 0.9568024283804683 0.2934343492202779 0.06590680113146803 0.04920111600890866
2 0.8973234101318998 0.17772808056177752 0.05953862646343318 0.02881589067472685
4 0.9516745668459539 0.234904233887687 0.08024201190385653 0.09623974801081774
4 0.61796875 0.06171875 0.1578125 0.1234375
3 0.5990000605012421 0.02730355593573024 0.06732385538619426 0.024219297342454114
3 0.8964285306434044 0.19726842122855032 0.029787493949875808 0.017532945337363513
5 0.925 0.271875 0.15 0.246875
5 0.63359375 0.14921875 0.2578125 0.2984375
8 0.2046875 0.85625 0.409375 0.2875
8 0.075 0.725 0.15 0.23125
2 0.6856076426688981 0.8917569546069573 0.02989657825883114 0.036282945337363516
2 0.9383917542034125 0.9474053285725953 0.04243293969514959 0.042678396005727134
4 0.69375 0.96171875 0.046875 0.0765625
5 0.6875 0.93359375 0.103125 0.1328125
5 0.9265625 0.93984375 0.146875 0.1203125