8 0.234375 0.16484375 0.46875 0.3296875
0 0.10803729732083908 0.2598038095192834 0.009402271077238922 0.004742042154477666
7 0.10731058947531684 0.2691742643397436 0.015697722872636887 0.012590903590796287
5 0.10498047501393622 0.27150437880112416 0.0220658975406721 0.03293976502711473
0 0.1105310382456528 0.28559869505790286 0.009402271077238922 0.004742042154477666
7 0.10589808040013056 0.29494642398066395 0.015706813231716587 0.014153403590796287
5 0.10826910147736939 0.2996475595192834 0.022065897540671918 0.03293976502711473
6 0.8828125 0.0046875 0.00625 0.009375
6 0.8296875 0.00859375 0.00625 0.0171875
6 0.8188919423274283 0.05802314090137255 0.01434430113146803 0.048519313231716585
6 0.7795885478118184 0.016389631924382142 0.007985216822512697 0.029732951795398053
6 0.7555334242752515 0.04437373135864808 0.01272725897699054 0.03913522287263689
6 0.7507550206844554 0.028721460281409206 0.008021578258831142 0.03598295179539805
6 0.9525220537637468 0.06505036660267986 0.015952252926865994 0.05634090359079611
6 0.8942419211519936 0.11861572813719423 0.027035198672140125 0.08140453610435347
6 0.6714447705862595 0.09310160196834869 0.02069429508134384 0.06574317466803503
6 0.6103390989432865 0.06384082796424365 0.014326120413308985 0.04539431323171659
6 0.6359749031980128 0.03899081888905727 0.009602258976990541 0.039117042154477664
6 0.6960038881708981 0.0174657977136226 0.009556807181592398 0.031304542154477664
6 0.77265625 0.00703125 0.0078125 0.0140625
6 0.8215038579202771 0.5666032553627531 0.15781354176169415 0.2696590359079618
6 0.8703125 0.959375 0.06875 0.08125
6 0.8630293243500062 0.8558975595192834 0.09161584913967821 0.17083974082661788