8 0.0265625 0.18515625 0.053125 0.0984375
0 0.45859375 0.3109375 0.0015625 0.009375
7 0.4578125 0.3296875 0.003125 0.025
7 0.45546875 0.34375 0.0078125 0.075
8 0.7296875 0.2796875 0.540625 0.51875
0 0.7963990012730937 0.24731730230981858 0.015824994668999892 0.017278403590796288
3 0.7945728719366848 0.2699826426688981 0.009538632001909164 0.014117042154477843
7 0.7902757232654577 0.30359911856659727 0.030378390674726852 0.0595477168225127
5 0.7902939045990032 0.30203661856659714 0.042097688017181056 0.12679884933607005
1 0.831863239258458 0.6010377208295334 0.226309056015272 0.11380901170746487
4 0.53828125 0.65703125 0.1578125 0.2359375
4 0.76875 0.715625 0.4625 0.1375
5 0.54453125 0.6625 0.1703125 0.246875
5 0.7296875 0.659375 0.540625 0.240625