8 0.05390625 0.2046875 0.1078125 0.409375
9 0.36328125 0.1890625 0.0109375 0.053125
9 0.2203125 0.1046875 0.040625 0.0578125
9 0.32734375 0.159375 0.0828125 0.075
9 0.35078125 0.2734375 0.0359375 0.075
0 0.01484375 0.3421875 0.0109375 0.009375
7 0.00703125 0.37109375 0.0140625 0.0390625
5 0.0140625 0.39375 0.028125 0.1125
0 0.24375 0.2984375 0.0078125 0.0078125
4 0.23828125 0.31953125 0.0125 0.03125
5 0.23671875 0.3375 0.021875 0.0890625
5 0.25078125 0.33671875 0.0234375 0.0921875
5 0.1703125 0.44140625 0.0359375 0.115625
5 0.20078125 0.44609375 0.0390625 0.1078125
5 0.22109375 0.44453125 0.0296875 0.1109375
5 0.24140625 0.44296875 0.0359375 0.1140625
5 0.2328125 0.38046875 0.0125 0.0171875
5 0.25703125 0.3703125 0.01875 0.0375
0 0.25859375 0.36015625 0.0140625 0.015625
7 0.2546875 0.37734375 0.0125 0.015625
0 0.27421875 0.3578125 0.0109375 0.0109375
7 0.27265625 0.38828125 0.01875 0.046875
5 0.2734375 0.38359375 0.021875 0.0671875
0 0.2609375 0.3875 0.0140625 0.015625
7 0.2640625 0.4171875 0.01875 0.0390625
5 0.2625 0.43984375 0.03125 0.1203125
7 0.240625 0.421875 0.0296875 0.0453125
7 0.22265625 0.4234375 0.0234375 0.046875
7 0.203125 0.4296875 0.034375 0.046875
7 0.171875 0.4234375 0.0328125 0.0421875
0 0.17734375 0.39140625 0.0125 0.015625
0 0.2015625 0.3984375 0.0125 0.0140625
0 0.2296875 0.3890625 0.009375 0.0109375
0 0.246875 0.39296875 0.0125 0.0125
0 0.25546875 0.296875 0.0109375 0.009375
0 0.28671875 0.30546875 0.0125 0.0125
0 0.296875 0.2984375 0.0109375 0.0125
0 0.325 0.353125 0.0109375 0.0125
0 0.29296875 0.35625 0.0125 0.0140625
0 0.30625 0.3921875 0.0125 0.015625
0 0.31796875 0.4 0.0125 0.0140625
0 0.36484375 0.378125 0.0078125 0.015625
6 0.35234375 0.36015625 0.0109375 0.03125
5 0.35703125 0.428125 0.0234375 0.11875
5 0.33125 0.3828125 0.0328125 0.0765625
5 0.2921875 0.440625 0.0375 0.11875
5 0.3125 0.4421875 0.0375 0.115625
5 0.29375 0.3828125 0.0234375 0.0671875
5 0.284375 0.325 0.0171875 0.05625
5 0.29609375 0.32109375 0.0171875 0.0609375
7 0.36171875 0.4109375 0.0140625 0.046875
7 0.32734375 0.37734375 0.01875 0.0296875
7 0.3125 0.428125 0.0265625 0.04375
7 0.2953125 0.42578125 0.0265625 0.0484375
7 0.29375 0.384375 0.0203125 0.04375
7 0.28359375 0.33046875 0.015625 0.0359375
7 0.2953125 0.32578125 0.015625 0.03125
7 0.2515625 0.321875 0.0203125 0.0328125
6 0.25703125 0.1703125 0.0078125 0.0265625
6 0.2484375 0.1625 0.0078125 0.0203125
6 0.25390625 0.1546875 0.0078125 0.03125
5 0.9984375 0.1296875 0.003125 0.009375
8 0.99140625 0.1421875 0.0171875 0.046875
8 0.665625 0.12734375 0.59375 0.2546875
8 0.08515625 0.7859375 0.1703125 0.35625
8 0.27734375 0.75 0.1828125 0.5
0 0.8171875 0.5234375 0.08125 0.046875
4 0.80546875 0.65859375 0.1828125 0.23125
5 0.803125 0.68515625 0.25625 0.3703125