8 0.15078125 0.18203125 0.3015625 0.3640625
6 0.6087540979471843 0.8078125 0.05098179201145392 0.084375
6 0.5584546532861385 0.76640625 0.027144302673454135 0.05
6 0.5972267992918655 0.72421875 0.02236589600572696 0.0421875
6 0.5509694172899565 0.73828125 0.02231135200509069 0.0375
6 0.12307004193191222 0.9203125 0.05268974267981754 0.096875
6 0.19350126794241174 0.84296875 0.03829997867599957 0.06875
6 0.2556745512810479 0.80390625 0.030323846674090583 0.0546875
6 0.29657227128422947 0.78046875 0.02400112133990895 0.0484375
6 0.3554387412874112 0.75703125 0.025527258672817865 0.0453125
6 0.438487598623502 0.73671875 0.02074885200509069 0.0375
6 0.5183569119589564 0.72109375 0.017587489337999786 0.034375
6 0.5919216812937746 0.71015625 0.019204533338636053 0.0390625
9 0.61875 0.6328125 0.1 0.103125
9 0.49797223396722873 0.66015625 0.15928518801718106 0.1265625
9 0.334375 0.9046875 0.66875 0.190625
2 0.6276420999761374 0.59453125 0.011064769334818082 0.0109375
3 0.6282960806413194 0.60546875 0.006359088001272539 0.009375
4 0.6312029046387739 0.62421875 0.020694308004454598 0.0328125
5 0.6356449566359105 0.6453125 0.04351473734881743 0.1140625