8 0.2859375 0.33984375 0.365625 0.6796875
8 0.15859375 0.50546875 0.3171875 0.3484375
8 0.02109375 0.10703125 0.0421875 0.0609375
8 0.379486957988546 0.025 0.04251476400381797 0.028125
9 0.3331568506524552 0.0453125 0.042532945337363515 0.0296875
7 0.2030649825748224 0.6171875 0.030160214672181596 0.040625
5 0.2038553232415951 0.61640625 0.036519302673454226 0.05
8 0.70234375 0.29140625 0.4671875 0.5609375
6 0.39765625 0.85625 0.1421875 0.2875
3 0.40974114922823207 0.90234375 0.06649770401018137 0.075
2 0.3922371179185492 0.728125 0.10577838001272663 0.09375
5 0.35390625 0.83984375 0.2296875 0.3203125
4 0.93984375 0.9125 0.1203125 0.175
3 0.9217915419716831 0.83203125 0.0665340666772721 0.078125
0 0.91328125 0.7421875 0.1546875 0.125
5 0.878125 0.83984375 0.24375 0.3203125