8 0.0375 0.4390625 0.075 0.140625
8 0.19528829789945917 0.44903396028140924 0.08522952267663583 0.07392837939029953
8 0.43769397390200454 0.43169296593874995 0.05859429734245403 0.06752384328594588
8 0.4064894272358681 0.4276049087571576 0.14009883601209036 0.089871541958086
8 0.884375 0.41953125 0.23125 0.1796875
8 0.7578125 0.35078125 0.45625 0.3171875
8 0.97421875 0.503125 0.0421875 0.0125
8 0.27109375 0.7546875 0.5171875 0.490625
9 0.92265625 0.9375 0.1546875 0.125
0 0.8241796506206385 0.762791933252242 0.03492044000636341 0.04707498789975162
0 0.97734375 0.70625 0.0453125 0.075
7 0.8186916246021848 0.8987067073545429 0.08312267735518084 0.16141019867214013
7 0.965625 0.89140625 0.06875 0.2171875
3 0.8213722766152296 0.8026220477136226 0.026889764003817974 0.028279536104353565
5 0.9421875 0.7890625 0.115625 0.421875
5 0.8140625 0.83203125 0.1625 0.3359375