8 0.21484375 0.2984375 0.4296875 0.596875
2 0.36988852271640676 0.25091289807445116 0.034574994668999895 0.017587489337999786
5 0.3345600973901792 0.30283847740290587 0.12036813868554468 0.1404442813494537
5 0.7703125 0.3296875 0.459375 0.659375
4 0.80703125 0.425 0.3859375 0.46875
1 0.87109375 0.0390625 0.2015625 0.078125
2 0.07744648404677057 0.8603573393539081 0.12823518268618095 0.14522268801718105
1 0.09170043539145187 0.9441056306890445 0.0507272533418178 0.06308180267345449
4 0.12890625 0.7109375 0.1109375 0.103125
5 0.17421875 0.7953125 0.2796875 0.271875
5 0.1125 0.89296875 0.225 0.2140625
5 0.68203125 0.8296875 0.5046875 0.340625