8 0.3221802512730937 0.2437634694064057 0.20932155068427177 0.13210561736154425
4 0.22299731659773042 0.3066805453930427 0.03030566534054522 0.05347044533736352
2 0.21802855327023013 0.2636481607256337 0.014189769334818081 0.011101132001908987
3 0.21787401193509393 0.27692941072563365 0.012627269334818081 0.011082950668363623
5 0.2172922092616396 0.32692941072563364 0.05007382001908987 0.14118862133990878
9 0.51875 0.27109375 0.121875 0.0421875
8 0.98515625 0.07421875 0.0296875 0.1484375
8 0.66640625 0.3625 0.1734375 0.353125
8 0.34453125 0.815625 0.3359375 0.36875
8 0.1109375 0.78828125 0.221875 0.3921875
7 0.76796875 0.871875 0.1953125 0.25625
1 0.7730540499681833 0.7156748320734966 0.07109429734245402 0.06800566000954511
0 0.7712199246499098 0.6047009694064057 0.08995338534372666 0.07759883601209036
5 0.78984375 0.77734375 0.4203125 0.4453125