8 0.25390625 0.14296875 0.2921875 0.2859375
8 0.3340970207272244 0.08015304908836471 0.09849313868554468 0.13962610226293623
8 0.11335780673136062 0.1119080848981306 0.07959768801718106 0.1270170179539809
8 0.0171875 0.109375 0.034375 0.071875
8 0.0265625 0.1 0.053125 0.0875
4 0.8106697060789054 0.20188312422393792 0.012754538669636162 0.02194772287263689
4 0.915311752745042 0.19736782016560356 0.007976132001908809 0.014107951795398144
4 0.9810731127466326 0.20870477508425953 0.028743165340545218 0.05328862646343317
4 0.7575628874124509 0.20375469643264488 0.014317038669636161 0.02195681323171641
2 0.8097157334102236 0.1870439194034777 0.004778406667727353 0.007839771077238922
2 0.9144305054105419 0.1887786153451433 0.0031977253341818113 0.0062681807181594
2 0.9752316454089509 0.1767053413410382 0.015824994668999892 0.017278403590796288
2 0.7566270960773146 0.19047799161218473 0.006340906667727353 0.007848861436318444
5 0.7568361814130873 0.20844674161218474 0.020876121339908772 0.04855567466803503
5 0.8106697060789054 0.20188312422393792 0.016097714672181594 0.04071590359079611
5 0.9153390247453601 0.19971157016560354 0.011264764003817974 0.028188632513557365
5 0.9787293627466326 0.208718410622879 0.04000792934436319 0.08147725897699054
8 0.19609375 0.7859375 0.3921875 0.428125
8 0.6734375 0.86953125 0.546875 0.2609375