8 0.09765625 0.078125 0.1953125 0.15625
8 0.275 0.17265625 0.1875 0.3453125
7 0.0739117613146815 0.11708969203531652 0.011010222872636977 0.012627269334818081
5 0.07389358059652226 0.11396469203531652 0.01418067466803503 0.020476132001909165
8 0.07168164080317671 0.1365936700349984 0.10223518657189175 0.11680678668045381
2 0.3602401467551051 0.18760437607413297 0.009438632513557366 0.011046588001272718
5 0.3609375 0.1984375 0.015625 0.0375
8 0.93515625 0.14609375 0.1296875 0.2921875
8 0.61015625 0.37265625 0.1671875 0.1921875
8 0.43515625 0.2421875 0.1328125 0.259375
8 0.5606481711519936 0.130679477363135 0.23106923458010192 0.2401726560311804
0 0.46789304459036457 0.16631643801718105 0.009438632513557366 0.011046588001272718
7 0.4726896288993201 0.18512098201781732 0.015779536104353474 0.02674431333545435
5 0.47506974033563854 0.19139825401813554 0.028497704722264317 0.06438976400381798
9 0.184375 0.734375 0.36875 0.53125
5 0.4234375 0.734375 0.109375 0.53125