8 0.1578125 0.24765625 0.315625 0.4421875
7 0.17843879459741227 0.3655639718906783 0.020603401336727067 0.02511817466803503
5 0.1767853879296851 0.37336738153159865 0.035029528007635945 0.05644998789975162
8 0.3640625 0.4203125 0.15 0.096875
6 0.8828125 0.1796875 0.234375 0.359375
3 0.70558090790105 0.3218230622497579 0.08065111067790856 0.0832761083130606
2 0.6761490412555945 0.1653912550681655 0.10419769867918127 0.09278746369925486
4 0.7390625 0.41875 0.20625 0.1
5 0.77890625 0.27109375 0.4421875 0.3953125
8 0.14375 0.59375 0.2875 0.25
8 0.31015625 0.7078125 0.2578125 0.478125
9 0.02734375 0.5890625 0.0546875 0.046875
5 0.41171875 0.55390625 0.0546875 0.0921875
8 0.71953125 0.734375 0.5609375 0.53125