8 0.15625 0.2 0.3125 0.4
8 0.85 0.17734375 0.3 0.3546875
2 0.97734375 0.13203125 0.0453125 0.0359375
3 0.9749473986208266 0.1784814647794093 0.015734084308955332 0.018840903590796286
4 0.98671875 0.2203125 0.0265625 0.103125
5 0.91875 0.08515625 0.153125 0.1703125
5 0.93984375 0.24140625 0.1203125 0.2703125
8 0.18564959104645062 0.7842416271508041 0.3663169090517453 0.38961805366555086
0 0.3059853378249969 0.6452649646812134 0.020403403590796287 0.015743174668035032
7 0.3026012625912278 0.6898143953993726 0.040970433645025395 0.05961134933607006
5 0.29084160597536945 0.6969138230924699 0.0710397287263694 0.12540906615858277