8 0.27890625 0.24296875 0.3796875 0.4859375
7 0.42421875 0.25390625 0.0890625 0.2578125
7 0.446875 0.09609375 0.04375 0.1265625
5 0.43203125 0.0828125 0.0734375 0.165625
5 0.39020125654110355 0.2843279855620605 0.123493083916172 0.2788340480082102
0 0.65078125 0.1421875 0.3640625 0.284375
3 0.5793530974893584 0.4493586088040399 0.15743174668035032 0.20403403590796182
7 0.79296875 0.5859375 0.3078125 0.246875
5 0.73046875 0.3546875 0.5234375 0.709375
8 0.775 0.8546875 0.45 0.290625
5 0.95234375 0.73125 0.0265625 0.04375