8 0.36171875 0.290625 0.1765625 0.31875
6 0.0265625 0.43046875 0.021875 0.0390625
6 0.13515625 0.42578125 0.0234375 0.0484375
6 0.2203125 0.42578125 0.025 0.0484375
4 0.0609375 0.43984375 0.03125 0.0203125
2 0.06619190539463356 0.409375 0.017442038669636162 0.021875
5 0.06640625 0.421875 0.0640625 0.05625
1 0.58359375 0.3578125 0.2671875 0.184375
2 0.5984375 0.0890625 0.296875 0.178125
5 0.725 0.225 0.55 0.45
8 0.32161520206077 0.75703125 0.23795781739336092 0.4421875
8 0.04140625 0.8203125 0.0828125 0.23125