8 0.12734375 0.1140625 0.2546875 0.2
8 0.17734375 0.3734375 0.2640625 0.23125
5 0.678125 0.24453125 0.64375 0.4890625
4 0.70546875 0.32578125 0.4578125 0.3265625
1 0.66484375 0.12109375 0.2265625 0.2421875
8 0.27578125 0.71015625 0.0671875 0.1203125
8 0.1546875 0.70390625 0.309375 0.4296875
5 0.5934297539088249 0.863302168045816 0.02051248789975162 0.03461135733609062
5 0.5805353650505557 0.6623572860439071 0.02842498184962743 0.05188976400381797
5 0.31171875 0.80859375 0.0046875 0.0296875
5 0.31484375 0.66953125 0.0109375 0.0453125
4 0.3125 0.6640625 0.00625 0.015625
4 0.31171875 0.81015625 0.0046875 0.0140625
2 0.3109375 0.6515625 0.003125 0.00625
2 0.5845734252572102 0.6397464893777707 0.006286361436318444 0.006322725334181811
4 0.5883751361277947 0.6577606927116343 0.009502265027114732 0.021984088001272717
4 0.5957416876520462 0.8687981900461341 0.011019313231716588 0.014189769334818081
2 0.5903820219610016 0.8499845553787251 0.007848861436318444 0.006340906667727353
8 0.762135343875121 0.6043100707351787 0.15388859016268777 0.13303177068745348
8 0.53671875 0.63671875 0.3328125 0.2953125
8 0.4125 0.81328125 0.20625 0.1734375
8 0.7421875 0.871875 0.390625 0.25625
8 0.815625 0.68203125 0.36875 0.3859375
9 0.8735773588040399 0.5188821954169052 0.031413626463433174 0.02848862667090888
9 0.8860091811109427 0.5307463960852689 0.02668067466803521 0.020621582670272608
9 0.8969421359314029 0.5316549154200869 0.026653403590795932 0.01593408267027261
9 0.9102552021881815 0.5263407067552233 0.02510908430895533 0.01904090133672707
9 0.9211654311109427 0.5311554760900413 0.021938632513557366 0.011192038669636162