8 0.43671875 0.33984375 0.2640625 0.4546875
2 0.5182475685944696 0.27109375 0.01728749394987581 0.0171875
3 0.5199600595192834 0.296875 0.007876132513557366 0.0109375
4 0.5240117552645573 0.321875 0.04090680113146803 0.0484375
5 0.5123657281371943 0.334375 0.08678290339440445 0.1453125
5 0.39034021633153343 0.17421875 0.034838608313060605 0.0796875
8 0.85625 0.409375 0.2875 0.7
7 0.9240344811622563 0.31796875 0.039280668617910665 0.0375
5 0.9248202763417961 0.31875 0.051962475799503235 0.06875
4 0.284375 0.8796875 0.56875 0.240625
5 0.284375 0.8796875 0.56875 0.240625
0 0.76484375 0.79609375 0.1984375 0.0734375
4 0.6109375 0.859375 0.084375 0.2
4 0.9625 0.93203125 0.075 0.1171875
5 0.63125 0.8796875 0.125 0.240625
5 0.77578125 0.8796875 0.2421875 0.240625
5 0.9578125 0.85625 0.084375 0.19375
5 0.953125 0.8796875 0.09375 0.240625