8 0.45546875 0.28984375 0.2078125 0.5796875
6 0.46484375 0.7501559559988106 0.0296875 0.0814227168225127
6 0.54453125 0.6075048476857501 0.009375 0.025054542154477666
6 0.5078125 0.675687221124121 0.0171875 0.05009999394987581
6 0.5375 0.6208270043016084 0.0109375 0.031313632513557364
6 0.52578125 0.6396451819947055 0.0125 0.03757272287263689
6 0.5515625 0.5973076910698918 0.00625 0.021911361436318444
6 0.33203125 0.9484375 0.0671875 0.103125
6 0.55625 0.5894679199926529 0.00625 0.018786361436318445
6 0.55859375 0.58515625 0.0015625 0.0109375
6 0.25078125 0.6599950851927182 0.0078125 0.028170451795398142
7 0.41171875 0.5895275282075175 0.0046875 0.007839771077238922
7 0.36171875 0.6007559196980653 0.0046875 0.007839771077238922
7 0.353125 0.5968996666730032 0.0078125 0.018795451795398144
2 0.2609375 0.5974359978587007 0.0046875 0.009402271077238922
2 0.3078125 0.5932570370863122 0.0046875 0.009402271077238922
2 0.3515625 0.5836275070320829 0.003125 0.007830680718159223
5 0.26171875 0.6107127026791609 0.0140625 0.042269313231716586
5 0.3078125 0.6018507870863121 0.0109375 0.029751132513557366
5 0.35078125 0.59140625 0.0109375 0.0234375
5 0.36171875 0.5984121696980653 0.00625 0.012536361436318444
5 0.40546875 0.589563889643836 0.009375 0.017242042154477666
5 0.4125 0.5871792330279778 0.00625 0.009411361436318443
4 0.26171875 0.6177439526791609 0.009375 0.021929542154477667
4 0.3078125 0.6057570370863121 0.009375 0.018804542154477667
3 0.721875 0.66328125 0.153125 0.1671875
7 0.8515625 0.728125 0.296875 0.296875
5 0.7796875 0.74375 0.440625 0.328125