8 0.17109375 0.19453125 0.3421875 0.3890625
2 0.31875 0.009375 0.05 0.01875
2 0.0796875 0.01015625 0.04375 0.0203125
3 0.08005386338317955 0.034136189007778615 0.023655676002545433 0.018886355386194254
4 0.054990776058224534 0.09570494808296495 0.062155649347544896 0.10504202400410509
4 0.32109375 0.07578125 0.1046875 0.1515625
5 0.31640625 0.18671875 0.2546875 0.3734375
5 0.2734375 0.05234375 0.15 0.1046875
5 0.07890625 0.1640625 0.1578125 0.328125
5 0.85859375 0.19453125 0.2828125 0.3890625
8 0.5828125 0.5328125 0.246875 0.2875
2 0.8615663980346803 0.5611900892789251 0.02843408267027243 0.026726126463433177
3 0.8478038900381801 0.5868895260472085 0.015861357336090974 0.020403403590796287
4 0.8517743220480434 0.6595639567653678 0.06073860001590816 0.1175329336450254
5 0.8432260253819068 0.6634202097904299 0.10120106269890768 0.23807269262201594