8 0.26484375 0.23984375 0.5296875 0.4796875
9 0.15625 0.22578125 0.3125 0.3515625
8 0.76484375 0.271875 0.4703125 0.415625
3 0.09140625 0.484375 0.0421875 0.009375
3 0.23433707592114014 0.5114804598886258 0.04402271077238851 0.047129530054229284
3 0.3615626512531051 0.5325338241536146 0.04564884328594587 0.058076120413308986
3 0.43346037715080427 0.529045730671277 0.058167024004104916 0.06127384328594587
4 0.46171875 0.73984375 0.1359375 0.5203125
4 0.3752382901113743 0.733401432564871 0.061474872947391644 0.3612829336450254
4 0.24052746770627548 0.656052616504484 0.12188513212077404 0.2710124576491305
4 0.07748711222188538 0.613696423980664 0.13273172852997775 0.25545109016268785
5 0.08984375 0.73984375 0.1796875 0.5203125
5 0.24375 0.73984375 0.196875 0.5203125
5 0.35859375 0.73984375 0.1640625 0.5203125
5 0.43125 0.73984375 0.196875 0.5203125
5 0.5953280763139237 0.9318191892041703 0.048955650467538095 0.08934430113146803
4 0.5891053473911625 0.9270953277678519 0.02208407825883114 0.03606476502711473
8 0.7499933712970718 0.8022458395735127 0.18311352361132158 0.3213669816532356
8 0.76484375 0.73984375 0.4703125 0.5203125
7 0.5866399193052818 0.6794163518701528 0.01428066861791084 0.03758181323171659
0 0.5976955939733168 0.6591674843837102 0.007867042154477666 0.009420451795398143
5 0.5896876512531051 0.6927157825883121 0.025472698672140127 0.08139544574527377
9 0.9183489824388026 0.6024372579950319 0.019104524004104916 0.061046584308955334
9 0.8870717113615637 0.6069429508134394 0.05042724687674216 0.07372839149054773