8 0.27578125 0.146875 0.4984375 0.29375
5 0.363624600121637 0.08991945540963542 0.015779536104353474 0.026653403590796286
8 0.784375 0.16953125 0.43125 0.3390625
7 0.73203125 0.196875 0.3265625 0.284375
7 0.71953125 0.24296875 0.3015625 0.1921875
3 0.7993454941462674 0.045727531232579666 0.09250566256778647 0.055223831185697445
2 0.78125 0.0078125 0.13125 0.015625
7 0.645756885833207 0.12630588642238222 0.13042381908544912 0.12731699980360828
2 0.6657471989667277 0.04728600693388698 0.054842036104353474 0.026880662567786606
5 0.6390625 0.10703125 0.140625 0.1734375
5 0.76953125 0.16953125 0.4015625 0.3390625
0 0.1705472866935287 0.44616945540963543 0.06763292759490129 0.07695338544042354
4 0.13446836524694747 0.6049677384889268 0.10427947560311139 0.19903746369925485
5 0.121875 0.7015625 0.1625 0.596875
5 0.91640625 0.415625 0.1671875 0.153125