8 0.115625 0.11953125 0.23125 0.2390625
8 0.30625 0.23125 0.346875 0.4625
5 0.3546836686028211 0.08369568472518 0.051018154678545 0.0877908914905479
8 0.81796875 0.28984375 0.3640625 0.5796875
2 0.23984375 0.80546875 0.4796875 0.2796875
5 0.23984375 0.8125 0.4796875 0.375
8 0.7296875 0.7828125 0.403125 0.40625
2 0.7510137759389119 0.680711585290914 0.01894999466899989 0.01729658430895533
3 0.7530666246021849 0.7056979497522946 0.007957950668363623 0.012545451795397965
4 0.758235382598685 0.731447383495516 0.044349984006999674 0.05181703005422929
5 0.7463620912635487 0.744796811188613 0.09391472668681722 0.1489738311856974
5 0.61875 0.60625 0.0375 0.053125