8 0.2546875 0.21953125 0.46875 0.4390625
7 0.2594877052435042 0.24296875 0.026907945337363515 0.0296875
2 0.25907917258118573 0.2109375 0.014226132001908986 0.0140625
5 0.26195872457832226 0.23203125 0.03344884667409058 0.0546875
8 0.25076723325114014 0.77421875 0.23446700135263548 0.1421875
8 0.634375 0.87265625 0.290625 0.2546875
9 0.92734375 0.71953125 0.1453125 0.5609375
5 0.49609375 0.75546875 0.0140625 0.1515625
7 0.9544120432845478 0.5625 0.01938634667409076 0.0546875
0 0.9595995299570473 0.51953125 0.012718176002545434 0.01875
5 0.9526313672820024 0.58125 0.02987040802036276 0.15