8 0.15390625 0.31864806527482 0.134375 0.13671927088084707
9 0.86328125 0.20203325789683593 0.0359375 0.03458407825883114
9 0.79296875 0.19303044173825318 0.0328125 0.0298783975406721
9 0.821875 0.1994486133812261 0.0296875 0.026735216822512696
8 0.55078125 0.2252151860809124 0.03125 0.034556807181592396
9 0.58046875 0.23163790290342517 0.0328125 0.0314408975406721
3 0.5328125 0.29229814695149675 0.009375 0.010992042154477844
0 0.52890625 0.27352542105379773 0.0234375 0.03451135538619425
5 0.55390625 0.36195211679907163 0.0734375 0.216052246876742
4 0.66015625 0.23600776121648562 0.0328125 0.056440897540672094
0 0.653125 0.19612310460062732 0.0171875 0.021974993949875808
5 0.66875 0.2759015081914235 0.06875 0.18789997579950324
7 0.078125 0.8369839330558502 0.015625 0.02196590359079629
5 0.07734375 0.8299481378763105 0.021875 0.04387726502711473
8 0.24453125 0.809375 0.4890625 0.38125
8 0.19296875 0.809375 0.3859375 0.38125
8 0.67734375 0.809375 0.3765625 0.38125
8 0.85546875 0.74296875 0.2546875 0.2484375
8 0.96484375 0.646875 0.0703125 0.05625