8 0.35078125 0.184375 0.4578125 0.36875
8 0.15390625 0.184375 0.3078125 0.36875
7 0.203125 0.19976090595163853 0.028125 0.039389764003817974
5 0.2046875 0.19896147461809316 0.034375 0.047274989337999784
8 0.28984375 0.64921875 0.5796875 0.5609375
2 0.3703125 0.37109375 0.0125 0.0046875
3 0.36796875 0.37609449725495814 0.009375 0.009484088001272716
4 0.371875 0.40339279392109456 0.021875 0.04087953866963616
5 0.36796875 0.4 0.0328125 0.0625
6 0.71015625 0.75859375 0.2609375 0.4828125
5 0.7171875 0.75703125 0.275 0.4859375