8 0.346875 0.153125 0.265625 0.30625
0 0.30698825986075323 0.04160869955590289 0.040852258976990366 0.039298849336070064
0 0.268761552015231 0.032456413353353496 0.028315897540672097 0.032976126463433175
0 0.234375 0.01171875 0.040625 0.0234375
0 0.1328649586310892 0.026216024593280273 0.026744307181592396 0.031404536104353474
0 0.06783940144949688 0.05784327449508435 0.031395445745273955 0.02518180718159222
3 0.22108257611753182 0.036639919305281855 0.011010222872636888 0.012563632513557365
3 0.27170929001317834 0.06290698263519427 0.01728749394987581 0.01728749394987581
3 0.29738145570422303 0.08150699171038056 0.01885908430895533 0.01885908430895533
7 0.3290718172387373 0.1399143893492484 0.067996541958086 0.1394533854404237
7 0.2729536274453917 0.11758539227611475 0.0459488251355733 0.10963862041330899
7 0.22771385031802877 0.10534901268942357 0.06476245764913066 0.12068520472226432
7 0.14461954918656056 0.15426830172064337 0.030123837235821682 0.0751727168225127
7 0.11444169067710833 0.10444556372269584 0.05863972267624522 0.14252384328594586
7 0.061098522059197524 0.1422546359314029 0.04138859016268785 0.13148634933607006
5 0.06167069380036629 0.17818759075186302 0.05470672247985346 0.27218407220870694
5 0.10390625 0.1828125 0.0953125 0.365625
5 0.13747012451852553 0.1746217083365016 0.06909647540671973 0.3285158854404237
5 0.221875 0.18359375 0.0875 0.3671875
5 0.27097751610726917 0.18868823263519427 0.05829533079291398 0.35188975292686636
5 0.3193150221573934 0.20559393150372623 0.09588623438371009 0.367732921544777
8 0.82421875 0.403125 0.1171875 0.03125
9 0.52578125 0.40546875 0.0234375 0.0265625
7 0.6390625 0.603125 0.31875 0.36875
5 0.73984375 0.709375 0.5203125 0.58125