8 0.31342915740142524 0.19103600693388695 0.26273739109776423 0.31089308996629617
8 0.1109375 0.23203125 0.221875 0.3640625
2 0.809375 0.18359375 0.31875 0.3671875
5 0.77109375 0.334375 0.4578125 0.66875
4 0.8421875 0.49609375 0.315625 0.3453125
1 0.8874706453993728 0.44392063329912423 0.20573289129415606 0.18087833703942985
8 0.21171875 0.834375 0.4140625 0.33125
5 0.33839331684595386 0.9281860281093216 0.030060204722264318 0.0642352168225127
8 0.82265625 0.90234375 0.3546875 0.1953125
2 0.8837376331027326 0.9867070552366848 0.02043067466803521 0.02043067466803521
5 0.7405148739293503 0.8969183682720097 0.04425906010845857 0.08775453005422947