8 0.36953125 0.2421875 0.2203125 0.384375
8 0.8623564950300302 0.28724020206076994 0.2275442587805987 0.1713862933640895
0 0.6495666453011768 0.065999359365044 0.006304542154477666 0.009447725334181811
7 0.6447746061717612 0.08391356536440764 0.009502265027114553 0.02198408800127254
7 0.7199190101553408 0.3285544507081344 0.018977258976990364 0.03928067600254544
5 0.6455740368899204 0.08079765603118041 0.01583407825883132 0.03611931333545435
5 0.7199462812325796 0.3238669507081345 0.02851588544042354 0.06751476400381798
0 0.7247837721573933 0.2981402447087708 0.011010222872636888 0.012627269334818081
7 0.4328125 0.51875 0.09375 0.11875
7 0.26640625 0.4890625 0.1296875 0.059375
5 0.25234375 0.65390625 0.2078125 0.3890625
5 0.40078125 0.69296875 0.1578125 0.4671875
5 0.6930000453759315 0.569298176718634 0.04427724082661779 0.0911340773392725
0 0.70390625 0.503125 0.0796875 0.0875
7 0.6037188558771736 0.7401459313733163 0.18969077653818775 0.37874426002545325
5 0.6171875 0.7296875 0.25 0.540625