8 0.3109375 0.2171875 0.115625 0.13125
9 0.1449646046988232 0.2399608829063408 0.15493293969514968 0.04308744554888211
8 0.634375 0.0984375 0.340625 0.196875
7 0.28714301433974365 0.7757064436039746 0.03160452400410509 0.0611193071815924
3 0.28306404751723085 0.7460416695016736 0.0063136325135573655 0.010973861436318445
0 0.28761973731057644 0.7233581484244347 0.022029536104353653 0.02668976502711473
5 0.2661719841873184 0.7969229134515494 0.07452834308955403 0.1879272468767419
8 0.184375 0.76484375 0.36875 0.4703125
1 0.8418158370394299 0.709100205704223 0.09286927693097127 0.11772383118569749
1 0.5225118460164204 0.7500216841360048 0.10854881908544911 0.1271897347764937
2 0.541456767855785 0.6491268046475096 0.10508747579950324 0.06935905405833438
2 0.8199948583130606 0.5842229255517978 0.1363738372358217 0.07579086123992677
4 0.78203125 0.90703125 0.2921875 0.1859375
4 0.4921875 0.90859375 0.246875 0.1828125
5 0.7703125 0.76484375 0.459375 0.4703125
5 0.50625 0.79296875 0.275 0.4140625