8 0.15 0.21015625 0.3 0.4203125
1 0.6406390167488599 0.39921875 0.128689716024817 0.1828125
3 0.5679442147119524 0.12734375 0.08226815467854501 0.0875
4 0.6203125 0.3265625 0.321875 0.40625
5 0.58359375 0.26484375 0.5265625 0.5296875
2 0.24308331142581396 0.7203125 0.06962270401018138 0.075
2 0.353125 0.5765625 0.0875 0.059375
2 0.49765625 0.55625 0.1265625 0.053125
2 0.64921875 0.5671875 0.1421875 0.075
2 0.79375 0.56484375 0.1125 0.0703125
4 0.5135197967059073 0.7546875 0.23494081070972522 0.3171875
4 0.36953125 0.65 0.1203125 0.071875
4 0.32421875 0.85859375 0.0296875 0.2796875
4 0.6952152393777707 0.79296875 0.36978852538190693 0.3578125
4 0.8424345900302258 0.68828125 0.15832267202418074 0.178125
5 0.8515625 0.76484375 0.296875 0.4703125
5 0.728125 0.76484375 0.534375 0.4703125
5 0.52421875 0.76484375 0.4296875 0.4703125
5 0.409375 0.76796875 0.2 0.4640625
5 0.38046875 0.796875 0.1421875 0.40625