8 0.31953125 0.18984375 0.6390625 0.3796875
0 0.1934014410698918 0.3411228862259904 0.011019313231716588 0.014126132513557366
7 0.18157815194047622 0.3591598139190875 0.020439765027114733 0.021993174668035208
5 0.18474860373587426 0.35132913320092846 0.02677157825883114 0.0360920361043533
1 0.73515625 0.3078125 0.1921875 0.14375
2 0.7421875 0.13125 0.20625 0.209375
5 0.81953125 0.18984375 0.3609375 0.3796875
5 0.2609375 0.68984375 0.521875 0.6203125
4 0.19140625 0.7859375 0.3828125 0.428125
1 0.17688312422393793 0.5527780037124332 0.18866356596219108 0.20109084308955402
0 0.759375 0.3890625 0.028125 0.01875
0 0.8394154613615636 0.3968330516224475 0.023564765027114732 0.022011355386194253
0 0.9042501210024841 0.3980183017206433 0.01259999394987581 0.01726022287263689
0 0.8875 0.38828125 0.028125 0.0171875
0 0.8901148981298471 0.4106001149523599 0.047120439695149584 0.042460210772388506
0 0.9815393288480063 0.4069433289462022 0.026717036104353296 0.026717036104353477
7 0.99375 0.4875 0.0125 0.025
7 0.96875 0.48359375 0.0625 0.1015625
7 0.9108450337666625 0.472977395104785 0.02866133118569749 0.09235112646343317
7 0.8796586662802198 0.4622217022863774 0.06292724687674181 0.07380111436318479
7 0.8366853711006799 0.4632529371610669 0.04737496974937905 0.08621021077238851
7 0.8722956181738137 0.5192938589022357 0.08995335518980241 0.15364315046753826
7 0.9859375 0.54296875 0.028125 0.1703125
3 0.757329669207086 0.40668529547412746 0.00947499394987581 0.017242042154477666
7 0.7398740036142373 0.45287903942400315 0.061537463699254856 0.1034795240041051
3 0.8369171752572102 0.4234091871610669 0.014144313231716766 0.014144313231716587
3 0.8922404795119363 0.4480864794137405 0.021993174668035208 0.020439765027114733
3 0.9782461572050334 0.4358677596643615 0.014153403590795931 0.015706813231716587
5 0.97421875 0.61328125 0.0515625 0.4421875
5 0.9578125 0.5265625 0.084375 0.275
5 0.9084376512531052 0.48392853064340446 0.05893061416679295 0.19252384328594588
5 0.88671875 0.4484375 0.0890625 0.1375
5 0.8319115126894235 0.4781239582383058 0.06831470452587274 0.19414088544042354
5 0.746875 0.4859375 0.0875 0.2125
5 0.83671875 0.58671875 0.2078125 0.4140625