8 0.3328125 0.365625 0.20625 0.228125
8 0.1765625 0.40625 0.353125 0.146875
6 0.4983850413689108 0.41246801607254213 0.017660198672140127 0.0814499946689999
8 0.55078125 0.3015625 0.1765625 0.11875
8 0.665625 0.09296875 0.053125 0.1859375
8 0.93828125 0.23203125 0.1234375 0.4640625
3 0.1947140989432866 0.7717782867202249 0.0235284035907962 0.015897720003181702
2 0.19852035499341084 0.7546362400540885 0.03136817466803503 0.02067612667090888
4 0.19101238202257803 0.8068890833863612 0.06123748184962743 0.0522715720082723
5 0.17802656869266556 0.8575157920512249 0.13417605386194262 0.23592041335136288
3 0.66796875 0.6171875 0.0578125 0.1375
4 0.72265625 0.6703125 0.1671875 0.24375
5 0.81953125 0.64765625 0.3609375 0.3359375
5 0.76171875 0.8765625 0.2453125 0.246875