8 0.0875 0.24609375 0.175 0.3453125
5 0.050856955409635377 0.2925345873647258 0.01896816861791084 0.037718176002545345
7 0.0531734343323965 0.297249359365044 0.017323855386194253 0.023637494668999892
6 0.8617353680756178 0.3516770614258139 0.036328385440423716 0.06760567067154533
6 0.5993489975641131 0.3290913473901792 0.020630662567786652 0.0549238573360908
6 0.46965695238457333 0.3283635467059073 0.019004530054229286 0.043968176002545344
9 0.71484375 0.45625 0.5703125 0.165625
4 0.7650745123948359 0.17944697807922366 0.011092036104353654 0.02668976933481808
5 0.7657966750608185 0.18961231874599632 0.01759656615858276 0.07051249466899989
4 0.7515625 0.68515625 0.221875 0.2921875
4 0.46328125 0.7265625 0.0671875 0.375
5 0.721875 0.76953125 0.328125 0.4609375
5 0.51796875 0.76953125 0.1765625 0.4609375