8 0.625 0.2296875 0.75 0.459375
8 0.6265625 0.0578125 0.49375 0.115625
7 0.440625 0.105489120703362 0.0234375 0.0612102200031817
4 0.4921875 0.10608910471036168 0.009375 0.037609088001272536
5 0.51328125 0.11336580271322508 0.0625 0.13822725334181776
0 0.22890625 0.8265625 0.0421875 0.059375
0 0.14375 0.8437698233609078 0.1296875 0.12025905068427178
3 0.221875 0.8696788900381801 0.0375 0.05043635200509087
4 0.18203125 0.96328125 0.1359375 0.0734375
5 0.165625 0.88359375 0.16875 0.2328125
1 0.39375 0.765625 0.2875 0.46875
4 0.52578125 0.91953125 0.5515625 0.1609375
5 0.5875 0.7296875 0.675 0.540625