4 0.87421875 0.05625 0.1609375 0.1125
5 0.81875 0.15234375 0.278125 0.3046875
9 0.4564505087805987 0.8449726532962085 0.011001132513557365 0.011001132513557365
8 0.46593004791001436 0.8629959454506864 0.02362839754067192 0.032948855386194256
9 0.5166067587805987 0.8453226321207739 0.004732951795398144 0.007839771077238922
9 0.5236516443192182 0.8477072887366323 0.007867042154477666 0.009420451795397966
9 0.519818117191855 0.8601845628389331 0.011037493949875809 0.017251132513557366
9 0.524555614166793 0.868805583916172 0.01259999394987581 0.01726022287263689
9 0.5416431202169172 0.8517180778660478 0.007876132513557366 0.010982951795397966
9 0.5448090268327754 0.858767508584207 0.009456813231716588 0.014117042154477843
9 0.5371237918598901 0.8805970567888088 0.014171584308955331 0.01883181323171641
8 0.72109375 0.88515625 0.5578125 0.2296875