8 0.34609375 0.134375 0.2078125 0.26875
8 0.85390625 0.15078125 0.2921875 0.2359375
8 0.375 0.45625 0.15 0.3375
8 0.303125 0.75703125 0.29375 0.3734375
8 0.06875 0.7984375 0.1375 0.228125
8 0.09041942515901438 0.5650094599868216 0.08747377068445542 0.264562469749379
7 0.044910961557955445 0.7327191347530525 0.014207945745273953 0.02508181323171659
5 0.043353006737495293 0.731928794393973 0.01736930718159222 0.03134999394987581
0 0.03950584407151272 0.7217498184962738 0.0063045421544778435 0.009411361436318443
0 0.1468996666730032 0.9286315984523072 0.01258181323171641 0.014135222872636887
3 0.14761273897990607 0.9403548936318471 0.007867042154477843 0.009420451795397966
7 0.15302240164588862 0.9505429598886257 0.022020445745273776 0.02512726502711473
5 0.1530769438003663 0.9411679598886258 0.025227258976990363 0.039207945745273774
7 0.42023769360397445 0.8130303661117007 0.015752265027114732 0.02196590359079629
0 0.4172081423743105 0.7966059353935414 0.009420451795398322 0.007867042154477843
5 0.41471894662903674 0.8215922998549219 0.030051114363184438 0.0626727168225127
0 0.31507503327568315 0.35693438133520694 0.006295451795398144 0.007848861436318444
7 0.32126594594166563 0.36712699277152544 0.011037493949875809 0.017251132513557366
5 0.319717081480285 0.3647741524124458 0.014217036104353476 0.026644313231716586
9 0.3296875 0.9625 0.196875 0.075
9 0.21015625 0.9703125 0.0921875 0.059375
9 0.13828125 0.97734375 0.1828125 0.0453125
9 0.06702126913233127 0.9609804901392469 0.09402271077238851 0.04742042154477701
8 0.1265625 0.8984375 0.253125 0.134375
8 0.66640625 0.69765625 0.4328125 0.6046875
8 0.87109375 0.84609375 0.2578125 0.3078125