8 0.51015625 0.26953125 0.3390625 0.3390625
8 0.03203125 0.09296875 0.0640625 0.1859375
4 0.94609375 0.08828125 0.1078125 0.1765625
5 0.89296875 0.234375 0.2140625 0.46875
3 0.334375 0.6889822494108249 0.54375 0.3375384449597071
4 0.365625 0.76328125 0.628125 0.4734375
5 0.33984375 0.734375 0.6796875 0.53125
0 0.69453125 0.48125 0.0296875 0.025
0 0.775 0.4872758663080923 0.0359375 0.03614657825883114
0 0.859375 0.49636049569839163 0.0375 0.03459316861791084
0 0.73515625 0.5151690621515621 0.0359375 0.03927157825883114
0 0.79921875 0.5381980168738264 0.0375 0.03459316861791084
0 0.87578125 0.5402059444687277 0.04375 0.040879530054229285
3 0.8640625 0.5784190167756306 0.0234375 0.017323855386194253
3 0.85234375 0.5283508390825334 0.021875 0.020439765027114733
3 0.78984375 0.5709559747193487 0.01875 0.015734084308955332
3 0.76953125 0.5200565500513136 0.0234375 0.018886355386194254
3 0.728125 0.5534094055357037 0.0265625 0.020467036104353475
3 0.68984375 0.51015625 0.0203125 0.0203125
7 0.6984375 0.578125 0.0375 0.115625
7 0.76640625 0.5630071193331544 0.0296875 0.0298602168225127
7 0.8375 0.579826980671277 0.05 0.07060339149054791
7 0.859375 0.6596417456983916 0.09375 0.153670421544777
7 0.7890625 0.6436076795398089 0.084375 0.14267837939029934
5 0.8359375 0.6641928903121974 0.125 0.3788522287263693
5 0.84921875 0.7197389083643742 0.13125 0.4054510901626879
5 0.7828125 0.6881025681034905 0.115625 0.3397351865718917
5 0.7484375 0.64609375 0.09375 0.3546875
5 0.7296875 0.67265625 0.1 0.3640625
5 0.70234375 0.640625 0.0453125 0.34375