8 0.4203125 0.19375 0.51875 0.3875
5 0.5528583970496926 0.08828125 0.03313066256778665 0.0546875
8 0.76796875 0.26953125 0.1765625 0.5390625
8 0.83984375 0.19375 0.3203125 0.3875
7 0.7932480894753168 0.20234375 0.031495439695149584 0.0421875
5 0.791681044295777 0.2015625 0.03779998184962743 0.0515625
0 0.590625 0.9515625 0.178125 0.096875
0 0.96640625 0.9671875 0.0671875 0.065625
0 0.9484375 0.80078125 0.103125 0.1078125
0 0.7524407614128774 0.86015625 0.07054884933607006 0.040625
3 0.97578125 0.828125 0.0484375 0.0375
4 0.748166872751 0.93125 0.07703519867214012 0.08125
4 0.89296875 0.90859375 0.2140625 0.1828125
5 0.7566560836215844 0.91328125 0.10239881303532491 0.14375
5 0.8921875 0.87109375 0.215625 0.2578125