8 0.17734375 0.140625 0.2421875 0.28125
8 0.03984375 0.16484375 0.0796875 0.3296875
9 0.35016556723873726 0.21614120969223408 0.1097295240041051 0.0615738251355733
2 0.4159314678044714 0.1923042547735779 0.011001132513557365 0.011001132513557365
5 0.4166172690341353 0.20871504995311785 0.025272710772388508 0.047020445745273774
6 0.4408178383159761 0.21198095051885185 0.017405668617910663 0.03759999394987581
6 0.36264738652057804 0.21933893256487097 0.01739657825883114 0.03603749394987581
6 0.5201871757481896 0.26713205883191227 0.022156801131468028 0.04856476502711473
8 0.49765625 0.18046875 0.1828125 0.1953125
8 0.83046875 0.10625 0.3390625 0.2125
9 0.29453125 0.66484375 0.5890625 0.6703125
4 0.1515625 0.34453125 0.040625 0.0296875
4 0.0046875 0.35859375 0.009375 0.0578125
5 0.14375 0.346875 0.0625 0.034375
5 0.975 0.475 0.05 0.290625
5 0.846875 0.66484375 0.30625 0.6703125
5 0.7046875 0.66484375 0.23125 0.6703125
2 0.65390625 0.4203125 0.1296875 0.18125
2 0.87421875 0.39375 0.1609375 0.128125
4 0.98046875 0.40078125 0.0390625 0.1203125
4 0.8984375 0.86328125 0.203125 0.2734375
4 0.69296875 0.89609375 0.2078125 0.2078125
1 0.6751615429400446 0.7023907644379394 0.17023172852997775 0.2556692587805986
1 0.93125 0.61796875 0.1375 0.2140625