8 0.2125 0.334375 0.425 0.66875
9 0.203125 0.6203125 0.3875 0.096875
9 0.26875 0.5140625 0.321875 0.309375
9 0.69296875 0.00390625 0.0453125 0.0078125
9 0.5671875 0.0171875 0.0625 0.034375
9 0.590625 0.0140625 0.05 0.028125
9 0.4796875 0.01953125 0.05625 0.0390625
8 0.7986163246445939 0.15869516384433285 0.111746541958086 0.13970791549465283
8 0.48828125 0.284375 0.1171875 0.25625
5 0.21484375 0.834375 0.4296875 0.33125
4 0.71484375 0.8671875 0.5703125 0.265625
1 0.76484375 0.76171875 0.4703125 0.1859375
5 0.71484375 0.834375 0.5703125 0.33125