8 0.25546875 0.28125 0.4109375 0.4375
4 0.24709898261459334 0.32289468285945855 0.02692612667090888 0.031404536104353474
0 0.2435563592855022 0.29162195696175947 0.012627269334818081 0.011010222872636888
3 0.2457364772835932 0.30569809250037894 0.00948408800127254 0.009429542154477666
5 0.24247511728200238 0.3173986617822197 0.04603975334181776 0.06276362041330881
8 0.76484375 0.0984375 0.4703125 0.196875
8 0.31015625 0.81484375 0.3796875 0.3703125
8 0.21484375 0.51875 0.1609375 0.0375
4 0.22403365260982078 0.7697191650036735 0.015897720003181702 0.023528403590796287
2 0.21878307861236612 0.7509373487468949 0.007921588001272717 0.009420451795398143
5 0.22332512794400258 0.7634646198241337 0.03012385200509069 0.0376727168225127
9 0.90234375 0.51796875 0.0671875 0.0359375
6 0.8268864799490933 0.5463589330558503 0.01111931333545435 0.015688632513557364
6 0.8135688672820024 0.5494066650036735 0.01268181333545435 0.015697722872636887
6 0.7971171639481387 0.5532174662333376 0.01111931333545435 0.015688632513557364
6 0.7822279606142752 0.5570373578220812 0.011155676002545434 0.018813632513557367
6 0.7712631886139569 0.5593174753085238 0.011173857336090798 0.020376132513557365
6 0.7626421666136387 0.561611228333586 0.012718176002545434 0.018822722872636886
9 0.6174387546149115 0.5513908249391815 0.11041133601209037 0.0896988251355733
9 0.7360887572804116 0.5606754422292324 0.04098862667090888 0.031486349336070064
8 0.7327904872692756 0.6426930566906129 0.12799882535009016 0.12417381908544911