8 0.24884306274073725 0.24486863504764012 0.3252464814568439 0.3128192043294808
1 0.7 0.159375 0.28125 0.28125
4 0.7796875 0.30234375 0.440625 0.2953125
5 0.7796875 0.225 0.440625 0.45
6 0.4062651981811608 0.6939288246445939 0.026862481849627428 0.05171703610435348
6 0.2844947373105764 0.7111885266363838 0.023682939695149674 0.04232385538619425
6 0.17700494505790285 0.7660300418598901 0.022111349336070063 0.04075226502711473
6 0.10392196906200793 0.8265402949831481 0.025272710772388553 0.047020445745273774
6 0.03243330932289168 0.8925283884654857 0.018986349336070064 0.04073408430895533
6 0.14921875 0.97265625 0.0578125 0.0546875
9 0.4078125 0.84453125 0.303125 0.3109375
4 0.5389090056573407 0.5314248003459012 0.014207945745273776 0.02508181323171659
5 0.5413072978118184 0.5408134358845207 0.02539088544042354 0.06733294574527396
8 0.7796875 0.725 0.440625 0.55