8 0.37109375 0.18984375 0.2765625 0.3796875
7 0.01171875 0.0609375 0.0234375 0.078125
3 0.00390625 0.01796875 0.0078125 0.0109375
5 0.02578125 0.10390625 0.0515625 0.2078125
3 0.7284092627876195 0.09392798193827553 0.1036522408266178 0.09182496801399935
3 0.95 0.14453125 0.1 0.1703125
4 0.74765625 0.27421875 0.2640625 0.2109375
4 0.55390625 0.27265625 0.0890625 0.2140625
5 0.58125 0.18984375 0.14375 0.3796875
5 0.71953125 0.18984375 0.3359375 0.3796875
5 0.903125 0.18984375 0.19375 0.3796875
8 0.41171875 0.45703125 0.1953125 0.1546875
8 0.36640625 0.70390625 0.2859375 0.5890625
8 0.64921875 0.68984375 0.2796875 0.6203125