8 0.2546875 0.234375 0.509375 0.46875
7 0.3824055173648057 0.4215043788011242 0.03313066256778665 0.05487839754067192
5 0.39375 0.42109375 0.06875 0.0953125
1 0.8155902012062228 0.3224260084860111 0.09946471057599675 0.17713519262201594
2 0.9078125 0.1484375 0.184375 0.1625
5 0.7609375 0.2515625 0.478125 0.434375
9 0.0515625 0.77890625 0.103125 0.3671875
3 0.017008297222643264 0.8409931595427246 0.011028403590796177 0.015688632513557364
0 0.01640625 0.8109375 0.0328125 0.04375
5 0.021875 0.8578125 0.04375 0.1375
5 0.49609375 0.70390625 0.0265625 0.2171875
5 0.39336574326250473 0.6736572312604523 0.12166696350286302 0.23351245764913067
4 0.38762882766965606 0.6275316650036735 0.042560204722264315 0.06430793969514959
3 0.39838452048806366 0.5963452975172309 0.007857951795398143 0.007857951795398143
0 0.39825725546094903 0.5744702975172309 0.025163626463433175 0.028270445745273952
8 0.7546875 0.7671875 0.490625 0.465625