8 0.30390625 0.2296875 0.4515625 0.459375
2 0.41953125 0.2335956907753042 0.0609375 0.040979524004105095
3 0.315625 0.00390625 0.021875 0.0078125
3 0.42109375 0.2851491004162246 0.0171875 0.02041249394987581
4 0.4671875 0.32316218482337583 0.078125 0.1113920179539809
4 0.33671875 0.06454622980652394 0.0515625 0.10342498184962742
4 0.07265625 0.04765625 0.0890625 0.0953125
5 0.08984375 0.15703125 0.1796875 0.3140625
5 0.328125 0.146875 0.16875 0.29375
5 0.4296875 0.33203125 0.2 0.2546875
9 0.903125 0.1421875 0.19375 0.19375
7 0.61171875 0.19609375 0.1640625 0.3546875
3 0.5671875 0.060808672330343996 0.04375 0.056504530054229285
5 0.66875 0.2296875 0.278125 0.459375
6 0.28828125 0.5702326275435876 0.05625 0.06751475292686634
8 0.77734375 0.84609375 0.3546875 0.3078125
8 0.64453125 0.9 0.2296875 0.2