0 0.34077154535327187 0.09242593285945855 0.10252611067790873 0.08340337334017515
1 0.32551071936663484 0.1907679840891226 0.07752611067790856 0.08325792759490121
7 0.3054720340547247 0.34845321906200794 0.20777832670272572 0.26681583703942985
5 0.28359375 0.31796875 0.4421875 0.5640625
0 0.8345680933720436 0.28923782122674835 0.21475558004454348 0.3293521984757485
3 0.839811218730088 0.47128725194490756 0.05893974267981754 0.09721134328594587
7 0.878125 0.45078125 0.24375 0.2984375
5 0.82734375 0.359375 0.3453125 0.48125
6 0.23046875 0.6109375 0.0265625 0.021875
6 0.2651272026973167 0.6571686471478885 0.036628390674726855 0.059584078258831316
6 0.35100216271481594 0.7865657765381879 0.06064769334818117 0.1097204336450254
0 0.92890625 0.8 0.1421875 0.4
5 0.80859375 0.8 0.3828125 0.4