8 0.11953125 0.4673123033709633 0.1 0.10683178298109546
0 0.47421875 0.407255526439992 0.1640625 0.09157948770335977
0 0.43515625 0.22109076746300155 0.1265625 0.09917381908544912
0 0.22734375 0.26171875 0.0546875 0.0359375
3 0.44453125 0.24770780961747932 0.046875 0.034647710772388506
3 0.50625 0.46603562880112415 0.03125 0.0361193071815924
4 0.2234375 0.33203125 0.046875 0.0765625
4 0.365625 0.3425612464839586 0.2171875 0.2075135599120669
4 0.44375 0.57578125 0.240625 0.2265625
5 0.23359375 0.3140625 0.0671875 0.1375
5 0.3921875 0.3559970325883121 0.2625 0.37965218032537573
5 0.49140625 0.525 0.3796875 0.328125
1 0.1 0.94921875 0.2 0.1015625
2 0.1 0.7921875 0.2 0.20625
5 0.1 0.84453125 0.2 0.3109375
5 0.7875 0.7203125 0.025 0.0625
7 0.78203125 0.70234375 0.0140625 0.0265625
8 0.65703125 0.8436384540348932 0.1921875 0.30893061416679296
8 0.65234375 0.84453125 0.6953125 0.3109375
5 0.8421875 0.95390625 0.0625 0.0921875
4 0.86015625 0.9581014507152436 0.01875 0.03917158430895533