8 0.275 0.175 0.55 0.35
0 0.5079350574076784 0.12578125 0.03475680800445424 0.0328125
3 0.5090890247453601 0.1578125 0.019022720003181705 0.0234375
7 0.5234375 0.18203125 0.053125 0.0890625
5 0.50390625 0.22421875 0.0921875 0.2390625
1 0.6734375 0.2546875 0.246875 0.190625
2 0.71875 0.05234375 0.3375 0.1046875
5 0.775 0.175 0.45 0.35
9 0.1703125 0.4984375 0.153125 0.296875
2 0.27890625 0.415625 0.2140625 0.13125
2 0.46015625 0.4609375 0.1796875 0.221875
3 0.3318612640435889 0.52890625 0.10759541868236297 0.115625
3 0.51875 0.73125 0.0625 0.171875
4 0.39921875 0.37734375 0.0890625 0.0546875
4 0.18046875 0.39765625 0.0828125 0.0953125
4 0.3609375 0.76171875 0.3125 0.4765625
4 0.05 0.78359375 0.1 0.4328125
5 0.065625 0.675 0.13125 0.65
5 0.4625 0.675 0.175 0.65
5 0.396875 0.3984375 0.103125 0.096875
5 0.190625 0.50703125 0.153125 0.3140625
5 0.36328125 0.675 0.3734375 0.65
2 0.7086259480824053 0.66796875 0.08522952267663583 0.0734375
4 0.696875 0.89375 0.1375 0.2125
1 0.7332361440960865 0.76875 0.025727253341817757 0.0625
5 0.65859375 0.81328125 0.2171875 0.3734375