5 0.7362944856602563 0.24049617233034404 0.07777151775758924 0.2082579275949012
5 0.8777098260193361 0.23811099483363857 0.09659424063022612 0.2208670119038567
4 0.727192196432645 0.1936757144848217 0.028379530054229284 0.04391362646343318
4 0.8920223108940256 0.195060431601922 0.03629202400410492 0.061146578258831144
3 0.7335876421779188 0.16863935304850325 0.004751132513557366 0.010964771077238922
3 0.8882978680756178 0.16383315749962107 0.006295451795397966 0.007848861436318444
0 0.8931080879231927 0.14271213642238223 0.022020445745273776 0.02512726502711473
0 0.7305671813073344 0.15068878376666245 0.020476126463433175 0.028243174668035033
6 0.290625 0.98359375 0.115625 0.0328125
5 0.26015625 0.57734375 0.2890625 0.1765625
2 0.98515625 0.74140625 0.0296875 0.0671875
4 0.95234375 0.925 0.0953125 0.15
5 0.90078125 0.846875 0.1984375 0.30625