8 0.234375 0.275 0.46875 0.55
2 0.3502572753819068 0.17757711679907162 0.04097044533736351 0.029923849336070063
2 0.3236969647517234 0.4461543999765588 0.05986589600572696 0.042532933645025396
3 0.35915101738540667 0.20340836377400953 0.02207499466899989 0.017314765027114643
3 0.33597933609163216 0.49466007766965603 0.0174238573360908 0.02041249394987581
4 0.3015625 0.51796875 0.08125 0.0640625
4 0.35678054272754267 0.2682339330558503 0.05586928668045399 0.10188066256778665
5 0.378125 0.31796875 0.18125 0.3359375
5 0.34375 0.48203125 0.209375 0.1359375
9 0.59140625 0.48046875 0.1046875 0.1390625
9 0.515625 0.496875 0.09375 0.1
7 0.6546875 0.43046875 0.146875 0.2390625
7 0.7844146467218156 0.40685204722264323 0.08655676002545327 0.18799087939029935
0 0.6285448126989076 0.2372066468533009 0.065080654678545 0.08787270472226431
0 0.7444607140356346 0.26287933342519265 0.030232940006363406 0.0470477168225127
5 0.80625 0.3828125 0.16875 0.334375
5 0.70859375 0.309375 0.3578125 0.48125
7 0.77890625 0.775 0.3828125 0.45
5 0.7734375 0.775 0.453125 0.45
3 0.7390625 0.58125 0.10625 0.0625