8 0.11953125 0.27890625 0.2390625 0.5578125
8 0.11953125 0.2125 0.2390625 0.425
0 0.10655470393063951 0.19077482940799656 0.014207950668363622 0.012663632001908986
3 0.10716323126195784 0.20562767007476931 0.009484088001272716 0.00948408800127254
4 0.10540982725973062 0.22201573874122388 0.01756930800445424 0.033012494668999894
5 0.09910528325909436 0.22663051340704204 0.040044292011453916 0.08482953333863605
2 0.5203125 0.01875 0.071875 0.0375
4 0.7828125 0.0859375 0.125 0.171875
5 0.58984375 0.13984375 0.2265625 0.2796875
5 0.79921875 0.1390625 0.1640625 0.278125
8 0.11953125 0.70234375 0.2390625 0.2453125
1 0.6698086819303214 0.7652026647437692 0.4806703866963623 0.22431348806490625
4 0.61953125 0.91953125 0.7609375 0.1609375
5 0.61953125 0.78984375 0.7609375 0.4203125