5 0.3640625 0.115625 0.25 0.23125
9 0.74453125 0.13984375 0.5109375 0.2796875
8 0.24453125 0.63984375 0.4890625 0.7203125
6 0.6757837116561513 0.5932924995090207 0.0428238251355733 0.10962043969514959
6 0.50390625 0.57734375 0.0296875 0.0828125
6 0.8026058077707676 0.4151180234149299 0.017432939695149585 0.04228749394987581
6 0.92309556977282 0.3853492310640605 0.01428975897699054 0.03914431323171659
6 0.5586012777165383 0.45744992739850954 0.01427157825883114 0.03601931323171659
6 0.6477365005891752 0.4454680778660477 0.01428066861791084 0.03758181323171659
6 0.651742744539051 0.4283033037637468 0.009538626463433175 0.028179542154477665
6 0.731525693309387 0.4123606620768073 0.011128397540671919 0.032876132513557366
6 0.8613677294137405 0.38655266188041554 0.011101126463433175 0.028188632513557365
6 0.9623080606976337 0.35979524004105096 0.012709078258831141 0.03601022287263689
6 0.6204836541799714 0.4296839965821544 0.012681807181592397 0.03132272287263689
6 0.9780330546475096 0.34269864363184704 0.00947499394987581 0.017242042154477666
6 0.9529421510567133 0.3581781978865732 0.009511355386194253 0.023492042154477664
6 0.945116015518094 0.36047649609117516 0.009502265027114732 0.021929542154477667
6 0.8880211330045367 0.3710821979847691 0.009502265027114732 0.021929542154477667
6 0.867676816747758 0.376432773316734 0.007939765027114732 0.021920451795398053
6 0.8090194342342005 0.3870293848512484 0.007948855386194253 0.023482951795398145
6 0.7613040969001832 0.39690837889932 0.007921584308955332 0.018795451795398144
6 0.751152392079723 0.3960680415653025 0.007921584308955332 0.018795451795398144
6 0.7676359101318997 0.38288224033563856 0.006331813231716587 0.014098861436318444
6 0.738697843875121 0.3881828186926656 0.0063227228726368875 0.012536361436318444
6 0.7073433047457055 0.4059697615110732 0.007930674668035032 0.020357951795398142
6 0.6932808047457055 0.4058879482793567 0.007921584308955332 0.018795451795398144
6 0.6549677384889268 0.411133984481906 0.006359084308955332 0.018786361436318445
6 0.671437621002484 0.40029193325224205 0.006331813231716587 0.014098861436318444
6 0.6439984222321481 0.41653910196834876 0.007939765027114732 0.021920451795398144
6 0.601742744539051 0.4280124122731991 0.009520445745273776 0.025054542154477666
6 0.5900194493595112 0.42872548458010196 0.011073855386194254 0.023501132513557364
6 0.7168092083365016 0.390399303665551 0.007894313231716587 0.014107951795398144
6 0.5720461541799714 0.42940219545068625 0.011092036104353475 0.026626132513557367
6 0.5658234252572102 0.42467833401436783 0.007930674668035032 0.020357951795398142
6 0.5360677475641131 0.43622436719185503 0.009502265027114732 0.021929542154477667
6 0.5085740066392994 0.4618465359079618 0.012681807181592397 0.03132272287263689