8 0.35625 0.24375 0.325 0.390625
0 0.7807825445974123 0.18068330876031383 0.09451361600890876 0.06671588001272681
0 0.8898575525939124 0.20773725210849497 0.1421158693507266 0.12976132001909005
3 0.8076081265913672 0.2255327320973592 0.04280566534054522 0.05361589600572714
3 0.7613052912555945 0.24296513275776857 0.051980670671545326 0.036537484006999674
4 0.8234375 0.36015625 0.171875 0.1578125
4 0.81171875 0.415625 0.1890625 0.046875
5 0.73828125 0.253125 0.4390625 0.303125
5 0.6760399532543218 0.2513492500795419 0.2998021947008166 0.25501695337363445
8 0.259375 0.71953125 0.51875 0.5609375
5 0.340625 0.4734375 0.065625 0.06875
8 0.759375 0.72265625 0.48125 0.5546875