8 0.0484375 0.2359375 0.096875 0.184375
8 0.5125 0.18984375 0.3125 0.3609375
8 0.22027367690753027 0.2779325398167867 0.29347833098930565 0.22357489714788842
8 0.2828125 0.0875 0.096875 0.175
7 0.2651907462875668 0.2097001694034777 0.012636355386194254 0.023510222872636887
5 0.263623701108027 0.20892800976255738 0.017351126463433175 0.02822499394987581
0 0.2596674541330891 0.20035698566025636 0.006304542154477666 0.009411361436318443
0 0.3825378484523073 0.3707416876520462 0.011019313231716588 0.014126132513557366
3 0.3857219357863248 0.380879756933887 0.007857951795398143 0.007857951795397966
7 0.3912406827612626 0.38944169067710827 0.022020445745273776 0.02512726502711473
5 0.3904094357863248 0.3808524858566481 0.02521816861791084 0.03764544574527395
7 0.6121975564942215 0.23033835968780264 0.01574317466803521 0.020403403590796287
0 0.606642448082965 0.21552642594458132 0.007857951795397966 0.007857951795397966
5 0.6075555082896195 0.23817813076504146 0.030023843285945873 0.057985216822512696
9 0.55859375 0.3828125 0.1859375 0.09375
9 0.4515625 0.4 0.090625 0.059375
9 0.39140625 0.409375 0.1765625 0.040625
9 0.31484375 0.40703125 0.0890625 0.0453125
9 0.09375 0.403125 0.171875 0.053125
8 0.35037933342519256 0.34905304001317833 0.2601749515990065 0.13900899960721666
0 0.15799586982413372 0.18219785900043153 0.006295451795398144 0.007848861436318444
0 0.1673617794650541 0.18058081684595387 0.006286361436318444 0.006286361436318444
0 0.1509600746445939 0.1814575156162898 0.007848861436318444 0.006295451795398144
0 0.13699302341492992 0.1979455788480064 0.007857951795398143 0.007857951795398143
7 0.13939586074894744 0.20808819330938705 0.012572722872636888 0.012572722872636888
7 0.15182768305585032 0.19629672043674998 0.012618174668035031 0.020385222872636888
7 0.15961291197861147 0.191563768641352 0.004742042154477666 0.009402271077238922
7 0.168193026439992 0.1891700216664141 0.009438632513557366 0.010992042154477844
5 0.1673935957218328 0.18604956684595386 0.01260908430895542 0.018822722872636886
5 0.1588043909013726 0.18688081382089178 0.00791249394987581 0.017232951795397966
5 0.15102370715815122 0.19239501561628983 0.014235216822512697 0.02976931323171659
5 0.1385964300307882 0.2049677384889268 0.014198855386194253 0.023519313231716587
7 0.834375 0.21484375 0.33125 0.4296875
5 0.834375 0.21484375 0.33125 0.4296875
5 0.4011100655694076 0.5050853922761147 0.04271474082661797 0.09087043969514959
8 0.18447253229372448 0.6008802021881815 0.0896897347764936 0.10833065046753809
8 0.39140625 0.578125 0.4265625 0.296875
0 0.975 0.5578125 0.05 0.071875
0 0.7861435957218328 0.5123858496306577 0.10070904800821019 0.12245678298109546
5 0.95703125 0.75859375 0.0859375 0.4828125
5 0.8265625 0.71953125 0.315625 0.5609375
4 0.8287770441975812 0.7230824551150479 0.211256704329481 0.32465560811666877
4 0.96875 0.7109375 0.0625 0.19375