9 0.1511509721852658 0.27890625 0.0908158975406721 0.0328125
9 0.24140625 0.3296875 0.0546875 0.059375
5 0.634375 0.19296875 0.73125 0.3859375
8 0.134375 0.759375 0.26875 0.48125
4 0.95 0.6453125 0.1 0.209375
4 0.8000066287029284 0.63671875 0.12303856596219101 0.2
4 0.6101356076256895 0.63203125 0.10267152380771342 0.190625
4 0.44921875 0.61953125 0.1171875 0.2015625
3 0.60703125 0.5296875 0.0515625 0.021875
5 0.321875 0.69296875 0.10625 0.3484375
5 0.434375 0.740625 0.178125 0.44375
5 0.6453125 0.734375 0.29375 0.43125
5 0.83671875 0.759375 0.2390625 0.48125
5 0.93828125 0.7265625 0.1234375 0.415625