8 0.290625 0.01640625 0.090625 0.0328125
4 0.865625 0.109375 0.240625 0.21875
4 0.67578125 0.140625 0.3828125 0.28125
4 0.5171875 0.04140625 0.165625 0.0828125
5 0.5390625 0.2546875 0.240625 0.509375
5 0.66484375 0.2546875 0.4921875 0.509375
5 0.82109375 0.2546875 0.3578125 0.509375
5 0.940625 0.175 0.11875 0.35
1 0.20234375 0.8734375 0.4046875 0.253125
2 0.209375 0.63203125 0.41875 0.2296875
5 0.209375 0.7546875 0.41875 0.490625
8 0.709375 0.7546875 0.58125 0.490625
5 0.60703125 0.90078125 0.0671875 0.1984375
7 0.6101536455957645 0.8921875 0.041088608313060604 0.0796875
3 0.6135695370863121 0.8421875 0.01259090359079611 0.015625
0 0.6176030521134268 0.8203125 0.023592036104353474 0.0265625