8 0.18203125 0.19296875 0.3640625 0.3859375
9 0.4754742613146815 0.09228503229372453 0.037809072208706954 0.05334316861791066
9 0.5546875 0.13984375 0.028125 0.0671875
0 0.2893241796380047 0.32322543920417035 0.010992042154477666 0.009438632513557366
7 0.2816798512809776 0.35208623740877226 0.01739657825883114 0.03603749394987581
5 0.2872622307694729 0.3716493036655509 0.03030564441741408 0.1064227168225127
0 0.5062253333269968 0.2752702491162372 0.007857951795397966 0.007857951795398143
4 0.5008793031745716 0.29633218285945856 0.012672716822512697 0.02976022287263689
5 0.5001935019449075 0.3127338876799188 0.01767837939029935 0.08447499394987582
5 0.513465661585828 0.3112486557320954 0.019249969749379047 0.08604658430895533
5 0.43984375 0.3984375 0.0296875 0.08125
5 0.46953125 0.4015625 0.0328125 0.075
5 0.4890625 0.4 0.025 0.078125
5 0.5078125 0.3984375 0.03125 0.08125
5 0.4980906464605175 0.3541265021412993 0.012590903590796287 0.015697722872636887
5 0.5206832639469601 0.3433208123479538 0.01738748789975162 0.03447499394987581
0 0.5214054266129426 0.33316910752749357 0.014144313231716587 0.014144313231716587
7 0.5183758753832786 0.34955717680933435 0.011028403590796288 0.015688632513557364
0 0.5362355410743233 0.3309117159387499 0.009438632513557366 0.010992042154477844
7 0.5364037127172961 0.35981796593874993 0.017442030054229462 0.04384999394987581
5 0.5371576916400572 0.3551350111182897 0.019113614363184796 0.06260908430895533
0 0.5246849627172961 0.3597497882456528 0.01258181323171641 0.014135222872636887
7 0.5295360891807293 0.38790205932289173 0.01739657825883114 0.03603749394987581
5 0.528125 0.3953125 0.028125 0.0875
7 0.5076929054375079 0.393243544295777 0.026807939695149587 0.04234203610435365
7 0.4897287006170477 0.3939202551663614 0.020567030054229284 0.043868174668035206
7 0.471019607232906 0.400842420857406 0.031504530054229284 0.0439318071815924
7 0.44208608615566714 0.39598674921443316 0.029923849336070063 0.040797716822512695
0 0.4458150741536146 0.36554072511213215 0.011019313231716588 0.014126132513557366
0 0.46928439041039327 0.3711458304983264 0.011010222872636888 0.012563632513557365
0 0.49579234825591556 0.3619253666026799 0.009438632513557366 0.010992042154477844
0 0.5122167789740748 0.36514581537301594 0.011010222872636888 0.012563632513557365
0 0.5163724929679171 0.27376683645025474 0.009429542154477843 0.009429542154477666
0 0.5461008995837754 0.2809708032727675 0.011001132513557365 0.011001132513557365
0 0.5554349929679171 0.2739940954272452 0.009438632513557366 0.010992042154477666
0 0.5549719055357037 0.32867705024770544 0.012572722872636888 0.012572722872636888
0 0.56484375 0.36171875 0.0078125 0.0140625
5 0.55390625 0.39609375 0.0296875 0.0859375
5 0.5640625 0.39609375 0.009375 0.0859375
5 0.5558986012809777 0.3536815954272452 0.020676114363184794 0.06261817466803503
5 0.5454287338927308 0.2997162580932276 0.01592498184962743 0.05165340359079629
5 0.556338962815492 0.29509239060678494 0.014389752926866173 0.056331813231716585
7 0.565625 0.3953125 0.00625 0.040625
7 0.55703125 0.39453125 0.0234375 0.0453125
7 0.5559076916400573 0.3552440954272452 0.018986349336070064 0.04073408430895533
7 0.5438935049699698 0.3043946677341481 0.012690897540672097 0.032885222872636885
7 0.5555849838927308 0.2997753454272452 0.014235216822512697 0.02976931323171659
7 0.5141650983541114 0.29719070091163535 0.01893180718159222 0.03135908430895533
6 0.5133287853187867 0.15344070091163528 0.0063954457452737755 0.025036361436318443
6 0.5039174238824682 0.14713615875715763 0.006359084308955332 0.018786361436318445
6 0.51012197208707 0.13936002019347607 0.006422716822512697 0.029723861436318444
8 0.784375 0.21953125 0.43125 0.4390625
4 0.9283896621750032 0.043544047026251545 0.02529089149054755 0.05014544574527387
5 0.9203125 0.0359375 0.05 0.071875
5 0.1984375 0.71953125 0.396875 0.5609375
8 0.784375 0.71953125 0.43125 0.5609375