8 0.19453125 0.26953125 0.3890625 0.5390625
4 0.2933483686346378 0.15697372530852388 0.03323067067154524 0.03612839754067192
3 0.29598301997136495 0.13198736084714327 0.014226132001908986 0.014144313231716587
2 0.29770915197327397 0.1179339512062229 0.015770450668363533 0.012590903590796154
5 0.2869983713001379 0.16553111387220537 0.05290791868236289 0.11592498184962743
0 0.45625 0.046875 0.134375 0.09375
0 0.9640625 0.1359375 0.071875 0.265625
3 0.421875 0.17578125 0.065625 0.0984375
4 0.42734375 0.34375 0.0765625 0.390625
5 0.446875 0.26953125 0.115625 0.5390625
5 0.85859375 0.2578125 0.2828125 0.515625
3 0.6349700579249126 0.8761146107489474 0.01736931333545453 0.01572499394987581
2 0.6338257285964577 0.8401680203898678 0.023655676002545433 0.018886355386194254
4 0.6342064419160038 0.9417396107489473 0.05592383068109026 0.10656816256778683
5 0.63125 0.9140625 0.078125 0.171875