8 0.0984375 0.234375 0.196875 0.46875
8 0.1546875 0.278125 0.309375 0.38125
7 0.08928429324477678 0.36953125 0.031722714672181594 0.040625
5 0.08773997457832224 0.36796875 0.036519302673454136 0.05
5 0.7078125 0.234375 0.584375 0.46875
4 0.71484375 0.3578125 0.4453125 0.221875
2 0.77109375 0.028125 0.2328125 0.05625
1 0.7417024106063209 0.23515625 0.19140789202736244 0.2015625
8 0.19453125 0.734375 0.3890625 0.53125
8 0.05625 0.66875 0.1125 0.4
8 0.5243074672979107 0.596875 0.17503745735199913 0.1375
8 0.7266324886219111 0.665625 0.23223288669636233 0.21875
8 0.69453125 0.734375 0.6109375 0.53125
2 0.7332642966263655 0.6328125 0.014262494668999893 0.0171875
3 0.7322648706238202 0.6515625 0.012663632001908986 0.0140625
5 0.7358893099538658 0.67578125 0.05125451201463562 0.1078125
4 0.728785334619684 0.68203125 0.020821577339272323 0.04375