9 0.27448873329091106 0.15 0.10786813868554468 0.1390625
9 0.32421875 0.134375 0.0890625 0.13125
3 0.6292756832829569 0.33359375 0.22987040802036277 0.15
4 0.61953125 0.403125 0.5015625 0.28125
2 0.54921875 0.0765625 0.3328125 0.153125
5 0.684375 0.28515625 0.63125 0.5703125
3 0.5828125 0.75234375 0.278125 0.1140625
2 0.5694445079169583 0.57421875 0.2718942760184536 0.1359375
5 0.684375 0.6375 0.63125 0.34375
1 0.134375 0.9046875 0.26875 0.190625
4 0.184375 0.96328125 0.36875 0.0734375
5 0.184375 0.9046875 0.36875 0.190625