8 0.28125 0.21953125 0.5625 0.4390625
8 0.1953125 0.2484375 0.390625 0.38125
8 0.47509388612779463 0.16484375 0.1537522347764934 0.1078125
0 0.18816553698811625 0.33515625 0.014126132513557366 0.0109375
3 0.18808372375639976 0.34921875 0.009429542154477666 0.009375
4 0.19112691052468317 0.36328125 0.020494307181592397 0.03125
5 0.1973541846269841 0.3671875 0.04421360831306061 0.0796875
5 0.8296875 0.1171875 0.340625 0.234375
6 0.50625 0.82734375 0.30625 0.3453125
4 0.15007570540963538 0.68203125 0.05337953005422928 0.04375
4 0.2056171782822723 0.66953125 0.04718407220870695 0.053125
2 0.19645580172064334 0.6328125 0.0219659035907962 0.015625
2 0.13778932884800638 0.6453125 0.026671584308955422 0.01875
5 0.14764559699837904 0.696875 0.07888859016268786 0.13125
5 0.20243763612779464 0.67890625 0.0662522347764936 0.1078125
8 0.78359375 0.521875 0.2484375 0.165625
8 0.8109375 0.50078125 0.178125 0.1234375