8 0.18359375 0.49140625 0.3671875 0.4765625
9 0.08111528202577153 0.11716187002704422 0.11068405601527206 0.11377269334818116
9 0.23979993869349875 0.12681977538190684 0.1099204400063634 0.04814769334818116
9 0.40859375 0.39765625 0.0203125 0.0609375
0 0.28844181210213166 0.6819981713876337 0.012627269334818081 0.011082950668363623
7 0.28671875 0.7109375 0.0234375 0.0375
5 0.29765625 0.7015625 0.0484375 0.05625
8 0.796875 0.28984375 0.40625 0.5796875
7 0.35625 0.7765625 0.125 0.09375
7 0.16640625 0.8109375 0.1640625 0.1625
5 0.3453125 0.86484375 0.146875 0.2703125
5 0.18359375 0.86484375 0.2796875 0.2703125