8 0.234375 0.31953125 0.46875 0.4984375
2 0.68828125 0.06328125 0.3765625 0.1265625
3 0.70859375 0.46328125 0.3328125 0.2109375
5 0.734375 0.284375 0.53125 0.56875
5 0.234375 0.7671875 0.46875 0.396875
6 0.61796875 0.9875 0.0140625 0.025
6 0.5987518419398664 0.9712185533709633 0.011137494668999891 0.017251132513557366
6 0.5871512706079118 0.9609941256778661 0.006413632001908987 0.014098861436318444
6 0.5801836552753208 0.9554844690620079 0.004832950668363622 0.012527271077238921
6 0.5755325179424118 0.952332197984769 0.004814769334818081 0.010964771077238922
6 0.5693552432765936 0.9460458365484505 0.006431813335454351 0.015661361436318445
6 0.4752507072724573 0.9759691650036736 0.011155676002545434 0.018813632513557367
6 0.4988700206079118 0.9604805203898679 0.006413632001908987 0.014098861436318444
6 0.5067370646085482 0.955838472185266 0.004814769334818081 0.010964771077238922
6 0.5098893366088663 0.9535129029034252 0.004796588001272717 0.009402271077238922
6 0.5130688806095026 0.9488435836215844 0.0032886320019089865 0.0140806807181594
6 0.5670024026098208 0.9468134510098313 0.0032340880012727167 0.009393180718159044
6 0.5638955839433663 0.9452327702916719 0.0031977253341818113 0.0062681807181594
6 0.553748424610139 0.9443924329576545 0.0047602253341818114 0.006277271077238922
6 0.5373512652769117 0.9435157341873184 0.0031977253341818113 0.0062681807181594
6 0.5201637652769117 0.9434157402374426 0.0031977253341818113 0.0062681807181594
6 0.5083904712762755 0.9480350625443454 0.0032159066677273527 0.0078306807181594
6 0.5060649026098207 0.946458927005726 0.0032159066677271753 0.007830680718159044
6 0.49669899327659356 0.9456231348512484 0.0031977253341818113 0.0062681807181594
6 0.48419899327659355 0.9455504119786114 0.0031977253341818113 0.0062681807181594
6 0.6773950099459116 0.9271418213249444 0.0031977253341818113 0.006268180718159044
6 0.6743245539465479 0.9224361406067849 0.0032159066677271753 0.007830680718159044
2 0.7400495512810478 0.914224185688129 0.006304544000636269 0.004723861436318444
2 0.7143864799490933 0.9039179447633152 0.0031795440006362695 0.004705680718159045
2 0.7032580759468662 0.9202605622497579 0.0031795440006362695 0.004705680718159045
2 0.6977166006126844 0.9264787459929792 0.0031795440006362695 0.004705680718159045
2 0.6676114772835933 0.8950514839909267 0.006322725334181811 0.006286361436318444
4 0.6666302326145933 0.912234438811387 0.009593176002545434 0.018804542154477844
4 0.7150404606142751 0.914859989942855 0.004851132001908986 0.014089771077238921
4 0.7430472819462297 0.9251798664062882 0.006377269334818081 0.010973861436318445
4 0.7141228506126843 0.9265741947633153 0.006377269334818081 0.010973861436318445
5 0.7398586472788207 0.930630435688129 0.016079533338636053 0.03915340359079629
5 0.715858073281366 0.9117395351223948 0.009611357336090798 0.020367042154477842
5 0.7093717159452753 0.9320156736860763 0.020712489337999785 0.03449317466803521
5 0.7039847819462297 0.9249526074292976 0.007957950668363623 0.012545451795397965
5 0.6984251252785025 0.932733291172519 0.011155676002545434 0.018813632513557367
5 0.6780944439449571 0.9341776165044842 0.004960220003181704 0.023464771077238922
5 0.6680472819462298 0.9247435291704665 0.017969297342454026 0.0672874939498758