8 0.10546875 0.0953125 0.2109375 0.14375
4 0.01328125 0.16484375 0.0265625 0.0546875
2 0.0046875 0.1234375 0.009375 0.0125
3 0.00546875 0.13671875 0.0109375 0.0109375
5 0.01796875 0.18671875 0.0359375 0.1421875
9 0.28984375 0.103125 0.0984375 0.053125
4 0.47265625 0.14903992535540614 0.1296875 0.17731699980360816
2 0.51875 0.02421875 0.05 0.0484375
5 0.4640625 0.25078125 0.25 0.5015625
7 0.278125 0.759375 0.121875 0.48125
3 0.30625 0.553125 0.065625 0.06875
5 0.16953125 0.759375 0.3390625 0.48125
8 0.69453125 0.759375 0.4890625 0.48125