8 0.23125 0.34453125 0.4625 0.6890625
8 0.1453125 0.30546875 0.290625 0.5109375
8 0.41328125 0.17657301025353664 0.1546875 0.10246244554888229
0 0.096875 0.33153880796715923 0.0140625 0.011019313231716588
3 0.0953125 0.3463916483262389 0.009375 0.009429542154477843
4 0.09765625 0.3620030127876195 0.01875 0.03135908430895533
5 0.10390625 0.365872901351301 0.0390625 0.08303975897699054
1 0.80859375 0.4140625 0.3828125 0.315625
2 0.809375 0.14453125 0.38125 0.1171875
4 0.75 0.621875 0.5 0.134375
5 0.75 0.3859375 0.5 0.60625
1 0.75 0.8875 0.5 0.225
4 0.75 0.96015625 0.5 0.0796875
5 0.75 0.84453125 0.5 0.3109375