8 0.4484375 0.0296875 0.203125 0.059375
9 0.2671875 0.015625 0.06875 0.03125
6 0.1821552352800934 0.025 0.009556813335454351 0.015625
6 0.16809273528009339 0.025 0.01111931333545435 0.015625
6 0.15012398528009338 0.025 0.009556813335454351 0.015625
6 0.1337177352800934 0.025 0.009611357336090798 0.0203125
6 0.12199898528009338 0.025 0.009611357336090798 0.0203125
6 0.11263307594686607 0.02421875 0.011155676002545346 0.01875
9 0.08616148261459333 0.01640625 0.04097044533736351 0.0296875
8 0.0609375 0.0984375 0.121875 0.11875
8 0.775 0.2390625 0.45 0.478125
8 0.7609375 0.275 0.421875 0.55
8 0.50078125 0.75859375 0.0984375 0.1921875
8 0.0828125 0.73515625 0.165625 0.3703125
8 0.32090755792491255 0.8125 0.3089044746976349 0.228125
8 0.24609375 0.6265625 0.0953125 0.153125
7 0.27095355860123027 0.74140625 0.014353401336727245 0.025
5 0.27252514926800303 0.740625 0.017551126670908877 0.03125
0 0.2773217372692757 0.73125 0.006359088001272539 0.009375
0 0.1493496365770496 0.91953125 0.012663632001908986 0.0140625
3 0.14687861724223145 0.93046875 0.007903406667727176 0.0078125
7 0.14130986990773148 0.9390625 0.022165901336727068 0.025
5 0.14140986724223142 0.93046875 0.025454533338636055 0.0390625
9 0.0765625 0.96171875 0.09375 0.0765625
9 0.1421875 0.971875 0.184375 0.05625
9 0.22233260323841347 0.95859375 0.09275112133990877 0.0484375
9 0.27265625 0.97265625 0.1578125 0.0546875
9 0.46015625 0.9578125 0.1796875 0.084375
8 0.184006447247004 0.8953125 0.27659995735199916 0.1375
0 0.3846257072724574 0.7078125 0.006340906667727175 0.0078125
0 0.3744967292727755 0.70546875 0.006322725334181811 0.00625
0 0.3924563886060028 0.70625 0.007885225334181812 0.00625
0 0.4078813939370029 0.7234375 0.007903406667727176 0.0078125
7 0.40619162460218483 0.734375 0.014207950668363622 0.0125
7 0.3922654846037756 0.72265625 0.012736357336090798 0.0203125
7 0.38373536927118473 0.7171875 0.004796588001272539 0.009375
7 0.37360639127150286 0.71484375 0.00950226933481808 0.0109375
5 0.37442400393859376 0.71171875 0.012718176002545434 0.01875
5 0.384571163271821 0.7125 0.008030676002545433 0.01875
5 0.39309218793763917 0.71875 0.014426126670909057 0.03125
5 0.40623707793604835 0.73046875 0.014353401336727245 0.025
8 0.88984375 0.66171875 0.2203125 0.2234375