8 0.48828125 0.18515625 0.1015625 0.3703125
7 0.5453125 0.265625 0.0125 0.0625
3 0.540625 0.23203125 0.003125 0.0140625
0 0.54375 0.20859375 0.009375 0.0296875
8 0.76953125 0.2546875 0.4609375 0.509375
6 0.5206450232734119 0.754121903445222 0.015988626670909056 0.03143181333545435
6 0.3913756939449571 0.7166753527609503 0.016079533338636053 0.03924431333545435
6 0.26024387261300247 0.7049918707431329 0.01931362133990877 0.04865567600254526
6 0.10289444927595719 0.7305083967218156 0.036773841343090474 0.07229317067154532
6 0.5375 0.73125 0.003125 0.021875
9 0.2109375 0.88046875 0.421875 0.2390625
6 0.49233875728041154 0.7022230487746314 0.009593176002545434 0.018859088001272718
6 0.462115455283275 0.6807747627704952 0.008012494668999892 0.017278406667727175
9 0.48818760662000216 0.656074754773995 0.028579533338636054 0.039389764003817974
8 0.8421875 0.94609375 0.2375 0.1078125
8 0.838704132598685 0.8908197353994061 0.10109088001272681 0.09491360534690862
7 0.6578268499363665 0.8566794507081343 0.007994313335454528 0.015715906667727354
0 0.6579813912715029 0.8433982007081344 0.006322725334181811 0.006322725334181811
5 0.6570728719366847 0.8543266100413618 0.012881808004454242 0.03295795066836362