8 0.21484375 0.175 0.4296875 0.35
8 0.353125 0.275 0.153125 0.55
7 0.1868339421310366 0.1081039123713949 0.03302157825883123 0.03612839754067192
2 0.17961633976990443 0.0760317557555366 0.01729658430895542 0.01884999394987581
5 0.1986026891059745 0.11676584006449202 0.06936814441741398 0.10664997579950324
6 0.525083896755105 0.17401928298109554 0.0537431444174139 0.10655907220870695
9 0.7484375 0.29375 0.503125 0.5125
6 0.47421875 0.00546875 0.0171875 0.0109375
3 0.28084249648395854 0.5807839300307882 0.011001132513557365 0.011001132513557365
0 0.275 0.5609375 0.021875 0.021875
4 0.27157203561337423 0.5986981378763104 0.03933521077238851 0.047102258976990365
4 0.3576186199223296 0.6179481076256895 0.036337475799503235 0.06895907825883114
5 0.3625 0.61640625 0.071875 0.1328125
5 0.28359375 0.6234375 0.0859375 0.146875
0 0.96484375 0.59921875 0.0703125 0.0984375
4 0.93828125 0.79296875 0.1234375 0.2921875
5 0.90703125 0.775 0.1859375 0.45
5 0.50859375 0.775 0.1578125 0.45