8 0.3609375 0.16875 0.278125 0.3375
6 0.01015625 0.36328125 0.0203125 0.1140625
6 0.00546875 0.2953125 0.0109375 0.065625
6 0.11010379136891082 0.27782829205122495 0.03164997579950324 0.06911362667090888
6 0.1983168636758137 0.26713678739654256 0.03162270472226432 0.06442612667090888
4 0.03528559855050313 0.3082055880410436 0.03940793364502539 0.059829533338636054
2 0.03421800223949516 0.2589777473742709 0.020457945745273952 0.02523635733609062
5 0.040749803370963365 0.30748797270845263 0.07890677088084708 0.13528406667727227
6 0.48203125 0.4046875 0.0359375 0.128125
9 0.48046875 0.1828125 0.0390625 0.059375
9 0.46484375 0.184375 0.0703125 0.078125
6 0.9384287792686624 0.3489953147278609 0.02079428903121965 0.08304885733609062
8 0.8760646137740096 0.2373396520528157 0.1882181383672897 0.12561926002545326
8 0.87734375 0.6625 0.2453125 0.178125