8 0.51484375 0.19375 0.1890625 0.346875
5 0.559375 0.24432865769601278 0.0203125 0.037618174668035034
7 0.55859375 0.24980195287555257 0.0171875 0.02353749394987581
8 0.13828125 0.4819347594679698 0.140625 0.2789431323171655
8 0.01875 0.29765625 0.0375 0.2453125
8 0.1109375 0.19771884075186313 0.209375 0.21840560811666876
0 0.0203125 0.22715233157848091 0.0078125 0.009420451795398143
7 0.0234375 0.2451029008603217 0.0140625 0.02508181323171659
5 0.02421875 0.25134835568078184 0.0234375 0.061073855386194253
0 0.61875 0.1515625 0.01875 0.053125
7 0.6359375 0.27890625 0.053125 0.1796875
7 0.63359375 0.35078125 0.0484375 0.3078125
5 0.65546875 0.35 0.0921875 0.7
5 0.65859375 0.3484375 0.0984375 0.584375
8 0.17265625 0.8671875 0.3453125 0.265625
2 0.6234375 0.71640625 0.028125 0.0328125
5 0.653125 0.85 0.0875 0.3