8 0.134375 0.14453125 0.26875 0.2890625
8 0.09453125 0.14296875 0.1890625 0.2859375
0 0.5949477786441829 0.118263482733906 0.11197383601209036 0.09035337468172658
1 0.6080921213001379 0.197333364735815 0.07736247867599957 0.06964088534372684
7 0.64140625 0.2546875 0.1859375 0.06875
5 0.68359375 0.16875 0.4484375 0.240625
8 0.134375 0.64453125 0.26875 0.7109375
1 0.6536836952578217 0.5782293760741328 0.5065612720400892 0.30116688940163316
0 0.60078125 0.36953125 0.5609375 0.1609375
4 0.634375 0.7859375 0.73125 0.428125
5 0.634375 0.64453125 0.73125 0.7109375