8 0.353125 0.10859375 0.315625 0.2171875
8 0.4421875 0.109375 0.315625 0.21875
0 0.3543899798065239 0.061857188909582736 0.004723861436318444 0.006277271077238922
7 0.3550530551384889 0.08217423408912258 0.007948855386194253 0.023482951795398145
5 0.35578885334309085 0.08999127926866235 0.017560204722264317 0.0641624939498758
9 0.34879850995894907 0.08291912265280406 0.04407725292686635 0.056504530054229465
8 0.2973632749860638 0.060744140803176715 0.04558521077238851 0.04713862041330898
8 0.2432661274453917 0.09324302341492992 0.056595433645025395 0.05970225292686617
8 0.182346808163551 0.08976349941082482 0.036310204722264317 0.06427157825883115
8 0.16121669672723254 0.09589077956325003 0.04569429508134402 0.06588862041330898
8 0.12918999190677233 0.09492317720211778 0.0473295179539809 0.07839771077238851
8 0.09476954011137426 0.10253568930236626 0.05982042759490121 0.07690793364502539
8 0.03855590154769271 0.09595843637549999 0.04903746369925477 0.1034068011314682
8 0.021875 0.1109375 0.04375 0.0875
8 0.00703125 0.11796875 0.0140625 0.0765625
8 0.3328125 0.609375 0.41875 0.78125
8 0.8 0.609375 0.4 0.78125
5 0.93984375 0.609375 0.1203125 0.78125
7 0.95703125 0.62578125 0.0859375 0.3328125
3 0.9467376028521114 0.3789532644379395 0.04090680113146803 0.048673849336070066
2 0.93125 0.28046875 0.078125 0.1234375