0 0.8 0.01484375 0.03125 0.0296875
0 0.8484375 0.00390625 0.028125 0.0078125
0 0.884375 0.02734375 0.0296875 0.034375
0 0.975 0.021875 0.028125 0.034375
0 0.940625 0.01015625 0.028125 0.0203125
0 0.74765625 0.05546875 0.0375 0.078125
0 0.9234375 0.04140625 0.03125 0.0390625
0 0.52734375 0.021875 0.0484375 0.04375
3 0.9734375 0.0546875 0.0203125 0.015625
3 0.94296875 0.03515625 0.01875 0.0171875
3 0.9234375 0.08125 0.0234375 0.0203125
3 0.88046875 0.0578125 0.01875 0.0203125
3 0.85 0.02578125 0.0203125 0.01875
3 0.83359375 0.08125 0.021875 0.01875
3 0.79921875 0.053125 0.021875 0.01875
3 0.76953125 0.040625 0.015625 0.0140625
3 0.7484375 0.078125 0.01875 0.01875
3 0.70859375 0.06171875 0.01875 0.0171875
3 0.67421875 0.05078125 0.025 0.01875
3 0.615625 0.08671875 0.0171875 0.015625
3 0.58984375 0.02265625 0.025 0.0234375
3 0.5296875 0.05703125 0.025 0.0234375
0 0.61015625 0.0484375 0.0421875 0.0453125
0 0.675 0.01171875 0.034375 0.0234375
0 0.7125 0.021875 0.034375 0.0328125
0 0.75 0.03515625 0.034375 0.0328125
0 0.77109375 0.009375 0.0296875 0.01875
0 0.8375 0.04296875 0.0328125 0.034375
7 0.5265625 0.16328125 0.090625 0.1765625
7 0.58984375 0.11015625 0.0859375 0.153125
7 0.61015625 0.178125 0.071875 0.1609375
7 0.6703125 0.1296875 0.084375 0.1453125
7 0.71015625 0.125 0.04375 0.134375
7 0.74375 0.153125 0.078125 0.1453125
7 0.775 0.0703125 0.025 0.0390625
7 0.790625 0.12265625 0.059375 0.134375
7 0.83046875 0.15390625 0.0734375 0.1375
7 0.84296875 0.0640625 0.05625 0.053125
7 0.87890625 0.12578125 0.059375 0.1125
7 0.92578125 0.14921875 0.0828125 0.1328125
7 0.9484375 0.06484375 0.0234375 0.021875
7 0.9640625 0.084375 0.053125 0.04375
7 0.98203125 0.1390625 0.0359375 0.121875
5 0.97734375 0.2 0.0453125 0.36875
5 0.96484375 0.17578125 0.0703125 0.3484375
5 0.94453125 0.0390625 0.0390625 0.078125
5 0.91953125 0.20625 0.103125 0.375
5 0.87734375 0.1828125 0.0671875 0.35
5 0.84609375 0.04296875 0.0609375 0.0859375
5 0.83359375 0.20859375 0.096875 0.3734375
5 0.78828125 0.18203125 0.0734375 0.3640625
5 0.75703125 0.1703125 0.0609375 0.340625
5 0.74375 0.20390625 0.0859375 0.375
5 0.71796875 0.1859375 0.075 0.3609375
5 0.6703125 0.19765625 0.090625 0.3953125
5 0.61328125 0.2234375 0.096875 0.4
5 0.5859375 0.1984375 0.096875 0.396875
5 0.52578125 0.221875 0.1046875 0.44375
7 0.65 0.79453125 0.3625 0.4109375
5 0.65546875 0.79453125 0.3734375 0.4109375