8 0.34296875 0.16796875 0.2140625 0.3359375
8 0.225 0.19453125 0.45 0.3890625
3 0.52109375 0.03390754459741228 0.01875 0.017405676002545258
2 0.5296875 0.00546875 0.025 0.0109375
4 0.50859375 0.0965529952657758 0.06875 0.11017497867599957
5 0.50546875 0.15078125 0.1109375 0.3015625
3 0.30234375 0.8510950445974123 0.01875 0.017405676002545434
2 0.31171875 0.8181734565961396 0.025 0.020603401336727244
4 0.28984375 0.9137404952657757 0.06875 0.11017497867599957
5 0.28046875 0.9 0.1234375 0.2
7 0.88671875 0.68203125 0.2265625 0.2984375
0 0.93671875 0.46453992659932125 0.096875 0.12612724267981754
5 0.8421875 0.69453125 0.315625 0.6109375