7 0.0890625 0.30703125 0.178125 0.1234375
1 0.02421875 0.196875 0.0484375 0.0875
0 0.03828125 0.103125 0.0765625 0.1125
5 0.1359375 0.2015625 0.271875 0.334375
9 0.53671875 0.20859375 0.0265625 0.1359375
8 0.775 0.184375 0.45 0.36875
8 0.62734375 0.2 0.1546875 0.3375
5 0.82109375 0.28828125 0.1296875 0.1609375
4 0.8328546692791388 0.2764196586589617 0.03208634134309065 0.0720568071815924
8 0.275 0.65078125 0.55 0.5640625
6 0.1878030619032772 0.8340078822189698 0.09729426535645347 0.17086701190385653
6 0.3213786305697317 0.836347607920277 0.12283970536281678 0.2178874576491304
2 0.26220690929345636 0.4156624031980127 0.03312158267027252 0.02675339754067192
2 0.08830414326068517 0.6560732588787946 0.020512494668999893 0.01730567466803503
2 0.028747329925230714 0.671352825233769 0.022111357336090775 0.020439765027114733
4 0.009375 0.7078125 0.01875 0.053125
4 0.09022972258913993 0.692024394417414 0.019149989337999784 0.03448408430895533
5 0.01640625 0.7265625 0.0328125 0.11875
5 0.03024619525782165 0.6768306655928488 0.025399989337999786 0.03452044574527378
5 0.09350017325750348 0.6795425751355733 0.033594297342454116 0.0673783975406721
7 0.2700461339513204 0.48055615017295067 0.07763519867918127 0.0926329275949012
3 0.27124555462286565 0.44462319535249045 0.023710220003181702 0.023573855386194255
5 0.26556771928709305 0.46256012909571176 0.11397268801718105 0.12721700585373252
4 0.928458070615866 0.40321746623333754 0.03357611600890849 0.06581589754067205
5 0.9234375 0.41875 0.071875 0.1
5 0.97890625 0.41171875 0.0421875 0.0859375