8 0.10390625 0.059375 0.2015625 0.11875
8 0.40732914832623895 0.134375 0.31229196350286303 0.2328125
8 0.2625 0.55546875 0.19375 0.1671875
8 0.50078125 0.53125 0.2734375 0.215625
8 0.7 0.16953125 0.1 0.3171875
8 0.825 0.31953125 0.35 0.6390625
2 0.850820593973317 0.07890625 0.011010222872636888 0.0125
4 0.8498257205349459 0.115625 0.018986349336070064 0.040625
5 0.8389154916121848 0.1109375 0.044249969749379045 0.0859375
3 0.8452654855620605 0.09375 0.009438632513557366 0.0109375
4 0.325 0.81953125 0.65 0.3609375
5 0.325 0.81953125 0.65 0.3609375