8 0.72578125 0.30703125 0.0671875 0.1796875
8 0.665625 0.4828125 0.1875 0.19375
6 0.6663274193052817 0.3536758657379268 0.00793067466803521 0.020357951795398142
7 0.6067524314055304 0.3883962993829523 0.011073855386194254 0.023501132513557364
0 0.6068524253554062 0.3712087993829523 0.006295451795397966 0.007848861436318444
5 0.6098547055078313 0.3922843686647931 0.01748748184962743 0.05166249394987581
0 0.2537046994577071 0.37716947053494587 0.006286361436318444 0.006286361436318444
0 0.24664163320092838 0.3826791271508041 0.007867042154477666 0.009420451795397966
7 0.2559666362259905 0.3912183349963264 0.009456813231716588 0.014117042154477843
7 0.24811322961013219 0.39829503679172457 0.012627265027114731 0.02194772287263689
5 0.24810868443059242 0.3990762867917246 0.014307939695149586 0.042269313231716586
5 0.25827402478967204 0.39745469945770695 0.019040891490547728 0.05010908430895533
8 0.8796875 0.40546875 0.240625 0.3484375
8 0.7953125 0.03359375 0.071875 0.0671875
5 0.8803303110904173 0.35610805767257164 0.034702252926866 0.05644998789975162
7 0.0078125 0.91875 0.015625 0.06875
5 0.68671875 0.97890625 0.0578125 0.0421875
4 0.6953125 0.99140625 0.025 0.0171875
8 0.5171875 0.8546875 0.2125 0.290625
8 0.47109375 0.78984375 0.5765625 0.4203125
7 0.6813484313073344 0.7427979739527915 0.017423849336070062 0.04072499394987581
0 0.6697524011549093 0.7217724016458886 0.009438632513557366 0.010992042154477666
5 0.6797041180756178 0.756869564311871 0.03174996974937905 0.0861193071815924
9 0.33090806977282006 0.6862450095661656 0.02381929508134393 0.06576135538619425
9 0.3637023890546608 0.6891791120254936 0.05672269867214012 0.08157725292686635
5 0.009375 0.93359375 0.01875 0.1203125
6 0.021400217804471384 0.9794420603048504 0.009584078258831208 0.03599204215447784
8 0.16488361485416403 0.621588132808145 0.0362556625677866 0.05489657825883114
9 0.21031428952219908 0.6010120123948359 0.015752265027114732 0.02196590359079629
9 0.2259120184449602 0.6056086088040399 0.017323855386194253 0.02353749394987581
4 0.8796875 0.8609375 0.240625 0.278125
1 0.921875 0.67734375 0.15625 0.1953125
5 0.8796875 0.78984375 0.240625 0.4203125