8 0.21484375 0.234375 0.4296875 0.46875
8 0.6390625 0.3546875 0.41875 0.228125
2 0.64921875 0.465625 0.0171875 0.00625
8 0.37890625 0.79453125 0.1015625 0.1546875
8 0.21484375 0.734375 0.4296875 0.53125
4 0.2171875 0.8392933839115495 0.0296875 0.05347044533736352
2 0.22890625 0.7891570239099587 0.0140625 0.015788632001908987
5 0.2171875 0.8228871339115494 0.04375 0.08957157733927232
8 0.0578125 0.7734375 0.115625 0.10625
0 0.8203125 0.6785013345799131 0.08125 0.05875792934436319
0 0.5734375 0.6430927352800934 0.0953125 0.06517156134627218
0 0.93515625 0.6841962565643229 0.0359375 0.025418170671545327
0 0.8703125 0.6841695319064589 0.0453125 0.027089758672817866
0 0.890625 0.670651924570368 0.028125 0.019077264003817974
1 0.9359375 0.7013746658975502 0.0171875 0.014262494668999893
3 0.86953125 0.7052723725732315 0.0140625 0.014226132001908986
3 0.796875 0.7162740545830948 0.0390625 0.027017033338636053
3 0.565625 0.6822461419478205 0.040625 0.025472714672181596
7 0.5390625 0.7622427246180932 0.146875 0.1798340453532717
7 0.8125 0.8145297412476402 0.171875 0.19731244668999892
7 0.9203125 0.7242127292330046 0.0515625 0.06466248400699967
4 0.88984375 0.7136297652371407 0.025 0.036228401336727244
4 0.86796875 0.741228053906777 0.06875 0.07579997867599957
5 0.92421875 0.757761025899141 0.1015625 0.1839942866804538
5 0.878125 0.7504848752387316 0.078125 0.18215906667727239
5 0.87109375 0.7122854412396861 0.0609375 0.0803965720082724
5 0.80625 0.82109375 0.25 0.3578125
5 0.52890625 0.8 0.1984375 0.4