8 0.56484375 0.13498211328303017 0.23125 0.1888453731437835
9 0.37890625 0.21202536055255566 0.071875 0.03635565651766246
6 0.2953125 0.23653902634179608 0.0109375 0.017251132513557366
6 0.2796875 0.23957312275099998 0.0125 0.01726022287263689
6 0.26171875 0.2418123336215844 0.0109375 0.017251132513557366
6 0.24609375 0.24484643003078813 0.0109375 0.020376132513557365
6 0.23359375 0.24711745715815123 0.0109375 0.021938632513557366
6 0.2234375 0.24783961982413372 0.0125 0.020385222872636888
9 0.06796875 0.22271637909571176 0.1125 0.08971700585373252
9 0.1953125 0.24455099336070063 0.0421875 0.031495439695149584
8 0.184375 0.33276861084714326 0.13125 0.12576359016268784
9 0.0875 0.03046875 0.175 0.0609375
7 0.79609375 0.21953125 0.1921875 0.4390625
5 0.85 0.21953125 0.3 0.4390625
7 0.30546875 0.92734375 0.1203125 0.1453125
7 0.10234375 0.93984375 0.1453125 0.1203125
2 0.6859375 0.77734375 0.028125 0.0671875
3 0.68984375 0.8203125 0.0203125 0.034375
3 0.28984375 0.8454009419346449 0.0421875 0.03774543969514958
3 0.09375 0.864572601870153 0.0484375 0.03934430113146803
0 0.08203125 0.8051294241770558 0.0765625 0.0613829275949012
0 0.28203125 0.7906679901392468 0.0609375 0.05504202400410509
4 0.6875 0.925 0.025 0.15
5 0.64765625 0.8703125 0.1046875 0.259375
5 0.32109375 0.878125 0.1703125 0.24375
5 0.1109375 0.88203125 0.221875 0.2359375
8 0.759375 0.7796875 0.11875 0.440625