8 0.38125 0.2140625 0.35625 0.428125
5 0.878125 0.2546875 0.24375 0.509375
3 0.984375 0.0453125 0.03125 0.071875
6 0.5023464867122707 0.6889684711241211 0.036955654678545 0.08770907825883115
6 0.5428073073679075 0.6074775766085112 0.02249316534054522 0.053252265027114734
6 0.55546875 0.5671875 0.0078125 0.040625
6 0.3765625 0.9265625 0.08125 0.146875
6 0.2677618540340439 0.6051712298065239 0.009720445337363515 0.029742042154477667
7 0.43475790268936265 0.520600266205465 0.006340906667727353 0.007848861436318444
7 0.3817965346912716 0.5349718384141721 0.006359088001272539 0.009411361436318443
7 0.3731664220241807 0.5318968353891099 0.009611357336090798 0.020367042154477665
2 0.274002216024817 0.5371615731906656 0.004796588001272539 0.009402271077238922
2 0.32392949069063526 0.5306206817001179 0.004796588001272717 0.009402271077238922
2 0.3698777900222717 0.5178525161072691 0.004778406667727353 0.007839771077238922
5 0.277290848026726 0.5512058924725064 0.017714758672817865 0.04541249394987581
5 0.3240385786919079 0.5399956817001179 0.014444308004454242 0.032894313231716585
5 0.3707590373567717 0.5264417209277295 0.012827264003817973 0.028197722872636888
5 0.3817783533577262 0.533409338414172 0.007976132001908987 0.014107951795398144
5 0.4269544933561352 0.5214269680008631 0.009593176002545434 0.018804542154477667
5 0.43550279002227177 0.5174707210259252 0.006377269334818081 0.010973861436318445
4 0.27660050469445324 0.5590229376520461 0.012772720003181703 0.023510222872636887
4 0.32487437269254427 0.544678636520578 0.011173857336090798 0.020376132513557365