8 0.42890625 0.21640625 0.4203125 0.4078125
8 0.83046875 0.21953125 0.3390625 0.4390625
2 0.7861107377033598 0.07687715914994106 0.01884999394987581 0.01729658430895542
3 0.7886044786281736 0.10267204468856048 0.015734084308955332 0.018840903590796154
7 0.8122283309893057 0.13483965007475476 0.025390885440423627 0.06733294574527386
5 0.8029760508368806 0.15587885792027706 0.10262607201231537 0.18340337334017515
3 0.05136809904148247 0.5093573401626879 0.06129202400410509 0.06129202400410509
3 0.33359375 0.465625 0.0640625 0.053125
3 0.609375 0.52578125 0.059375 0.0671875
4 0.60078125 0.678125 0.0765625 0.303125
7 0.35706917407885985 0.6853487101832133 0.26213846916020367 0.47650899960721665
4 0.0953125 0.746875 0.190625 0.48125
5 0.1703125 0.71953125 0.340625 0.5609375
5 0.3890625 0.71953125 0.43125 0.5609375
5 0.55078125 0.71953125 0.1765625 0.5609375