8 0.759375 0.24453125 0.48125 0.4890625
8 0.93125 0.2484375 0.1375 0.48125
5 0.590625 0.0359375 0.046875 0.071875
6 0.25078125 0.74453125 0.5015625 0.5109375
3 0.04453125 0.79375 0.0890625 0.1625
2 0.0765625 0.5265625 0.153125 0.075
5 0.23515625 0.74453125 0.4703125 0.5109375
6 0.9859278619907732 0.5445530485757769 0.009665901336727244 0.025109088001272716
6 0.99453125 0.5625 0.0109375 0.021875
6 0.8945307026575458 0.5448354065881855 0.009556813335454351 0.01573408800127272
6 0.823436952657546 0.5456626572645031 0.009574994668999892 0.017296588001272716
6 0.7359551339910914 0.545118311943048 0.012736357336090798 0.020457950668363624
6 0.6461113839910914 0.5461637386219111 0.012772720003181703 0.023582950668363623
6 0.52578125 0.54921875 0.0140625 0.0265625
6 0.53046875 0.58984375 0.0234375 0.0421875
6 0.5660415286441829 0.6470818959659561 0.0382454346753633 0.06449885200509069
6 0.6589546399586382 0.7850444252864568 0.0638817813494537 0.11947725334181784
6 0.9406153619907732 0.5450803072485948 0.007976132001909164 0.014153406667727176
6 0.9889437739895005 0.5538916859086861 0.011137494668999891 0.01731476933481808
6 0.570439221992364 0.5376705332988652 0.011155676002545255 0.01887726933481808
6 0.6821488813255913 0.5371518179503659 0.009574994668999892 0.017296588001272716
6 0.7477466093252731 0.5387319519414573 0.009556813335454351 0.01573408800127272
6 0.8164875186585003 0.5387132232654577 0.006395450668363623 0.01257272533418181
6 0.8508625186585004 0.5383132339274579 0.006395450668363623 0.01257272533418181
6 0.8610551313255913 0.5350700552594125 0.006395450668363623 0.01257272533418181
6 0.869657971992364 0.5341888079249125 0.004796588001272539 0.00942954400063627
6 0.8790966066597731 0.5286109699236399 0.004796588001272539 0.00942954400063627
6 0.9344744499920459 0.5357780325827766 0.006395450668363623 0.01257272533418181
6 0.9274704719923641 0.5335160985837311 0.004814769334818081 0.01099204400063627
6 0.9243636533259094 0.531989961250822 0.004814769334818081 0.01099204400063627
6 0.9173414939926822 0.5312905272517765 0.004814769334818081 0.01099204400063627
6 0.9157971753262275 0.529746208585322 0.004796588001272539 0.00942954400063627
6 0.912690356659773 0.5282200712524128 0.004796588001272539 0.00942954400063627
6 0.8916147879933185 0.5269030192552763 0.004796588001272539 0.00942954400063627
6 0.8751994473265459 0.5278751732575035 0.0032159066677273527 0.007848862667090905
6 0.9836204746578641 0.5414553205760951 0.004832950668363622 0.01255454400063627
6 0.9813403593252732 0.5360138425764133 0.004814769334818081 0.01099204400063627
6 0.979032971992364 0.5329161145767314 0.004814769334818081 0.01099204400063627
6 0.9422414966581822 0.5395933759150494 0.004851132001908809 0.01411704400063627