8 0.36953125 0.21015625 0.7390625 0.4203125
2 0.27642770725634713 0.075 0.03447499394987581 0.0171875
5 0.30411234572183277 0.13359375 0.11954995159900647 0.1375
5 0.20390625 0.66953125 0.0265625 0.0796875
7 0.20754589704969267 0.65234375 0.01428066861791084 0.0375
0 0.2015625 0.6328125 0.009375 0.00625
8 0.34436516188041555 0.80390625 0.20030102361132157 0.3203125
8 0.3546875 0.81484375 0.709375 0.3703125
5 0.15209636952954614 0.92421875 0.06620678298109554 0.1
4 0.13336000506816553 0.9265625 0.018986349336070064 0.040625
7 0.86953125 0.81484375 0.2609375 0.3703125
5 0.86953125 0.81484375 0.2609375 0.3703125