8 0.1203125 0.2796875 0.240625 0.51875
8 0.875 0.11171875 0.234375 0.2234375
8 0.71640625 0.1125 0.5078125 0.225
5 0.759375 0.015625 0.040625 0.03125
4 0.14453125 0.80078125 0.2890625 0.3984375
5 0.14453125 0.76953125 0.2890625 0.4609375
6 0.5241339542312851 0.8397185684962739 0.2122828731437835 0.23247719847574838
6 0.79296875 0.94609375 0.4140625 0.1078125
6 0.29765625 0.6359375 0.0171875 0.09375
6 0.3203125 0.6546875 0.0625 0.1
6 0.34821582796424366 0.6808879482793566 0.1115647347764936 0.10845791549465282
6 0.39854762607064964 0.7382100897699044 0.16810562626704134 0.158785168421519
5 0.594509044983148 0.5823242250139362 0.050372704722264315 0.06435339149054772
4 0.5898079094445287 0.5799532039366975 0.032976126463433175 0.028315897540672097