8 0.09681435002344112 0.3412391201187213 0.18705561416679295 0.19326925273047452
8 0.28608540740142524 0.44078109874689486 0.30451582493918145 0.24082602966144578
8 0.40625 0.24296875 0.10625 0.2453125
7 0.3488944796101322 0.3880197131100796 0.014198855386194253 0.023519313231716587
5 0.34733652478967203 0.387229372751 0.018922716822512696 0.02979658430895533
0 0.3458285669441497 0.3778452823919204 0.006304542154477666 0.009411361436318443
0 0.4157723865205781 0.5759151437300429 0.012581813231716588 0.014135222872636887
3 0.4149275040070208 0.5868480985505032 0.007867042154477843 0.009420451795397966
7 0.417997961852543 0.5962412792686623 0.023582945745273955 0.025136355386194253
5 0.41961045882748094 0.587656619627742 0.026789758976990364 0.039217036104353654
9 0.43671875 0.6578125 0.0453125 0.134375
9 0.3796875 0.67890625 0.159375 0.1796875
9 0.33987750703208286 0.5950055113146815 0.08937157220870695 0.05364315046753809
9 0.2770502541052166 0.6508918969514967 0.16195562021691715 0.17593630698520074
9 0.17007809143923414 0.6401129573545429 0.141434041958086 0.13988063231716552
9 0.11338318472517997 0.581968659248137 0.18230448165323568 0.1823044816532356
9 0.0296875 0.62578125 0.059375 0.1453125
8 0.04296875 0.553125 0.0859375 0.20625
8 0.35859375 0.5453125 0.2015625 0.153125
0 0.25469048253699844 0.33121974638576274 0.006295451795398144 0.007848861436318444
0 0.2640609373574586 0.3320555385402404 0.006286361436318444 0.006286361436318444
0 0.24767286807561786 0.32883508976990444 0.007857951795398055 0.007857951795398143
0 0.22963594038252072 0.3404493006404888 0.007867042154477666 0.009420451795397966
7 0.22879560304850322 0.350601005460949 0.014135222872636976 0.012581813231716588
7 0.24446605484390133 0.3428794090517452 0.01418067466803503 0.020394313231716588
7 0.2530734403825207 0.340585656026683 0.004742042154477666 0.009402271077238922
7 0.2624484403825207 0.34064019818116076 0.009438632513557366 0.010992042154477666
5 0.2616853711006799 0.3375106530016209 0.012609084308955331 0.018822722872636886
5 0.2538819614597596 0.33590270120622295 0.009484084308955332 0.018804542154477844
5 0.24448878074160038 0.3389731590517452 0.015797716822512697 0.02977840359079611
5 0.22959503376666243 0.3474805506404888 0.015761355386194255 0.023528403590796287
8 0.2296875 0.9046875 0.459375 0.190625
0 0.8694286516458887 0.9556066680287356 0.029887487899751618 0.034547716822512696
4 0.86875 0.9875 0.059375 0.025
5 0.85859375 0.9671875 0.0984375 0.065625
5 0.75703125 0.9046875 0.2234375 0.190625
5 0.615625 0.9046875 0.3125 0.190625
4 0.609375 0.8984375 0.23125 0.178125
4 0.76640625 0.8828125 0.1171875 0.146875