9 0.1625 0.01484375 0.05 0.0296875
0 0.61953125 0.2234375 0.0234375 0.0125
9 0.01171875 0.6078125 0.0234375 0.03125
9 0.07734375 0.5831180687908615 0.03125 0.026744307181592396
9 0.04921875 0.5962356923274283 0.0296875 0.025172716822512698
8 0.3359375 0.5611850232185381 0.0296875 0.032985216822512695
9 0.3078125 0.5750838967551051 0.0328125 0.029878397540671918
3 0.3703125 0.6270100111182898 0.0078125 0.010982951795398144
0 0.37109375 0.6074833062978297 0.01875 0.03292158430895533
5 0.36640625 0.7043310352205907 0.04375 0.22837953005422937
4 0.2265625 0.597267448082965 0.025 0.05795794574527378
0 0.2234375 0.5542805173648058 0.015625 0.020403403590796287
5 0.2265625 0.640236198082965 0.04375 0.19712953005422928
1 0.75078125 0.48359375 0.4984375 0.3296875
0 0.740625 0.28046875 0.45625 0.1015625
4 0.7046875 0.821875 0.590625 0.35625
5 0.7046875 0.61484375 0.590625 0.7703125