8 0.83515625 0.25 0.3109375 0.5
8 0.87421875 0.44296875 0.2515625 0.1140625
8 0.83984375 0.6375 0.3203125 0.275
0 0.8610764597904298 0.851241875776062 0.08149543969514958 0.042660198672140125
0 0.9156139688656161 0.8257787883438488 0.0533158975406721 0.03312157220870695
3 0.9227815742518105 0.849257194959707 0.03759090359079629 0.015843168617910665
3 0.8838645199970843 0.8740299359827166 0.026653403590796286 0.015779536104353654
7 0.9348275771786767 0.9055753726528042 0.09588519262201593 0.09899201190385654
7 0.85078125 0.93671875 0.1328125 0.1265625
5 0.88046875 0.91171875 0.2015625 0.1765625
5 0.934375 0.89609375 0.13125 0.2078125
0 0.8414083335233885 0.6933202914671066 0.009402271077238922 0.004742042154477666
7 0.842248670857406 0.7034810866466465 0.01726931323171641 0.01416249394987581
5 0.8407088967551051 0.7073782462875668 0.02519998789975162 0.03452044574527378
0 0.849375369627742 0.7199282432625047 0.009402271077238922 0.004742042154477844
7 0.845537297320839 0.7316242673648057 0.018840903590796286 0.015734084308955332
5 0.8486759328594585 0.733986198082965 0.02677157825883114 0.03609203610435348