8 0.18359375 0.3890625 0.1828125 0.221875
8 0.19609375 0.4734375 0.2171875 0.053125
5 0.1493594887412238 0.46032233811958445 0.018968176002545432 0.01885908430895533
7 0.15019528274186023 0.4650052929400446 0.014189769334818081 0.011019313231716588
0 0.9123680187380423 0.09138598575845229 0.08192270934118148 0.058285198672140125
4 0.91796875 0.2234375 0.1640625 0.234375
5 0.89765625 0.2375 0.2046875 0.39375
3 0.23828125 0.55234375 0.1796875 0.1046875
4 0.27109375 0.66875 0.3640625 0.3375
5 0.3 0.75 0.6 0.5
4 0.82578125 0.75 0.2921875 0.5
0 0.94765625 0.75 0.1046875 0.5
0 0.80078125 0.75 0.3984375 0.5
9 0.8 0.75 0.4 0.5