8 0.2953125 0.10078125 0.246875 0.2015625
8 0.21796875 0.2984375 0.3765625 0.321875
8 0.01015625 0.13125 0.0203125 0.24375
7 0.27265625 0.36546279343102395 0.015625 0.02040340359079611
0 0.2703125 0.3498514289696434 0.0078125 0.007857951795397966
5 0.26640625 0.3725304048673424 0.028125 0.05797612646343318
7 0.35078125 0.08453952547704305 0.01875 0.02510908430895542
0 0.35 0.0650128206565829 0.009375 0.010992042154477666
5 0.35 0.08141907065658285 0.021875 0.047002265027114645
8 0.06015625 0.415625 0.1203125 0.0875
8 0.71484375 0.2296875 0.5703125 0.459375
3 0.08125 0.52890625 0.1625 0.1390625
7 0.0828125 0.7296875 0.165625 0.540625
5 0.13203125 0.7296875 0.2640625 0.540625
7 0.5 0.53125 0.1625 0.14375
5 0.55625 0.7296875 0.275 0.540625