8 0.175 0.21953125 0.35 0.4390625
8 0.059375 0.26796875 0.11875 0.3421875
7 0.20451776571448566 0.22790989389723199 0.03144998789975162 0.03473862667090888
2 0.21094048253699843 0.19814966856305022 0.01572499394987581 0.01736931333545444
5 0.1935348139190876 0.23584966323205006 0.06463519262201593 0.0991829346753633
7 0.46015625 0.3375 0.1734375 0.203125
1 0.4691216629605702 0.18071945727245736 0.05673178903121965 0.08346702800763603
0 0.5055364068122501 0.09827003660091212 0.1021806444174139 0.1074317866804539
5 0.46796875 0.234375 0.2359375 0.409375
9 0.9515625 0.3765625 0.0875 0.125
9 0.975 0.37265625 0.05 0.1328125
8 0.175 0.8375 0.35 0.325