8 0.32890625 0.221875 0.5015625 0.44375
0 0.9128151800307881 0.14457232459423058 0.06592498184962743 0.052326116008908664
3 0.73046875 0.015625 0.0515625 0.03125
3 0.8981759631100795 0.17990129726291232 0.02668976502711473 0.02218408267027261
4 0.889977643730043 0.2479700445974123 0.09601245764913066 0.12142156134627217
4 0.6375 0.09453125 0.115625 0.1890625
5 0.69921875 0.2046875 0.2390625 0.409375
5 0.91328125 0.2921875 0.1734375 0.353125
0 0.36783395725634715 0.6523035559357303 0.20378859621281223 0.1164260733609078
0 0.11640625 0.5125 0.2328125 0.0875
3 0.14729874345889646 0.616585873965638 0.14285109621281214 0.1157170013526354
3 0.392816297419035 0.7832717452657758 0.10034543364502539 0.06053860534690845
4 0.32265625 0.90390625 0.2390625 0.1921875
4 0.128125 0.84921875 0.25625 0.3015625
5 0.13125 0.734375 0.2625 0.53125
5 0.32109375 0.79296875 0.2953125 0.4140625
2 0.6596805687908615 0.691496061982819 0.006277271077238744 0.0047602253341818114
2 0.6776493187908614 0.6912869766470464 0.006295451795398144 0.007885225334181812
2 0.8605436320225781 0.7032222606222293 0.011073855386194254 0.023564769334818082
2 0.8693600958200285 0.7414035132877294 0.01730567466803521 0.020512494668999893
3 0.8676248789975158 0.7117341946212747 0.011055674668035208 0.02043976933481808
3 0.8647316831540461 0.7516143072883656 0.007857951795398322 0.007903406667727176
4 0.6590220386384363 0.7125989026495917 0.012672716822512697 0.029832950668363622
4 0.6762049934588965 0.7116176579805918 0.012654536104353475 0.026707950668363623
4 0.8711089481811609 0.7734165819541838 0.023664758976990184 0.0393352200031817
4 0.892647604895215 0.7153495432845477 0.042532933645025396 0.05986589600572696
5 0.8874833819243821 0.7677569279519567 0.0697499394987581 0.17267497867599949
5 0.8688697373105765 0.7914126039545021 0.03665563836728971 0.12385567067154506
5 0.6769635175611974 0.707702317313819 0.017423849336070062 0.040824994668999894
5 0.6605663579202771 0.7094557213160463 0.015879530054229284 0.043931813335454525