8 0.33984375 0.259375 0.6796875 0.51875
0 0.3904037060970064 0.4456441427434511 0.011019313231716588 0.014189769334818081
7 0.40124575732667045 0.46217766207826916 0.022011355386194253 0.02369203866963616
5 0.39893836876298894 0.455900390077951 0.028334078258831143 0.03626476400381797
9 0.58359375 0.45859375 0.1921875 0.1203125
9 0.6125 0.34375 0.134375 0.35
4 0.83984375 0.4609375 0.3203125 0.115625
1 0.8625 0.29609375 0.275 0.4109375
2 0.83984375 0.04765625 0.3203125 0.0953125
5 0.83984375 0.259375 0.3203125 0.51875
3 0.66640625 0.6375 0.0265625 0.0375
3 0.4228081817001179 0.9793100707351787 0.018940897540672096 0.03303067600254543
0 0.6453125 0.5703125 0.06875 0.103125
0 0.44609375 0.92734375 0.0859375 0.1453125
7 0.34921875 0.91796875 0.1765625 0.1640625
5 0.378125 0.9125 0.284375 0.175
4 0.90703125 0.77421875 0.1859375 0.4515625
5 0.83984375 0.759375 0.3203125 0.48125