8 0.2413742660725422 0.2265625 0.08564988271799763 0.378125
4 0.734375 0.04765625 0.53125 0.0953125
5 0.675 0.24453125 0.65 0.4890625
8 0.175 0.74453125 0.35 0.5109375
0 0.8453125 0.52890625 0.159375 0.0796875
3 0.8697805294000425 0.64921875 0.09943747334499946 0.0859375
3 0.6097520960773146 0.72734375 0.18308631468808995 0.1578125
4 0.515625 0.90078125 0.33125 0.1984375
4 0.87578125 0.86640625 0.2453125 0.2671875
5 0.86953125 0.74453125 0.2609375 0.5109375
5 0.5609375 0.74453125 0.421875 0.5109375