8 0.178125 0.0703125 0.35625 0.140625
8 0.7046875 0.2296875 0.590625 0.459375
8 0.80625 0.3453125 0.3875 0.228125
7 0.5309393651487516 0.3640625 0.03144998789975162 0.034375
2 0.525652422330344 0.3328125 0.01572499394987581 0.0171875
5 0.5426217537124332 0.3703125 0.06464428298109545 0.1
2 0.2199836844305924 0.625 0.011001132513557365 0.0109375
2 0.26777174463724684 0.60234375 0.014144313231716587 0.0140625
2 0.2825564073032293 0.6125 0.009429542154477666 0.009375
4 0.2260155158126816 0.6625 0.02521816861791084 0.0375
4 0.26834846155795544 0.6375 0.01894998789975162 0.034375
4 0.29096380494209717 0.64453125 0.02520907825883114 0.0359375
5 0.29394790437636314 0.66875 0.05387949980360816 0.1296875
5 0.2691842537124332 0.628125 0.03319429508134384 0.065625
5 0.24408425976255738 0.6453125 0.041070427594901204 0.0765625
4 0.24251721458301762 0.64609375 0.026807939695149587 0.0421875
4 0.22829108811958446 0.67421875 0.044413596212812226 0.1140625
7 0.16640625 0.7734375 0.3328125 0.453125
3 0.04921875 0.58125 0.0984375 0.10625
5 0.17109375 0.7296875 0.3421875 0.540625
3 0.8262796571068376 0.628125 0.02353749394987581 0.0171875
2 0.819334765518094 0.61328125 0.03293976502711473 0.021875
4 0.8323342143866258 0.66171875 0.06282725292686635 0.05625
5 0.8508115036142373 0.70859375 0.15450673458010195 0.2375