1 0.19636811203054405 0.034375 0.0741829346753633 0.0640625
7 0.17321351738540666 0.19296875 0.17327605736790747 0.2546875
5 0.16875 0.2796875 0.3375 0.559375
6 0.858181052752996 0.4265625 0.11764312802354446 0.1734375
6 0.63984375 0.121875 0.1203125 0.24375
6 0.940625 0.115625 0.11875 0.23125
6 0.63359375 0.51328125 0.0796875 0.0921875
6 0.79140625 0.52421875 0.0796875 0.0703125
6 0.6344617420830416 0.40234375 0.10835903469127164 0.18125
8 0.28984375 0.7796875 0.5796875 0.440625
0 0.5111936806969986 0.65625 0.031577264003817974 0.028125
7 0.5056345713717254 0.715625 0.07723520934118148 0.0578125
5 0.49297093936981645 0.7015625 0.11553518801718106 0.1265625
4 0.81640625 0.86484375 0.3671875 0.2703125
5 0.78984375 0.7796875 0.4203125 0.440625