8 0.06300138964383599 0.40390625 0.05348861436318479 0.0625
8 0.0484375 0.3953125 0.096875 0.075
1 0.7762427747896721 0.1265625 0.41998628883482797 0.2125
2 0.83515625 0.02109375 0.3296875 0.0421875
4 0.7296875 0.409375 0.540625 0.2
5 0.7296875 0.2546875 0.540625 0.509375
3 0.09140625 0.9546875 0.1390625 0.090625
2 0.090625 0.6421875 0.18125 0.146875
5 0.20990522336361633 0.68515625 0.06159200585373235 0.1125
5 0.20234375 0.784375 0.4046875 0.43125
6 0.9593729164766115 0.953125 0.04256929508134384 0.065625
6 0.849984280937992 0.95546875 0.02522725897699054 0.0390625
6 0.7390149646812134 0.9609375 0.015815897540672096 0.0328125
6 0.6116121273471959 0.97109375 0.012645445745273775 0.025