1 0.0359375 0.0640625 0.071875 0.084375
7 0.06171875 0.234375 0.1234375 0.271875
5 0.10546875 0.2046875 0.2109375 0.409375
5 0.84765625 0.2046875 0.3046875 0.409375
5 0.67734375 0.2046875 0.3546875 0.409375
7 0.31328125 0.56015625 0.1359375 0.3015625
5 0.3171875 0.7046875 0.175 0.590625
5 0.4734375 0.7046875 0.053125 0.590625
8 0.5734375 0.61015625 0.146875 0.3265625
8 0.75 0.7046875 0.5 0.590625
2 0.7548933012810479 0.4972723713952676 0.011101132001908987 0.014126132513557366
4 0.755210927275639 0.5371115762157277 0.017678396005727137 0.04228749394987581
5 0.7451092212762753 0.5324831635497452 0.043223836012090365 0.08930793969514976
3 0.7500239879455934 0.5129246424725065 0.00950226933481808 0.010992042154477666