8 0.21732139373004297 0.31015625 0.21560786104353494 0.265625
8 0.4189611617822197 0.3234375 0.19715784289316235 0.3171875
9 0.057669658658961696 0.396875 0.10186248184962743 0.0515625
6 0.045969089377121006 0.4 0.01426248789975162 0.034375
8 0.97109375 0.1421875 0.0578125 0.24375
8 0.62890625 0.31015625 0.1578125 0.3703125
8 0.96796875 0.39921875 0.0640625 0.3015625
9 0.04709979732083913 0.62578125 0.05496930113146814 0.0484375
8 0.228125 0.60390625 0.25625 0.1078125
0 0.6526180234149299 0.8796875 0.13164997579950324 0.06875
3 0.6411856197259379 0.92890625 0.04398634933607006 0.040625
4 0.79921875 0.94921875 0.2578125 0.1015625
5 0.775 0.9203125 0.45 0.159375