8 0.43671875 0.06875 0.3640625 0.1375
8 0.809375 0.2546875 0.38125 0.509375
6 0.11645969931572804 0.59375 0.022438621339908947 0.0484375
6 0.21894889998409167 0.58125 0.012954533338636054 0.0390625
6 0.2588199219844098 0.57890625 0.009738626670908879 0.03125
6 0.28540969398472793 0.5765625 0.009738626670909056 0.03125
6 0.50078125 0.9140625 0.1171875 0.171875
6 0.3246620033020469 0.69453125 0.04169769867918127 0.0921875
6 0.39399380597550115 0.64453125 0.024110209341181486 0.0578125
6 0.4239176633115919 0.62421875 0.017751121339908593 0.0484375
6 0.44500232264481915 0.625 0.012954533338636054 0.0390625
6 0.4569483393141372 0.60546875 0.014389764003817973 0.028125
6 0.45083469931572806 0.59375 0.012845445337363514 0.0296875
6 0.30495912531827346 0.575 0.009665901336727244 0.025
6 0.33927958131763714 0.5796875 0.008085220003181704 0.0234375
6 0.05918354865531868 0.54765625 0.009684082670272431 0.0265625
6 0.11932161732177322 0.54921875 0.014462489337999785 0.034375
9 0.309375 0.7546875 0.61875 0.490625
0 0.97890625 0.778125 0.0421875 0.265625
5 0.8703125 0.7546875 0.259375 0.490625