8 0.06015625 0.175 0.1203125 0.209375
6 0.03671875 0.047278479217348755 0.009375 0.020367042154477665
7 0.09140625 0.08367906664956211 0.0125 0.023510222872636887
0 0.09296875 0.0672637262904825 0.00625 0.006286361436318444
5 0.0890625 0.08759895218818156 0.0203125 0.04855567466803503
0 0.428125 0.09343884426790457 0.0078125 0.006295451795397966
0 0.43359375 0.09887577801112588 0.00625 0.009411361436318443
7 0.425 0.10595702498606378 0.009375 0.014117042154477843
7 0.43046875 0.1129564587292851 0.0125 0.02194772287263689
5 0.43125 0.11373316354974525 0.0171875 0.04072499394987581
5 0.42109375 0.11144850088376276 0.0203125 0.04699317466803503
7 0.775 0.103125 0.45 0.20625
5 0.775 0.10859375 0.45 0.2171875
5 0.275 0.63984375 0.55 0.7203125
4 0.20859375 0.84921875 0.4171875 0.3015625
1 0.26015625 0.6742393923743105 0.221875 0.25910333098930566
2 0.325 0.36640625 0.234375 0.1734375
9 0.92578125 0.47734375 0.1484375 0.3203125
2 0.8546875 0.37578125 0.225 0.1921875
2 0.66875 0.4046875 0.2375 0.25
3 0.78671875 0.49676889822804304 0.1140625 0.12253859621281205
3 0.58671875 0.65234375 0.0734375 0.1953125
4 0.746875 0.32734375 0.1 0.0953125
4 0.946875 0.36536838642238223 0.096875 0.15525110226293623
4 0.7296875 0.729131946334449 0.3515625 0.512982830792914
5 0.93828125 0.67421875 0.1234375 0.6515625
5 0.66640625 0.63984375 0.2328125 0.7203125
5 0.74765625 0.346875 0.1234375 0.134375
5 0.915625 0.4640625 0.16875 0.36875
5 0.75703125 0.63984375 0.4140625 0.7203125