8 0.2 0.3453125 0.4 0.246875
2 0.11312515125310511 0.428125 0.032894313231716585 0.0140625
5 0.14296875 0.44296875 0.1109375 0.0515625
8 0.0703125 0.70859375 0.140625 0.1984375
6 0.32119516384433283 0.86015625 0.01916815651766246 0.071875
6 0.04166778688992041 0.5640625 0.006368174668035032 0.0203125
7 0.10324563632418635 0.58828125 0.007948855386194253 0.0234375
0 0.10177858509452235 0.571875 0.006286361436318444 0.00625
5 0.10165586524694747 0.59296875 0.012781801131468207 0.0484375
8 0.8397275161072691 0.90859375 0.036319295081343836 0.065625
6 0.9010917421031641 0.96953125 0.006340903590796287 0.015625
6 0.9259690222555893 0.990625 0.004778403590796287 0.015625
5 0.8609375 0.99375 0.009375 0.0125
0 0.7941013987190224 0.9625 0.004705680718159222 0.003125
5 0.7948371969236242 0.9703125 0.009493174668035032 0.0203125
6 0.892429814410067 0.98125 0.006331813231716765 0.0140625
6 0.9385553806668456 0.97578125 0.0032249939498758097 0.0171875
7 0.8903042330279778 0.94375 0.0063045421544778435 0.009375
5 0.8910627571302786 0.94765625 0.007939765027114732 0.021875
8 0.9130604769778536 0.9265625 0.020539758976990542 0.0390625
9 0.8889826275435876 0.90234375 0.02511817466803521 0.0203125
9 0.8669985432346323 0.92109375 0.028261355386194252 0.0234375