2 0.68359375 0.0984375 0.2296875 0.196875
5 0.784375 0.21484375 0.43125 0.4296875
5 0.22109375 0.9484375 0.3734375 0.103125
7 0.54765625 0.64765625 0.0421875 0.1578125
1 0.5350504460534521 0.5671875 0.027035214672181597 0.040625
1 0.18860161270686177 0.46953125 0.02999658267027261 0.0265625
1 0.061512948718952146 0.55859375 0.028452264003818017 0.028125
1 0.1958157707272245 0.61953125 0.03793635200509069 0.0375
1 0.39796752204008906 0.46875 0.04104317067154532 0.0359375
2 0.047014096713861475 0.52109375 0.06624316534054513 0.053125
2 0.025901618037861906 0.45234375 0.02843408267027252 0.0265625
2 0.0609375 0.44140625 0.0375 0.0234375
2 0.18019022338477036 0.55234375 0.09618520401018138 0.075
4 0.4238220447167249 0.5421875 0.09856586401972649 0.1453125
4 0.23068057204804324 0.52734375 0.08581132535009015 0.1234375
4 0.16898164540895105 0.73046875 0.12113175469445334 0.2046875
4 0.09149989337999784 0.5171875 0.06360906134627217 0.0953125
4 0.05068508406267895 0.63515625 0.07830790802036267 0.15
4 0.044352173376816184 0.49375 0.037827264003818015 0.028125
5 0.01171875 0.7109375 0.0234375 0.453125
5 0.028125 0.67421875 0.05625 0.4421875
5 0.06875 0.721875 0.1375 0.45
5 0.0328125 0.46875 0.065625 0.0625
5 0.0953125 0.4953125 0.109375 0.13125
5 0.19697028540736022 0.71875 0.2330885040579065 0.4265625
5 0.2328125 0.5390625 0.16875 0.21875
5 0.24921875 0.4453125 0.0546875 0.03125
5 0.425 0.553125 0.18125 0.246875
5 0.540625 0.67734375 0.05625 0.3859375
0 0.5391197807129069 0.5140625 0.05069089067472703 0.059375
1 0.784375 0.74140625 0.43125 0.4296875
2 0.784375 0.4921875 0.43125 0.125
4 0.784375 0.821875 0.43125 0.35625
5 0.784375 0.71484375 0.43125 0.5703125