8 0.4078125 0.28359375 0.24375 0.5671875
8 0.271875 0.159375 0.25 0.31875
8 0.1264404899347757 0.10821884329250189 0.09344201201463562 0.10888519867918127
0 0.76640625 0.0390625 0.0859375 0.078125
0 0.6252881646244565 0.07070011461650232 0.09022610534690845 0.10103633601209036
2 0.89609375 0.03203125 0.0890625 0.0640625
3 0.9152222739497295 0.1266933865770496 0.044549978675999566 0.0692590773392725
3 0.771654087285184 0.11274106926323046 0.04580339600572714 0.04271475867281786
3 0.6249967159452753 0.1628785239497296 0.04745680267345413 0.05054544000636332
4 0.625613239258458 0.3112887519494114 0.13922832137172544 0.2843942760184538
4 0.790266632598685 0.25859846192713964 0.14998400803627093 0.2688965453532717
4 0.95234375 0.30625 0.0953125 0.35
5 0.90078125 0.3046875 0.1984375 0.609375
5 0.7984375 0.3046875 0.265625 0.609375
5 0.63828125 0.3109375 0.2171875 0.596875
5 0.5703125 0.3203125 0.08125 0.578125
5 0.26484375 0.8046875 0.5296875 0.390625
4 0.28515625 0.85625 0.4171875 0.2875
1 0.271875 0.6796875 0.21875 0.140625
8 0.76484375 0.8046875 0.4703125 0.390625