8 0.47200889373004296 0.20566327124445855 0.13673745159900647 0.1390817760184536
8 0.25260490875715763 0.23009274860759366 0.10689541549465283 0.11217383068109026
8 0.14132652029167195 0.1727898732893202 0.06149201190385671 0.09602157200827222
9 0.16916517398066402 0.12324385928550222 0.02831589754067192 0.033139764003817976
9 0.10735552038986781 0.1083370219605472 0.03300339754067192 0.03319430800445424
9 0.07377995110802704 0.1118529206317743 0.020430674668035033 0.020548857336090798
9 0.056710625776062076 0.13236541530077428 0.03616475897699045 0.03948067067154533
9 0.8546875 0.225 0.290625 0.45
1 0.42722259279496655 0.7998507179344576 0.21388173458010193 0.2399726613621806
2 0.54765625 0.565625 0.2953125 0.23125
5 0.41796875 0.725 0.5828125 0.55
7 0.7890625 0.61796875 0.159375 0.2140625
3 0.7958266261688456 0.5275837245783223 0.03779089149054791 0.05043635200509069
0 0.80234375 0.4703125 0.0609375 0.040625
5 0.80859375 0.725 0.1984375 0.55