8 0.08828125 0.52109375 0.1765625 0.1578125
8 0.07453937422393793 0.43814926873804216 0.09738406010845857 0.08862724267981754
7 0.25359106996921177 0.4152310314289956 0.007894313231716587 0.014153406667727353
0 0.25444504284184877 0.40274012209576837 0.006286361436318444 0.006322725334181811
5 0.2543859555078313 0.41289637209576835 0.011128397540671919 0.032939769334818084
8 0.80625 0.3 0.3875 0.6
7 0.9320615036142372 0.30899702339272456 0.022193162567786473 0.054942038669636165
5 0.9217779885871227 0.33075384472467917 0.0431510780624393 0.16611589600572696
8 0.16796875 0.734375 0.3359375 0.26875
5 0.0796875 0.65078125 0.0625 0.1015625
7 0.09949794672723253 0.630415848026726 0.023746572208706997 0.0533977200031817
4 0.92265625 0.67578125 0.0796875 0.1515625
4 0.8204917027773566 0.8866225840626789 0.09818401170746505 0.22612724267981754
3 0.9390625 0.61796875 0.025 0.0359375
3 0.8517649495559029 0.748695870066815 0.014280668617911019 0.03766363200190916
2 0.8287637867917246 0.6734231500636334 0.06617042154477701 0.09451361600890866
5 0.9234375 0.7765625 0.084375 0.353125
5 0.83515625 0.81171875 0.1328125 0.3765625
8 0.8609375 0.8 0.278125 0.4