8 0.459375 0.1640625 0.21875 0.328125
8 0.08125 0.3140625 0.1625 0.390625
9 0.128125 0.15841090105671346 0.0453125 0.05182612041330899
9 0.265625 0.06542344945770698 0.0421875 0.054932939695149584
9 0.153125 0.1277967053114395 0.11875 0.08037836729005096
9 0.1421875 0.23411033782499685 0.078125 0.0754545179539809
0 0.10625 0.217913166083828 0.009375 0.009429542154477843
7 0.11015625 0.23195294018612903 0.0109375 0.017251132513557366
5 0.10859375 0.22805578054520864 0.0140625 0.03133181323171659
0 0.47734375 0.26028545580241885 0.0109375 0.009438632513557366
7 0.48828125 0.2867843232888615 0.0203125 0.037618174668035034
5 0.4859375 0.30632920882748094 0.04375 0.10494203005422928
0 0.26171875 0.24435242535540613 0.009375 0.007867042154477843
4 0.2703125 0.2630524283804682 0.0140625 0.02820681323171641
5 0.27265625 0.2786637928418488 0.028125 0.08297612646343318
5 0.259375 0.2795223108940255 0.0296875 0.08454771682251269
5 0.34375 0.36731268150372615 0.04375 0.10806703005422928
5 0.315625 0.3776325579671592 0.046875 0.10964771077238851
5 0.296875 0.38008539227611465 0.0390625 0.11272725897699036
5 0.27890625 0.3794086814055303 0.04375 0.1111920300542291
5 0.28046875 0.3176808410464506 0.0140625 0.01726931323171641
5 0.25703125 0.31078594643264496 0.0203125 0.03449317466803503
0 0.25546875 0.3014200367917246 0.0140625 0.015706813231716587
7 0.26015625 0.31779901571448566 0.0125 0.015697722872636887
0 0.240625 0.3022876452029809 0.0109375 0.011001132513557365
7 0.2453125 0.328822874125742 0.021875 0.04387726502711473
5 0.24375 0.3241444644848217 0.0265625 0.06265453610435348
0 0.25546875 0.32720128679172455 0.0140625 0.015706813231716587
7 0.25546875 0.35454503679172455 0.021875 0.037627265027114734
5 0.25859375 0.37952685607356534 0.040625 0.12054884933607006
7 0.2765625 0.3575473169441497 0.03125 0.0439318071815924
7 0.29375 0.355884822994274 0.0265625 0.04546703610435365
7 0.3125 0.3596819886853185 0.0359375 0.045521578258831144
7 0.340625 0.35092461222188537 0.0328125 0.04237839754067192
0 0.33203125 0.32284960919682326 0.0125 0.014135222872636887
0 0.3109375 0.33156607904439817 0.0125 0.014135222872636887
0 0.284375 0.32547061514875164 0.0109375 0.011001132513557365
0 0.26875 0.3310302687395478 0.0125 0.014135222872636887
0 0.2515625 0.24363026268942356 0.0109375 0.009438632513557366
0 0.2234375 0.2555126391528567 0.0125 0.011010222872636888
0 0.21484375 0.24931263612779464 0.0109375 0.011001132513557365
0 0.19296875 0.3025649011549093 0.0109375 0.012563632513557365
0 0.22265625 0.3023921843323965 0.0125 0.014135222872636887
0 0.2140625 0.3360359313073344 0.0125 0.015697722872636887
0 0.2046875 0.34468422346181204 0.0125 0.014135222872636887
0 0.15703125 0.3301177294137405 0.0140625 0.01414431323171641
0 0.12890625 0.3779376058771735 0.0109375 0.017251132513557366
6 0.16875 0.3120808017206434 0.0140625 0.02976931323171641
5 0.05859375 0.4760029220357563 0.0265625 0.032967036104353295
7 0.1390625 0.4052222685431561 0.025 0.04233294574527378
5 0.1515625 0.4160870456705192 0.059375 0.1097204336450254
5 0.16640625 0.37615693725926286 0.0421875 0.11118293969514959
5 0.190625 0.33070353669352864 0.0375 0.07209316861791085
5 0.23203125 0.38358764217791885 0.046875 0.11746021077238851
5 0.2140625 0.3891609313073344 0.046875 0.12214771077238851
5 0.225 0.326597298793777 0.028125 0.06266362646343318
5 0.228125 0.2726728680756178 0.021875 0.05168976502711473
5 0.21640625 0.26961604576871495 0.021875 0.05637726502711473
7 0.16015625 0.36056829869558127 0.025 0.04545794574527377
7 0.19375 0.32521660597536944 0.01875 0.028234084308955333
7 0.21171875 0.36886206684595385 0.028125 0.04235112646343318
7 0.228125 0.3664228680756178 0.028125 0.047038626463433174
7 0.225 0.3281597987937771 0.0234375 0.040761355386194256
7 0.22890625 0.2773558228960781 0.0171875 0.03291249394987581
7 0.21796875 0.27429445540963543 0.0171875 0.029787493949875808
7 0.25703125 0.2662546964326449 0.021875 0.03293976502711473
6 0.2375 0.12808707592114016 0.009375 0.025054542154477666
6 0.2453125 0.121010374125742 0.0078125 0.018795451795397967
6 0.2390625 0.11401548556206054 0.009375 0.028179542154477665
6 0.97421875 0.02890625 0.0484375 0.0578125
5 0.8828125 0.40546875 0.234375 0.2078125
9 0.784375 0.2546875 0.43125 0.509375
9 0.45234375 0.866907639643836 0.0296875 0.034547716822512696
9 0.3296875 0.901214982831586 0.0265625 0.0314045361043533
9 0.07109375 0.9292819372592629 0.015625 0.037590903590795935
9 0.103125 0.9400330848981305 0.0796875 0.0848386083130606
9 0.14296875 0.9468325307416003 0.015625 0.03759090359079629
9 0.1671875 0.9380978801758662 0.046875 0.05339771077238851
3 0.90234375 0.54609375 0.1015625 0.0734375
3 0.715625 0.5484375 0.125 0.078125
4 0.7609375 0.7233904855620606 0.35 0.3864112404338343
4 0.92421875 0.6859375 0.1515625 0.3
5 0.9 0.7546875 0.2 0.490625
5 0.784375 0.7546875 0.43125 0.490625