6 0.39041898456400476 0.4033274495559029 0.024219297342454028 0.06732385538619426
0 0.3066643392743663 0.08196150966436147 0.006304544000636269 0.004723861436318444
0 0.30036888594050276 0.08590412110067991 0.006340906667727175 0.007848861436318444
7 0.30494729793923003 0.09525185002344116 0.007957950668363623 0.012545451795397965
7 0.2978615039385938 0.09998025663929937 0.011173857336090798 0.020376132513557365
5 0.297071163271821 0.10076605181883913 0.012954533338636054 0.03913522287263689
5 0.30721832260504833 0.1014882144848217 0.016152258672817867 0.04540340359079629
1 0.6165029632797753 0.33377801883774366 0.16375560669954403 0.24312380698520056
2 0.7625 0.0921875 0.2875 0.184375
5 0.734375 0.25 0.53125 0.5
8 0.22109375 0.75 0.4421875 0.5
6 0.59453125 0.890625 0.2515625 0.21875
6 0.87734375 0.86171875 0.1671875 0.2765625
6 0.978125 0.81171875 0.04375 0.2390625