8 0.175 0.225 0.35 0.45
2 0.12711429396086552 0.16204239676158655 0.028343176002545434 0.019077264003817974
2 0.33032855860123045 0.3581832421228125 0.01578863200190881 0.01424431333545435
4 0.33383481926323066 0.39260369545667617 0.012863626670908701 0.03139545066836362
5 0.3292745885980487 0.3816116514560398 0.021021572008272215 0.0611738573360908
7 0.13108363128582035 0.2238156907622229 0.06028406667727211 0.07881589067472686
3 0.12444327995704736 0.19014012476126835 0.018968176002545432 0.018968176002545346
5 0.13206487595482025 0.20663728142899557 0.08873633068109026 0.10726815467854482
4 0.4395052059595928 0.16334597935231732 0.1283453653723619 0.2889545066836356
0 0.384375 0.0140625 0.065625 0.028125
3 0.39609375 0.0375 0.0390625 0.075
5 0.44375 0.225 0.1875 0.45