8 0.26953125 0.225 0.5390625 0.45
9 0.403125 0.3171875 0.271875 0.265625
0 0.28046875 0.4703125 0.0734375 0.040625
0 0.340625 0.4868151300922685 0.021875 0.02681703866963616
0 0.3640625 0.4792753500954502 0.0125 0.011082950668363623
7 0.35859375 0.5018679654280411 0.0171875 0.02988749466899989
0 0.38046875 0.48024750409767736 0.028125 0.02845226400381797
0 0.42421875 0.46747533143694986 0.0328125 0.03163180800445424
0 0.48359375 0.4916037221116767 0.0265625 0.02687158267027261
0 0.5265625 0.5053849587841764 0.0234375 0.025272720003181703
7 0.51015625 0.58671875 0.0578125 0.1015625
7 0.4734375 0.5766417934436313 0.0453125 0.10990225867281786
7 0.415625 0.5603440841024498 0.0703125 0.11956816000954511
7 0.37421875 0.5528310287634955 0.0578125 0.1022352093411815
7 0.33828125 0.5500691080919504 0.0453125 0.08646475867281786
7 0.2390625 0.49140625 0.04375 0.0828125
7 0.16796875 0.5043373427354968 0.046875 0.07710794000636341
7 0.1546875 0.4948078014003606 0.015625 0.05643181333545435
7 0.0828125 0.48772146005727013 0.0203125 0.0252363573360908
7 0.05546875 0.49140625 0.0703125 0.0828125
7 0.00546875 0.48125 0.0109375 0.0625
7 0.1046875 0.5426634987269063 0.103125 0.17151246801399936
7 0.203125 0.5227151727402694 0.0796875 0.11186474801081765
7 0.30546875 0.515625 0.0640625 0.13125
7 0.24609375 0.6450901594127691 0.121875 0.2576681440165448
3 0.1015625 0.4637208860598155 0.0109375 0.02043976933481808
3 0.1609375 0.45816177673454234 0.0078125 0.011028406667727175
3 0.1734375 0.46065097740290584 0.0109375 0.011064769334818082
3 0.203125 0.4672464227402694 0.01875 0.017405676002545434
0 0.19375 0.45932483473899666 0.0078125 0.017278406667727175
3 0.25 0.5006043627466327 0.009375 0.028234088001272716
3 0.33671875 0.5078634267584048 0.009375 0.011046588001272539
3 0.3765625 0.5075458007638136 0.015625 0.01424431333545435
3 0.41953125 0.49710828743631347 0.0203125 0.015861357336090797
1 0.48359375 0.5150412221116767 0.0109375 0.02200226933481808
3 0.5234375 0.5311298461170855 0.0171875 0.015824994668999892
5 0.52578125 0.64375 0.0265625 0.309375
5 0.49921875 0.6234375 0.0796875 0.271875
5 0.47890625 0.6196741781110404 0.1078125 0.28875451201463564
5 0.40390625 0.6046875 0.1046875 0.309375
5 0.3625 0.49488216876190466 0.0234375 0.044022720003181706
5 0.365625 0.5917935314289956 0.0859375 0.25568747334499947
5 0.33203125 0.5796838827577686 0.0640625 0.2179329346753633
5 0.28515625 0.64296875 0.1296875 0.3859375
5 0.23984375 0.5046875 0.0578125 0.109375
5 0.19375 0.6 0.121875 0.3
5 0.1640625 0.540625 0.065625 0.18125
5 0.15625 0.53046875 0.05 0.1609375
5 0.09453125 0.640625 0.1453125 0.38125
5 0.04765625 0.5546875 0.0953125 0.209375
5 0.01171875 0.51171875 0.0234375 0.1234375
5 0.23515625 0.725 0.1796875 0.55
8 0.76953125 0.725 0.4609375 0.55