8 0.184375 0.32578125 0.36875 0.5484375
9 0.278125 0.5546875 0.2625 0.090625
8 0.7196791574014252 0.3393652287157705 0.39340664987836294 0.4826703333863612
2 0.6865035639190876 0.2670993300445434 0.01884999394987581 0.017405676002545258
3 0.6879024374556545 0.2952425113780889 0.007885222872636887 0.012590906667727175
4 0.6877388109922213 0.32336751137808883 0.04248748184962743 0.05205339600572696
5 0.7017331332991242 0.33524989337999783 0.0868374455488821 0.15568747334499947
5 0.812989316747758 0.1474691773949517 0.03331246974937905 0.08631930800445442
9 0.03125 0.68046875 0.0625 0.1609375
4 0.2875 0.62109375 0.0375 0.0421875
5 0.29140625 0.6625 0.0609375 0.125
8 0.78671875 0.8 0.4265625 0.4
8 0.4734375 0.8 0.128125 0.4