8 0.25546875 0.2046875 0.5109375 0.409375
8 0.48515625 0.24453125 0.1671875 0.3296875
8 0.784375 0.2046875 0.43125 0.409375
4 0.1078125 0.90703125 0.215625 0.1859375
4 0.19800310353948253 0.88984375 0.10396131303532483 0.14375
4 0.38828125 0.90390625 0.2609375 0.1921875
4 0.3697786304704539 0.77265625 0.051962475799503235 0.06875
4 0.4921875 0.81796875 0.153125 0.3453125
4 0.14375 0.45546875 0.209375 0.0921875
0 0.5420041301758662 0.578125 0.03322156615858276 0.0703125
0 0.5205876724285398 0.63359375 0.047120439695149584 0.0421875
0 0.4879342537124332 0.60625 0.023701120413308983 0.0453125
0 0.4103046782822723 0.52109375 0.11922269867214012 0.08125
0 0.36908880494209717 0.62265625 0.08476588544042354 0.0671875
0 0.3367257568356911 0.6796875 0.048773843285945875 0.0578125
0 0.2555893863241863 0.66015625 0.12408291549465282 0.1109375
0 0.14585986232008125 0.72109375 0.08319429508134393 0.065625
0 0.05572522082953348 0.77109375 0.0972749757995032 0.06875
5 0.41328125 0.4484375 0.2640625 0.078125
5 0.14296875 0.47265625 0.2859375 0.1265625
5 0.0703125 0.4765625 0.140625 0.134375
3 0.16495477508425962 0.79609375 0.048664758976990366 0.0390625
3 0.2947059075978169 0.78515625 0.07373748184962743 0.0515625
3 0.35984509426790456 0.734375 0.031395445745273774 0.025
3 0.3850359918085765 0.7015625 0.03925339754067192 0.0328125
3 0.4393876694034778 0.625 0.06910452400410509 0.0609375
5 0.5363581181738137 0.60859375 0.044504499803608336 0.1296875
5 0.5166632417103807 0.63671875 0.0362920240041051 0.0609375
5 0.475 0.7359375 0.1875 0.528125
5 0.37274507006740765 0.665625 0.07902494554888229 0.1546875
5 0.35987236534514333 0.7296875 0.08686471662612102 0.159375
5 0.3796875 0.78828125 0.35625 0.4234375
5 0.18983205523668478 0.8171875 0.16876922247985346 0.271875
5 0.22693714549756852 0.75078125 0.060147680521767465 0.1328125
5 0.06349681421367522 0.778125 0.11312723477649364 0.1078125
5 0.15390625 0.75625 0.3078125 0.4875
5 0.8734375 0.69609375 0.253125 0.3828125