8 0.3 0.29453125 0.6 0.5890625
0 0.1349038034691592 0.1921875 0.034556807181592396 0.03125
3 0.13195152029167198 0.221875 0.018886355386194254 0.0234375
7 0.11098049013924678 0.24296875 0.06612496974937905 0.0859375
5 0.1229401346548566 0.284375 0.12006810206654457 0.2265625
2 0.8148731046006272 0.165625 0.08323974687674189 0.0734375
4 0.80546875 0.43203125 0.1515625 0.3140625
1 0.7865031857863248 0.2578125 0.026907933645025573 0.059375
5 0.8640625 0.35703125 0.271875 0.4640625
8 0.3 0.79453125 0.6 0.4109375
0 0.9421875 0.6515625 0.115625 0.125
5 0.9 0.79453125 0.2 0.4109375