8 0.18984375 0.28828125 0.3796875 0.5234375
8 0.29765625 0.37578125 0.1640625 0.3484375
4 0.13509105484390133 0.3921875 0.08495678298109555 0.1
2 0.15124784085005896 0.30078125 0.026671584308955422 0.01875
3 0.1447614915139889 0.34140625 0.023564765027114642 0.021875
5 0.1372848139190876 0.41796875 0.13278627068445542 0.2640625
7 0.55859375 0.0328125 0.1296875 0.065625
5 0.54609375 0.18046875 0.1640625 0.3609375
9 0.2743575670423456 0.77734375 0.19807492739850954 0.20625
8 0.47421875 0.73046875 0.1890625 0.3609375
2 0.4007144922013599 0.8453125 0.01259090359079611 0.015625
3 0.3967264289696434 0.859375 0.009411361436318488 0.00625
7 0.39375 0.890625 0.028125 0.059375
5 0.3984375 0.9140625 0.0375 0.15625