8 0.3375 0.24453125 0.503125 0.4890625
7 0.37374813485124836 0.15013881704234552 0.02999657220870695 0.0532977168225127
5 0.3629151739806639 0.1681711995559029 0.06482609016268803 0.1316227047222643
5 0.971875 0.4203125 0.05625 0.1375
4 0.9720856409013725 0.4165092264868743 0.03152271077238851 0.0470568071815924
3 0.9750515596174794 0.38914729576871493 0.0063136325135573655 0.010973861436318445
0 0.9694828156676035 0.37199161202549363 0.023610216822512697 0.029823855386194253
8 0.28671875 0.74453125 0.5734375 0.5109375
8 0.42890625 0.6921875 0.3203125 0.40625
1 0.87421875 0.8546875 0.2515625 0.290625
2 0.79453125 0.6046875 0.4109375 0.23125
5 0.79453125 0.74453125 0.4109375 0.5109375