8 0.17578125 0.42421875 0.1859375 0.1984375
8 0.0703125 0.490625 0.140625 0.178125
0 0.016609528723724586 0.41202067262493164 0.007903406667727353 0.007857951795397966
0 0.007243619390497358 0.4128564647794093 0.007903406667727176 0.007857951795398143
0 0.02360441605663377 0.4088547660090732 0.007903406667727176 0.007857951795397966
0 0.042508957391770075 0.4220269317001179 0.00792158800127254 0.009420451795397966
7 0.04340838605981538 0.4321786365205781 0.014207950668363622 0.012581813231716588
7 0.027692479392088208 0.42445704011137425 0.014317038669636161 0.02195681323171659
7 0.019071457391770075 0.4221632870863122 0.004796588001272539 0.009402271077238922
7 0.008915207391770074 0.42222237442032967 0.011064769334818082 0.011001132513557365
5 0.008097594724679169 0.41910191959986953 0.012718176002545434 0.018822722872636886
5 0.017454413391133627 0.41748487744539176 0.009593176002545434 0.018804542154477667
5 0.02764702605822462 0.42055079011137425 0.01598862667090888 0.03134090359079629
5 0.04337202339272448 0.42905363652057804 0.015915901336727246 0.02509090359079611
5 0.5359375 0.0140625 0.096875 0.028125
7 0.49645157005886087 0.38743025966436145 0.22687377204008907 0.29661242134838534
0 0.46571754869508963 0.16337513612779464 0.09520450668363552 0.12554542154477702
5 0.51796875 0.3328125 0.3234375 0.49375