8 0.234375 0.2546875 0.46875 0.509375
2 0.19328482904439812 0.2453125 0.023592036104353474 0.0265625
3 0.19469733811958445 0.27109375 0.01729658430895533 0.01875
4 0.1928984887835144 0.31171875 0.02846134328594587 0.0578125
5 0.20531213037225798 0.3265625 0.06515334308955412 0.1875
1 0.792434880470454 0.31328125 0.3928248668972675 0.378125
2 0.85390625 0.034375 0.2921875 0.06875
4 0.734375 0.44296875 0.53125 0.1328125
5 0.734375 0.2546875 0.53125 0.509375
8 0.234375 0.7796875 0.46875 0.440625
2 0.4001938800776704 0.76484375 0.03289431323171641 0.0140625
5 0.42109375 0.81953125 0.0953125 0.1296875
0 0.8373120849963265 0.63046875 0.02208407825883114 0.0359375
0 0.9288955969983789 0.6 0.025236349336070062 0.040625
0 0.7783042027773568 0.8359375 0.02050339754067192 0.0328125
0 0.71103943472518 0.84921875 0.017378397540672098 0.0328125
7 0.7156814829297818 0.85703125 0.03938975292686635 0.05625
7 0.8411319765850701 0.6453125 0.03627384328594587 0.0578125
7 0.9217643530485032 0.6171875 0.05672269867214012 0.08125
7 0.9109375 0.5234375 0.046875 0.028125
5 0.90390625 0.56328125 0.0703125 0.1078125
5 0.9052262928418487 0.63984375 0.08980790944452863 0.128125
5 0.8355450519170351 0.665625 0.059974963699254855 0.103125
5 0.7789763684684013 0.8546875 0.03487496974937905 0.0859375
5 0.7155951245185255 0.871875 0.04113406010845857 0.0875