0 0.06552150263227867 0.15573818594845693 0.059965873340175155 0.10225339067472686
0 0.15703125 0.0328125 0.1328125 0.065625
7 0.12335724941082482 0.2933558172740482 0.2283623910977642 0.3120112933640895
5 0.04375 0.25 0.0875 0.284375
4 0.0328125 0.27890625 0.065625 0.1515625
5 0.13984375 0.234375 0.2796875 0.46875
9 0.95078125 0.04296875 0.0984375 0.0859375
7 0.89296875 0.0609375 0.1578125 0.121875
5 0.7359375 0.14765625 0.190625 0.2953125
5 0.821875 0.234375 0.35625 0.46875
9 0.1734375 0.92109375 0.109375 0.1578125
9 0.3451009600850174 0.9362780192552764 0.10841246369925486 0.10437951201463562
7 0.26796875 0.87421875 0.1453125 0.2515625
7 0.06003963797450638 0.8216182719605474 0.09322380093507636 0.17919769867918128
3 0.2970669393023663 0.7376047092616396 0.03777271077238851 0.04731135200509069
3 0.07188058694123409 0.7081915712921838 0.011092036104353475 0.02668976933481808
0 0.09357377975964169 0.6766870326225475 0.056677246876741985 0.07409202800763595
0 0.305260713502863 0.6687547119271396 0.050363614363184796 0.06308180267345413
5 0.24296875 0.7421875 0.2984375 0.515625
5 0.075 0.7859375 0.15 0.428125
8 0.84296875 0.734375 0.3140625 0.53125
4 0.9675834515008106 0.49935182594686606 0.026880662567786828 0.05499658267027261
5 0.96328125 0.49921875 0.0421875 0.0609375