4 0.59296875 0.05234375 0.0921875 0.1046875
4 0.475 0.23359375 0.1125 0.2328125
3 0.5166745912635486 0.096875 0.017642033338636055 0.0390625
2 0.4984375 0.034375 0.075 0.06875
5 0.58984375 0.1546875 0.1171875 0.309375
5 0.496875 0.22890625 0.15625 0.4578125
8 0.709375 0.2296875 0.58125 0.459375
1 0.14921875 0.8171875 0.2984375 0.234375
2 0.14765625 0.5625 0.2953125 0.18125
4 0.209375 0.93359375 0.41875 0.1328125
5 0.209375 0.7296875 0.41875 0.540625
0 0.903125 0.5171875 0.19375 0.115625
7 0.58828125 0.6125 0.3390625 0.30625
3 0.815625 0.509375 0.115625 0.1
7 0.575 0.9421875 0.3125 0.115625
5 0.709375 0.62265625 0.58125 0.3265625
5 0.5859375 0.9046875 0.334375 0.190625