8 0.21875 0.3515625 0.3 0.396875
5 0.22105410327818437 0.394737598623502 0.027089758672817866 0.04562158267027261
0 0.553125 0.05 0.16875 0.1
0 0.8720540766231839 0.16239562392586704 0.12314769334818117 0.11079314401654469
4 0.79765625 0.3953125 0.2296875 0.309375
4 0.47265625 0.3359375 0.2078125 0.428125
5 0.765625 0.31796875 0.35625 0.4640625
5 0.5296875 0.275 0.321875 0.55
3 0.5645870219605473 0.13628984663431964 0.07260225334181776 0.06333634134309048
3 0.8477893259468662 0.23376209392904873 0.07403748400699968 0.05241702267663584
8 0.184375 0.775 0.36875 0.45
8 0.684375 0.775 0.63125 0.45
8 0.8125 0.7234375 0.375 0.346875