8 0.30078125 0.28203125 0.5296875 0.3359375
5 0.35349926736480575 0.38135328138922475 0.05542381908544911 0.1271988466740906
3 0.7920158249391814 0.212340746737724 0.23046018052176756 0.13548515603118041
2 0.8109375 0.05078125 0.31875 0.1015625
4 0.81953125 0.378125 0.3609375 0.14375
5 0.81953125 0.225 0.3609375 0.45
0 0.459375 0.5921875 0.359375 0.284375
3 0.5209190924021831 0.87010034476445 0.2244283491396782 0.1729124306969986
5 0.3703125 0.725 0.5375 0.55
0 0.6609375 0.7109375 0.04375 0.15625
5 0.73125 0.81328125 0.184375 0.3734375