8 0.478125 0.4265625 0.1625 0.353125
8 0.184375 0.36484375 0.36875 0.5890625
5 0.090625 0.60703125 0.071875 0.1046875
5 0.12013451806172444 0.3723579000238626 0.024128390674726895 0.059647720003181706
7 0.11770895206076992 0.3652993780235444 0.009611357336090798 0.020421588001272716
7 0.11122478409449565 0.6136277900222717 0.027235209341181444 0.05812158267027243
3 0.11389525075585953 0.5746016526893627 0.011046588001272672 0.00950226933481808
2 0.11373161875395052 0.5605391526893626 0.01259090666772722 0.007957950668363623
0 0.11283963872531548 0.349619834022908 0.009502269334818125 0.011046588001272539
8 0.69609375 0.3140625 0.2734375 0.33125
2 0.83671875 0.7703125 0.3265625 0.121875
5 0.7796875 0.84765625 0.440625 0.3046875