8 0.17734375 0.259375 0.3546875 0.434375
5 0.03809417739495169 0.29765625 0.025527258672817865 0.0453125
7 0.61640625 0.4921875 0.0734375 0.215625
7 0.7699163420591791 0.334375 0.043296561346272175 0.0953125
7 0.7367316720639516 0.36953125 0.07024086935072642 0.128125
7 0.8100055400620427 0.35546875 0.06073860001590825 0.1171875
7 0.8521203147278609 0.34921875 0.041715880012726816 0.09375
7 0.8846515514003606 0.3921875 0.07689085868872639 0.1625
7 0.9180902127227701 0.31171875 0.04634883601209019 0.0890625
7 0.9571987133990879 0.3828125 0.0716942813494537 0.11875
7 0.9808811140594973 0.33671875 0.030523841343090653 0.071875
0 0.9669180640515431 0.278125 0.019040901336727246 0.025
0 0.9457515887173613 0.271875 0.03481135200509087 0.0375
0 0.9346231847151341 0.25546875 0.01893181333545435 0.015625
0 0.9078788713796797 0.23984375 0.02374658267027243 0.0265625
0 0.8784095473822251 0.25859375 0.044277258672817864 0.0453125
0 0.8543998827179976 0.2765625 0.017423857336090975 0.0203125
0 0.7933351133831795 0.265625 0.03319430800445451 0.0328125
0 0.7354680693825432 0.2609375 0.015843176002545256 0.01875
0 0.7269561353834977 0.26796875 0.03470226400381797 0.028125
0 0.5921875 0.2734375 0.025 0.103125
3 0.5859375 0.3609375 0.0125 0.0375
3 0.738275443387952 0.30078125 0.015824994668999892 0.0171875
3 0.7944708993873156 0.29609375 0.015788632001908897 0.0140625
3 0.8624760120544066 0.29921875 0.011101132001909163 0.0140625
3 0.8874760120544065 0.29921875 0.020512494668999893 0.0171875
3 0.9136748853834977 0.26796875 0.014226132001908809 0.0140625
3 0.9623578333863613 0.2890625 0.006340906667727353 0.0078125
3 0.9555265780553611 0.30625 0.012645450668363622 0.0125
5 0.66484375 0.4046875 0.1703125 0.390625
5 0.770570870066815 0.390625 0.0845590027052709 0.284375
5 0.7466975654041785 0.4203125 0.11490103071290685 0.340625
5 0.8183725707351787 0.403125 0.12089649204327069 0.31875
5 0.857843603397497 0.37109375 0.061829480028634975 0.2109375
5 0.9015625 0.4171875 0.13125 0.365625
5 0.925748718730088 0.365625 0.07512945870463454 0.2796875
5 0.9354862507160886 0.2625 0.020694308004454244 0.0328125
5 0.978125 0.35859375 0.04375 0.1890625
5 0.95625 0.39375 0.0875 0.284375
5 0.2796875 0.6953125 0.359375 0.190625
4 0.19921875 0.6125 0.1453125 0.025
1 0.7359375 0.7625 0.3125 0.278125
4 0.78984375 0.91953125 0.4203125 0.1609375
5 0.78984375 0.8 0.4203125 0.4