8 0.2328125 0.30234375 0.30625 0.2328125
8 0.359375 0.23984375 0.41875 0.3578125
0 0.225 0.3927253938282388 0.0046875 0.006277271077238922
7 0.2203125 0.40859375 0.009375 0.0203125
5 0.2203125 0.403125 0.01875 0.03125
9 0.215625 0.4 0.04375 0.0375
8 0.175 0.37759075233769107 0.04375 0.04556703005422928
8 0.11796875 0.39140625 0.0546875 0.0546875
8 0.06484375 0.37616863202257794 0.0359375 0.061146578258831144
8 0.04375 0.3768271621750031 0.0453125 0.06432612041330898
8 0.0203125 0.3671875 0.040625 0.075
8 0.00625 0.36640625 0.0125 0.0734375
8 0.784375 0.0734375 0.43125 0.146875
8 0.6671875 0.0453125 0.184375 0.090625
7 0.32578125 0.71484375 0.4859375 0.5703125
5 0.31875 0.709375 0.5 0.58125
3 0.44296875 0.47734375 0.0640625 0.1171875
8 0.81015625 0.6609375 0.3796875 0.484375
8 0.71953125 0.7584902526322785 0.184375 0.17763516237139498