8 0.084375 0.415625 0.16875 0.4875
7 0.3886560382456528 0.3390625 0.0395079275949012 0.0765625
2 0.39610946906200795 0.27734375 0.017278403590796288 0.015625
3 0.39310718890958274 0.2984375 0.014126132513557366 0.0109375
5 0.375 0.37265625 0.06875 0.2140625
8 0.678125 0.31796875 0.5375 0.6359375
2 0.275 0.84765625 0.26875 0.2828125
5 0.2046875 0.84296875 0.409375 0.3140625
0 0.553125 0.70390625 0.1625 0.0890625
0 0.8421390656676035 0.73046875 0.14137949980360814 0.1296875
3 0.8171032251121322 0.85859375 0.0895079275949012 0.0765625
3 0.559077101673761 0.821875 0.10051815046753809 0.0890625
4 0.5375 0.946875 0.25625 0.10625
4 0.77890625 0.9453125 0.2078125 0.109375
5 0.79375 0.8296875 0.35 0.340625
5 0.5703125 0.8296875 0.321875 0.340625