8 0.56328125 0.28125 0.1328125 0.315625
8 0.81484375 0.21953125 0.3703125 0.4390625
5 0.8950878454272452 0.21161163721359647 0.08204086123992696 0.1368829293443632
7 0.8755202339909267 0.20558890388291448 0.03159543364502539 0.05973862667090888
3 0.866708315373016 0.16818890121741442 0.012563632513557365 0.011082950668363623
2 0.8642827521412993 0.15415367321773257 0.012554542154477844 0.009520450668363623
4 0.35664296896381203 0.7332081105983668 0.01418976502711473 0.022038632001908986
4 0.4683117219888741 0.7233143952498675 0.009465903590796288 0.01573408800127272
4 0.5386878545024315 0.7334337352403224 0.033148843285945875 0.05819430800445424
4 0.30041114968197125 0.7369876386060028 0.015761355386194255 0.02361931333545435
2 0.3557708153730159 0.7175922012651395 0.004732951795397966 0.007867044000636269
2 0.46747592983439645 0.7139484859166402 0.0031613614363184437 0.006286362667090728
2 0.5322378666026799 0.6991314605745043 0.01729658430895533 0.01894999466899989
2 0.29876683645025476 0.7229433199395482 0.007867042154477666 0.009465906667727352
5 0.3004429659387499 0.7424563886060028 0.02218407220870695 0.05337953866963616
5 0.35664296896381203 0.7332081105983669 0.019004530054229286 0.043968176002545434
5 0.46910660752749356 0.7256490545830948 0.011110216822512698 0.02981476933481808
5 0.5363395593228917 0.7326797572406406 0.04425906010845857 0.08800907733927232
4 0.98046875 0.69921875 0.0390625 0.1890625
5 0.91640625 0.76328125 0.1671875 0.4734375