8 0.2703125 0.23046875 0.296875 0.4609375
8 0.278125 0.24609375 0.1171875 0.15625
8 0.61328125 0.32109375 0.3890625 0.5953125
0 0.9578125 0.303125 0.0421875 0.0375
0 0.83046875 0.35625 0.046875 0.05
2 0.4421875 0.33984375 0.0328125 0.0265625
7 0.453125 0.40546875 0.06875 0.0921875
7 0.97265625 0.409375 0.0546875 0.140625
7 0.83828125 0.459375 0.1046875 0.15625
3 0.83515625 0.38828125 0.021875 0.028125
3 0.96875 0.334375 0.028125 0.0265625
3 0.45 0.36875 0.0234375 0.0234375
5 0.46015625 0.38671875 0.0828125 0.1265625
5 0.85859375 0.471875 0.1671875 0.29375
5 0.9515625 0.44609375 0.096875 0.3453125
7 0.134375 0.64296875 0.103125 0.0484375
5 0.0390625 0.725 0.078125 0.2125
5 0.08515625 0.6703125 0.1015625 0.103125
5 0.175 0.7453125 0.203125 0.253125
5 0.19140625 0.675 0.1109375 0.1125
8 0.6125 0.809375 0.3875 0.38125
8 0.709375 0.809375 0.58125 0.38125