8 0.04609375 0.09921875 0.0921875 0.1984375
0 0.6734375 0.22109375 0.0140625 0.01875
7 0.67734375 0.25234375 0.0203125 0.0421875
7 0.40390625 0.27734375 0.0265625 0.040625
7 0.3859375 0.09921875 0.0234375 0.0390625
0 0.39921875 0.2375 0.0125 0.015625
0 0.384375 0.06328125 0.015625 0.0203125
5 0.3875 0.11953125 0.0375 0.1390625
5 0.4046875 0.2984375 0.0375 0.1421875
5 0.68203125 0.2796875 0.0421875 0.1390625
8 0.6203125 0.3796875 0.58125 0.759375
7 0.05703125 0.8796875 0.1140625 0.240625
5 0.16484375 0.8796875 0.3296875 0.240625
1 0.63984375 0.9765625 0.4796875 0.046875
2 0.90859375 0.9765625 0.1828125 0.046875
5 0.66484375 0.9671875 0.6703125 0.065625