8 0.14585583802138857 0.2734375 0.17764425273047452 0.1859375
8 0.34375 0.35703125 0.290625 0.2234375
8 0.4484375 0.1453125 0.08125 0.246875
7 0.40587118745565454 0.29765625 0.014198855386194253 0.0234375
5 0.40509448263519426 0.296875 0.017360216822512698 0.0296875
0 0.40202402478967203 0.2875 0.006304542154477666 0.009375
0 0.4859375 0.48203125 0.00625 0.0140625
3 0.48828125 0.49296875 0.0015625 0.0078125
7 0.4859375 0.49921875 0.00625 0.0203125
5 0.4859375 0.4921875 0.00625 0.034375
9 0.4140625 0.496875 0.090625 0.025
9 0.1828125 0.4703125 0.175 0.078125
8 0.07265625 0.46015625 0.1453125 0.0984375
8 0.40859375 0.44765625 0.1609375 0.1234375
0 0.3045904885871226 0.24921875 0.006295451795398144 0.0078125
0 0.31396548858712264 0.24921875 0.006286361436318444 0.00625
0 0.29757287412574207 0.246875 0.007848861436318444 0.00625
0 0.2803081060735654 0.26015625 0.006295451795398144 0.0078125
7 0.28024901873954783 0.2703125 0.012572722872636888 0.0125
7 0.2951427657144857 0.26171875 0.01418067466803503 0.0203125
7 0.30297344643264496 0.25859375 0.004742042154477666 0.009375
7 0.31391549161218474 0.2578125 0.009429542154477666 0.009375
5 0.313152422330344 0.2546875 0.01104658430895542 0.01875
5 0.3045632175098838 0.25390625 0.007921584308955421 0.01875
5 0.29438424161218474 0.2578125 0.014244307181592397 0.03125
5 0.28026719945770706 0.2671875 0.014198855386194253 0.0234375
0 0.95859375 0.19296875 0.0828125 0.2890625
7 0.68125 0.30859375 0.384375 0.4015625
3 0.9301535699692118 0.24140625 0.11498062626704134 0.1578125
5 0.74453125 0.2546875 0.5109375 0.509375
6 0.44453125 0.8703125 0.0890625 0.1625
6 0.2022381691088901 0.73515625 0.060074957649130664 0.1203125
6 0.03702223526747286 0.66484375 0.06298178903121965 0.0828125
9 0.24453125 0.7546875 0.4890625 0.490625
0 0.8969643409482548 0.7 0.18376698770335978 0.1640625
3 0.8178035608940256 0.74375 0.08790906615858277 0.0703125
4 0.7765625 0.85859375 0.278125 0.2828125
5 0.7984375 0.7546875 0.403125 0.490625