8 0.31328125 0.08671875 0.2296875 0.1734375
8 0.08984375 0.20625 0.1796875 0.26875
1 0.06015625 0.48398629069858945 0.0359375 0.06135567067154533
0 0.053125 0.4375 0.059375 0.075
0 0.23203125 0.415625 0.0578125 0.03125
7 0.16171875 0.43203125 0.0984375 0.0640625
7 0.3171875 0.51015625 0.125 0.2203125
7 0.0375 0.559375 0.075 0.21875
5 0.0296875 0.61875 0.059375 0.4375
5 0.078125 0.6578125 0.15625 0.515625
5 0.11640625 0.43671875 0.0765625 0.0734375
5 0.1453125 0.43828125 0.140625 0.0765625
5 0.30625 0.596875 0.20625 0.39375
1 0.85546875 0.84140625 0.2890625 0.3171875