8 0.209375 0.25390625 0.41875 0.5078125
5 0.328125 0.034375 0.084375 0.06875
1 0.4525245154198981 0.031208051622447462 0.03928975897699054 0.039289758976990455
1 0.89296875 0.01640625 0.0578125 0.0328125
1 0.8016250907518631 0.0494888563681529 0.02198408430895533 0.01887726502711464
1 0.7697074702403583 0.030143958729285058 0.020385222872636888 0.012618174668035031
2 0.771875 0.00546875 0.025 0.0109375
2 0.80546875 0.0078125 0.0328125 0.015625
4 0.7958336330045366 0.10498942262493158 0.060156770880847074 0.13472043364502548
5 0.7703125 0.01953125 0.03125 0.0390625
5 0.796875 0.0875 0.0625 0.175
5 0.878125 0.26484375 0.196875 0.5296875
5 0.665625 0.26484375 0.215625 0.5296875
5 0.55390625 0.26484375 0.1890625 0.5296875
5 0.45625 0.26484375 0.075 0.5296875
4 0.44296875 0.10546875 0.0484375 0.1390625
4 0.58125 0.12109375 0.10625 0.2421875
4 0.693294440284325 0.13917859114464654 0.12802604781181834 0.25229881908544893
4 0.878945593973317 0.187315588414172 0.12827148750696793 0.29448631908544903
5 0.61484375 0.76484375 0.3140625 0.4703125