8 0.61640625 0.2265625 0.2671875 0.325
8 0.26328125 0.22890625 0.4734375 0.3203125
5 0.6251047092616396 0.2978899949318345 0.012790901336727245 0.02507272287263689
5 0.3487240225970941 0.2838739884889268 0.017587489337999786 0.03447499394987581
8 0.22626721992363988 0.334583036497137 0.11666133601209036 0.08973518657189175
5 0.953125 0.19453125 0.09375 0.3890625
8 0.3453125 0.5640625 0.690625 0.35
0 0.9587450072804116 0.7242747120489348 0.036301126670909054 0.03145907825883114
0 0.8280489906110935 0.7445650070320828 0.04111589600572714 0.04242384933607006
7 0.9637768579328666 0.8289258506126164 0.07022268801718105 0.12696247579950323
7 0.8112967479312759 0.841530910622879 0.08286813868554468 0.13953519867214012
3 0.8245694546069572 0.7750519377502421 0.019040901336727246 0.02510908430895533
3 0.9607251306095026 0.7555110765103153 0.025254538669636162 0.022020445745273776
5 0.8140625 0.859375 0.115625 0.28125
5 0.94296875 0.85234375 0.1140625 0.2953125