8 0.31640625 0.1203125 0.3453125 0.240625
5 0.45390625 0.04453125 0.0703125 0.0890625
0 0.7427995365953328 0.1932935412707149 0.07718064441741408 0.10669542759490121
3 0.7323478499252453 0.2440157039366974 0.02688066256778665 0.054842036104353474
7 0.6534734161820239 0.23808789080317672 0.11651585518980259 0.15379768657189175
5 0.6871444342342007 0.2250020835233885 0.18559310811666876 0.21044766237139498
8 0.24453125 0.78984375 0.4890625 0.4203125
8 0.1734375 0.78984375 0.346875 0.4203125
8 0.4265625 0.765625 0.125 0.11875
0 0.11794848575845229 0.8324918757760621 0.014135222872636887 0.01258181323171641
3 0.11318826288581532 0.8449646046988232 0.009429542154477666 0.009429542154477843
4 0.11153940447455897 0.8597992643397436 0.022065897540671918 0.03293976502711473
5 0.11619054303824043 0.8660765354169826 0.05048178903121965 0.08310339149054755
5 0.8453125 0.78984375 0.309375 0.4203125