8 0.26953125 0.21953125 0.5390625 0.4390625
7 0.14140625 0.15546875 0.2828125 0.3109375
7 0.15234375 0.1609375 0.3046875 0.2875
7 0.22109375 0.04609375 0.1390625 0.0921875
5 0.2390625 0.0515625 0.16875 0.103125
5 0.27130864194782056 0.22329676125877612 0.1516555960375438 0.27828972668681723
5 0.15390625 0.3046875 0.3078125 0.609375
8 0.6484375 0.23203125 0.21875 0.4640625
9 0.3234375 0.61640625 0.03125 0.0140625
8 0.76953125 0.8046875 0.4609375 0.390625
8 0.67734375 0.784375 0.2765625 0.35
7 0.7015030299172765 0.944970671904868 0.03357611600890866 0.0660068080044546
4 0.646116095918231 0.9385848592457313 0.016097714672181594 0.04080681333545435
5 0.62265625 0.9328125 0.0859375 0.134375