8 0.37421875 0.203125 0.2890625 0.40625
0 0.413488387483527 0.4389245819712643 0.07367384933607006 0.04105224687674216
0 0.4673355501495095 0.42845471458301754 0.050181807181592396 0.03154089149054773
3 0.4682531555357038 0.4518876694034777 0.03446590359079611 0.01582498789975162
3 0.4276963332288009 0.4638427687395478 0.02509090359079611 0.015770445745273774
7 0.4646468873853312 0.5034728953011769 0.08958974082661797 0.0911431504675381
7 0.3826610891807293 0.5117626391528567 0.12256586729005096 0.1194590480082102
5 0.40084346261910025 0.5483768500234412 0.19063513212077385 0.2714124334486335
5 0.45625 0.53671875 0.125 0.2609375
0 0.43531286962774196 0.29582402176460987 0.007839771077238922 0.004732951795397966
7 0.4338049117822197 0.30520811212368953 0.015706813231716587 0.014153403590796287
5 0.4314747973208391 0.3075654976623089 0.023628397540672096 0.032948855386194256
0 0.43545831537301594 0.32082402176460983 0.009402271077238922 0.004742042154477844
7 0.43082081234795383 0.3294450428418488 0.017278403590796288 0.01572499394987581
5 0.43162933342519255 0.33412799766230894 0.023628397540672096 0.032948855386194256
8 0.759375 0.3546875 0.48125 0.709375
4 0.15859375 0.75390625 0.3171875 0.0890625
5 0.18359375 0.753125 0.3671875 0.0875
4 0.93515625 0.81640625 0.1296875 0.2140625
5 0.8609375 0.8546875 0.278125 0.290625
5 0.684375 0.8546875 0.33125 0.290625