8 0.18905899658215444 0.056639322797882176 0.06461701190385671 0.09568520472226431
8 0.039231713404667176 0.0871994972695255 0.02520907825883123 0.03608294574527386
0 0.86953125 0.0421875 0.1515625 0.084375
3 0.880642508584207 0.1523547811343838 0.056613614363184794 0.06282725292686626
7 0.85703125 0.34765625 0.2859375 0.4828125
5 0.83359375 0.29453125 0.3328125 0.5890625
5 0.11875 0.91328125 0.165625 0.1734375
5 0.20578340914994103 0.8558530067374953 0.03490224082661779 0.09082498789975162
5 0.11598056576579933 0.8634069523845733 0.01595225292686626 0.056340903590796285
4 0.11449078863843631 0.8759160427436529 0.015806807181592396 0.03134090359079629
4 0.20901294827935663 0.8738035760193361 0.014253397540672097 0.032894313231716765
2 0.2055652405320302 0.8183530067374953 0.025154536104353652 0.026707945745273777
2 0.11434988807270222 0.8516972927436528 0.01573408430895542 0.018840903590796286
2 0.15585158684303818 0.867862648228043 0.08797269867214012 0.08175906010845857
2 0.2195737192583996 0.9432757386853184 0.1036613311856975 0.09278746369925486
2 0.36577603268650793 0.8267962449318343 0.03144089754067192 0.032994307181592575
2 0.36873792710392195 0.9330326093932151 0.09266928903121982 0.0833488311856975
2 0.4422021773003137 0.8029133173369332 0.028279536104353475 0.026726126463433177
2 0.4890625 0.7140625 0.040625 0.153125
1 0.44482318325224207 0.8505559317983138 0.02520907825883114 0.03608294574527378
1 0.47734375 0.8921875 0.0640625 0.1625
1 0.36132942720211786 0.8682297660090732 0.020457945745273775 0.02511817466803521
1 0.37421875 0.98984375 0.0578125 0.0203125
1 0.140625 0.95859375 0.059375 0.0828125
4 0.4295981590517452 0.91939683538911 0.036328385440423536 0.06739657825883114
8 0.6359375 0.79453125 0.253125 0.4109375
7 0.8497793697259379 0.7412849500468821 0.022156801131468028 0.04856476502711473
7 0.9844407160369458 0.7897219291660351 0.025236349336070062 0.040770445745273776
0 0.9953125 0.76328125 0.009375 0.0171875
0 0.8613117673648057 0.7091855223537851 0.009447722872636889 0.012554542154477665
5 0.8513873215213359 0.7490883596878026 0.034929511903856535 0.09551248789975161
5 0.97890625 0.7890625 0.0421875 0.06875