8 0.309375 0.21953125 0.61875 0.4390625
9 0.1890625 0.3375 0.378125 0.203125
4 0.7416072796614459 0.15787054557232327 0.007921584308955332 0.018795451795398144
4 0.7424203459182245 0.16333475039278347 0.017460210772388508 0.04697499394987581
6 0.46484375 0.50390625 0.1796875 0.1296875
4 0.28359375 0.90546875 0.2015625 0.1890625
3 0.26610939343545537 0.7648740036142373 0.07072156615858276 0.07072156615858276
2 0.25187820091163526 0.601670021666414 0.10840337334017516 0.1021897347764936
5 0.35234375 0.7609375 0.4765625 0.478125
6 0.9296875 0.71953125 0.140625 0.5609375
6 0.76484375 0.78671875 0.2921875 0.4265625