8 0.20859375 0.21796875 0.4171875 0.4359375
4 0.21640625 0.14849785061268433 0.028125 0.03470226400381797
0 0.2203125 0.11642114727882066 0.0125 0.012645450668363622
3 0.21796875 0.12972966927913882 0.009375 0.011046588001272539
5 0.22265625 0.14373762527850253 0.046875 0.0661704400063634
8 0.671875 0.26015625 0.125 0.5203125
8 0.76484375 0.33046875 0.3109375 0.4390625
6 0.484375 0.75859375 0.25 0.4171875
5 0.3703125 0.6828125 0.31875 0.265625
5 0.2375 0.77421875 0.475 0.4484375
5 0.1171875 0.69609375 0.234375 0.2921875
2 0.8 0.728125 0.38125 0.35625
5 0.8046875 0.775 0.390625 0.45