8 0.31484375 0.2296875 0.6296875 0.459375
2 0.08601268452878826 0.09921875 0.023582945745273864 0.025
3 0.0897780339630542 0.1234375 0.01728749394987581 0.0171875
4 0.09033202498606374 0.1625 0.02845225292686626 0.05625
5 0.10198259729296658 0.17421875 0.06667039129415606 0.1796875
1 0.89140625 0.01171875 0.0390625 0.0234375
1 0.6888847171171003 0.09453125 0.036219301131468026 0.0484375
2 0.6876540152235064 0.0375 0.048682939695149766 0.0421875
4 0.9086927021881817 0.18125 0.10637830678880889 0.290625
4 0.6935444251590144 0.23359375 0.10443401170746487 0.225
5 0.915625 0.2296875 0.16875 0.459375
5 0.70078125 0.2359375 0.1421875 0.446875
8 0.31484375 0.7015625 0.6296875 0.484375
4 0.90546875 0.7390625 0.1890625 0.521875
5 0.84140625 0.7296875 0.3171875 0.540625