8 0.21015625 0.2140625 0.4046875 0.428125
8 0.72578125 0.28671875 0.0671875 0.4171875
9 0.67265625 0.1408957699970843 0.04375 0.05181703005422929
9 0.50625 0.08289639675510507 0.040625 0.056486349336070066
9 0.63828125 0.11647703209733269 0.1203125 0.07413745764913067
9 0.67890625 0.22218213143340285 0.078125 0.0754545179539809
0 0.71015625 0.19580143861499516 0.0078125 0.007857951795397966
7 0.71171875 0.21143552897407486 0.009375 0.017242042154477843
5 0.7109375 0.20674348379453492 0.0125 0.03132272287263689
0 0.34609375 0.3405583849494443 0.0109375 0.009438632513557366
7 0.34140625 0.37099986387220535 0.01875 0.037609084308955334
5 0.3484375 0.3905720204880637 0.0359375 0.10958407825883114
0 0.559375 0.265236718963812 0.0078125 0.007857951795397966
4 0.55625 0.2863122882456528 0.0140625 0.02976931323171659
5 0.5578125 0.3035088786047324 0.0234375 0.08763635538619426
5 0.571875 0.301246941836449 0.0234375 0.08919885538619425
5 0.51015625 0.4133878726528041 0.0359375 0.11270907825883114
5 0.54140625 0.41669467983439645 0.040625 0.11273634933607006
5 0.5609375 0.4136833093228917 0.0296875 0.1173602168225127
5 0.57890625 0.4075378484523073 0.0375 0.11740566861791066
5 0.5609375 0.34571455932289175 0.0125 0.01726022287263689
5 0.5828125 0.3325605743500063 0.01875 0.03604658430895533
0 0.5828125 0.32240432435000627 0.0140625 0.01570681323171641
7 0.58125 0.33958273399092676 0.0125 0.01726022287263689
0 0.596875 0.31857988758172284 0.0109375 0.011001132513557365
7 0.6 0.3475043182998821 0.01875 0.045421584308955334
5 0.60078125 0.3428213634794218 0.021875 0.06575226502711473
0 0.58828125 0.34821739060678497 0.0125 0.015697722872636887
7 0.596875 0.3763923875817229 0.0203125 0.037618174668035034
5 0.6 0.4029730682998821 0.0328125 0.12519089754067209
7 0.575 0.3848588725546082 0.0296875 0.0439227168225127
7 0.5578125 0.3878838786047324 0.0234375 0.047011355386194255
7 0.53984375 0.39715433947531686 0.034375 0.04707498789975162
7 0.50859375 0.3954100322937245 0.0328125 0.042378397540672096
0 0.509375 0.3641645774732643 0.0125 0.015697722872636887
0 0.53359375 0.3674304780389983 0.0125 0.014135222872636887
0 0.559375 0.354299218963812 0.0109375 0.011001132513557365
0 0.57578125 0.3559571677341481 0.0125 0.014135222872636887
0 0.5703125 0.26217535147736937 0.0109375 0.011001132513557365
0 0.6015625 0.2654821586589618 0.0125 0.011010222872636888
0 0.609375 0.25771511045435985 0.0109375 0.011001132513557365
0 0.6453125 0.3063616887131911 0.0109375 0.011001132513557365
0 0.615625 0.3132202218906783 0.0125 0.014135222872636887
0 0.6328125 0.3461327158405541 0.0125 0.015697722872636887
0 0.6453125 0.35245543871319107 0.0125 0.014135222872636887
0 0.68984375 0.3245895139469601 0.0140625 0.014144313231716587
0 0.73125 0.36545540846257 0.009375 0.017242042154477666
6 0.67265625 0.3088645199970843 0.0125 0.02976022287263689
7 0.72890625 0.3966917729239506 0.0234375 0.04388635538619425
5 0.71875 0.41069518558993307 0.053125 0.11280907220870695
5 0.69375 0.3738309898446591 0.034375 0.11582498789975162
5 0.65546875 0.3345457760472085 0.0328125 0.0736283975406721
5 0.628125 0.4000116947633153 0.0390625 0.12210225897699054
5 0.64921875 0.40091566461089007 0.0375 0.128343168617911
5 0.6203125 0.33902874296791713 0.0234375 0.06419885538619426
5 0.6015625 0.2842321586589618 0.01875 0.05479658430895533
5 0.6125 0.27882704117251905 0.01875 0.05948408430895533
7 0.6953125 0.3558713302037388 0.0234375 0.045448855386194253
7 0.6515625 0.32905430014950954 0.0171875 0.02822499394987581
7 0.64453125 0.3797946435336512 0.0265625 0.04390453610435348
7 0.62734375 0.3804758995837754 0.0265625 0.048592036104353475
7 0.6203125 0.3405912429679171 0.0203125 0.04230567466803503
7 0.6015625 0.2897009086589618 0.0140625 0.03445681323171641
7 0.6125 0.28351454117251906 0.015625 0.03134090359079611
7 0.5703125 0.2863941014773694 0.0203125 0.03293067466803503
6 0.55234375 0.1401958123479538 0.0078125 0.026607951795397967
6 0.5421875 0.13388672501393623 0.0078125 0.018795451795397967
6 0.546875 0.12610149609117513 0.0078125 0.029732951795397967
6 0.90859375 0.04919862850653658 0.01875 0.04073408430895542
6 0.7765625 0.054680493164308876 0.021875 0.05012726502711464
9 0.878125 0.36484375 0.2375 0.5078125
6 0.97421875 0.00625 0.0078125 0.0125
0 0.88828125 0.7799107346782977 0.0140625 0.011019313231716588
0 0.85703125 0.7758226774967054 0.0140625 0.01258181323171641
5 0.8578125 0.7867647226762452 0.025 0.03452044574527404
5 0.8890625 0.7885090298578377 0.0234375 0.023573855386194255