2 0.52734375 0.31484375 0.2640625 0.1703125
5 0.3296875 0.30546875 0.659375 0.1890625
8 0.815625 0.15390625 0.3125 0.3078125
5 0.7731791299331849 0.1375 0.012881808004454242 0.0328125
6 0.35609381663750134 0.47578125 0.06026588534372675 0.0765625
6 0.17097392930459226 0.47265625 0.04912839067472685 0.059375
6 0.06999268463559234 0.48984375 0.030905649347544806 0.1046875
6 0.0078125 0.49375 0.015625 0.046875
9 0.3296875 0.7 0.659375 0.6
3 0.8553932879535475 0.678125 0.22987040802036277 0.15
4 0.8296875 0.7484375 0.340625 0.28125
2 0.80078125 0.4484375 0.2828125 0.096875
5 0.8296875 0.659375 0.340625 0.51875
2 0.79453125 0.91796875 0.2703125 0.1359375
5 0.8296875 0.9046875 0.340625 0.190625