1 0.38828125 0.06328125 0.3609375 0.1265625
4 0.284375 0.24609375 0.56875 0.2859375
5 0.284375 0.19453125 0.56875 0.3890625
8 0.784375 0.21875 0.43125 0.340625
0 0.6512117953930427 0.3074563219685015 0.017405676002545258 0.01894999466899989
3 0.6538282653962243 0.3308665499681833 0.01111931333545435 0.015752269334818082
7 0.659375 0.3609375 0.034375 0.05625
5 0.65859375 0.34296875 0.0484375 0.0921875
4 0.7728044373806342 0.5934899879058225 0.3320339867122707 0.3397555800445435
3 0.72578125 0.40703125 0.1015625 0.0359375
5 0.771875 0.69453125 0.40625 0.6109375