1 0.4078125 0.28359375 0.321875 0.1109375
2 0.37734375 0.10234375 0.3828125 0.2046875
5 0.284375 0.16953125 0.56875 0.3390625
8 0.8708634134309046 0.10967289832623886 0.22843517735518085 0.16225560206654457
7 0.7373156641072224 0.18154841920708603 0.017642033338636055 0.03916249394987581
5 0.7364889607733588 0.17764671438662588 0.02579997867599957 0.06889544574527395
0 0.7361707874363135 0.15030296438662577 0.011082950668363623 0.012563632513557365
8 0.39296875 0.471875 0.3515625 0.265625
2 0.05323627737108918 0.4713558077707676 0.02369203866963625 0.022011355386194253
3 0.0629021787078163 0.49630126561628984 0.012699994668999893 0.01726022287263689
4 0.05275556671704314 0.5643336481298472 0.04498633068109026 0.10650453005422929
5 0.05984136071767945 0.5689802415139888 0.06817038669636225 0.21913179508134384
5 0.51875 0.39453125 0.0875 0.1109375