3 0.0109375 0.02421875 0.021875 0.0203125
3 0.08108793617910823 0.03138076844496025 0.029832945745273953 0.025172716822512698
3 0.12009134884509072 0.020997259467969754 0.02512726502711473 0.022020445745273863
3 0.18116520423128502 0.044080235463864706 0.025136355386194253 0.023582945745273955
3 0.19453125 0.003125 0.0203125 0.00625
3 0.23256407776785187 0.015655253614237273 0.023564765027114732 0.022011355386194253
3 0.28183736992232955 0.024743907303229305 0.023564765027114732 0.022011355386194253
3 0.348257255460949 0.026701317042345574 0.025136355386194253 0.023582945745273864
0 0.17265625 0.01015625 0.0421875 0.0203125
7 0.39921875 0.1 0.0390625 0.178125
7 0.3518822252103281 0.11262063632418631 0.08996244554888229 0.15520565046753826
7 0.38984375 0.02734375 0.0484375 0.0546875
7 0.3453125 0.01484375 0.06875 0.0296875
7 0.28671875 0.0265625 0.0828125 0.053125
7 0.2824100625443455 0.12318140730322931 0.08534766842151917 0.16767837939029934
7 0.22921688485124836 0.11177172951193634 0.061819264830722885 0.1519170240041051
7 0.2037532765381879 0.03222967525721021 0.029914758976990453 0.0392352168225127
7 0.18556687880112416 0.12921375956616563 0.09939198770335995 0.16463519262201592
7 0.12347542407885985 0.06551032874981058 0.05673178903121974 0.08313975292686634
7 0.08629358664664646 0.12041599736772132 0.12910675878059868 0.16949540944452862
7 0.0375 0.11171875 0.075 0.1671875
7 0.0203125 0.16640625 0.040625 0.2234375
5 0.39609375 0.2078125 0.0453125 0.415625
5 0.3859375 0.17578125 0.065625 0.3515625
5 0.3703125 0.15625 0.078125 0.3125
5 0.35703125 0.20234375 0.1234375 0.4046875
5 0.29453125 0.1578125 0.1203125 0.315625
5 0.290625 0.20390625 0.1125 0.4078125
5 0.24609375 0.1890625 0.0984375 0.378125
5 0.209375 0.17578125 0.0875 0.3515625
5 0.196875 0.21484375 0.1375 0.4296875
5 0.13984375 0.17578125 0.0984375 0.3515625
5 0.09765625 0.225 0.1703125 0.45
5 0.0515625 0.21328125 0.103125 0.4265625
5 0.04140625 0.225 0.0828125 0.45
4 0.03671875 0.8515625 0.0734375 0.296875
1 0.6698378605525557 0.8599950851927183 0.43879083098930566 0.22442030054229312
2 0.6640625 0.61328125 0.490625 0.2328125
4 0.709375 0.9171875 0.58125 0.165625
5 0.709375 0.73671875 0.58125 0.5265625