1 0.34140625 0.375 0.5765625 0.3
2 0.37265625 0.1265625 0.5140625 0.159375
5 0.31484375 0.30625 0.6296875 0.546875
6 0.9507141140685971 0.1532553392345955 0.009611349336070062 0.04073408800127272
9 0.67734375 0.1234375 0.0953125 0.246875
3 0.9888135568870048 0.12155989656273207 0.017278403590796288 0.015824994668999892
0 0.98203125 0.07109375 0.0359375 0.0921875
7 0.9734375 0.16953125 0.053125 0.1953125
5 0.96640625 0.28515625 0.0671875 0.5234375
1 0.31484375 0.90390625 0.5234375 0.1921875
2 0.30859375 0.6609375 0.6171875 0.1625
5 0.31484375 0.78984375 0.6296875 0.4203125