1 0.25234375 0.40703125 0.5046875 0.1453125
2 0.184375 0.2421875 0.36875 0.15
5 0.2796875 0.31953125 0.559375 0.3203125
7 0.78828125 0.0671875 0.1546875 0.134375
5 0.6875 0.02578125 0.08125 0.0515625
5 0.7359375 0.028125 0.05625 0.05625
5 0.778125 0.1796875 0.19375 0.359375
2 0.22421875 0.59609375 0.4484375 0.2328125
1 0.24296875 0.88828125 0.4265625 0.2234375
5 0.2796875 0.73984375 0.559375 0.5203125
5 0.7796875 0.74765625 0.440625 0.5046875
2 0.70625 0.5919186113939972 0.2046875 0.22425675469445316
1 0.71640625 0.8943805400620427 0.16875 0.18633858402290784