1 0.28984375 0.309375 0.5796875 0.359375
2 0.303125 0.10703125 0.553125 0.2140625
5 0.28984375 0.24453125 0.5796875 0.4890625
6 0.8359375 0.00625 0.009375 0.0125
6 0.7565510866884081 0.027069997465917206 0.012718176002545257 0.018822722872636977
6 0.6747925566915898 0.050984741317597136 0.012754538669636162 0.021947722872636976
6 0.5875 0.11953125 0.015625 0.0421875
6 0.6307800220400891 0.16296711173090608 0.03978975334181776 0.06272725897699045
6 0.7538368087205429 0.2638205637226959 0.06851473734881744 0.11445338544042354
6 0.6038260760264078 0.062335852655719746 0.012718176002545434 0.018822722872636977
6 0.7050522213558171 0.032838729315544615 0.009574994668999892 0.01724204215447771
6 0.7650357486871354 0.017645000490979324 0.009556813335454528 0.01567954215447771
6 0.82734375 0.003125 0.0078125 0.00625
8 0.18515625 0.8515625 0.3703125 0.296875
1 0.765625 0.89140625 0.371875 0.2171875
2 0.70390625 0.709375 0.2484375 0.303125
5 0.78984375 0.75234375 0.4203125 0.4953125