1 0.21171875 0.23515625 0.4234375 0.2265625
2 0.2078125 0.0375 0.415625 0.075
4 0.259375 0.4171875 0.51875 0.203125
5 0.259375 0.259375 0.51875 0.51875
8 0.7890625 0.259375 0.421875 0.51875
7 0.71796875 0.0234375 0.0203125 0.046875
5 0.70625 0.06015625 0.0875 0.1203125
8 0.32109375 0.6359375 0.3703125 0.234375
8 0.27109375 0.8046875 0.4953125 0.390625
3 0.54375 0.70625 0.05 0.065625
0 0.5953125 0.5828125 0.153125 0.128125
7 0.61796875 0.85859375 0.1984375 0.2828125
5 0.759375 0.759375 0.48125 0.48125