1 0.16640625 0.40703125 0.3046875 0.2796875
2 0.18671875 0.13125 0.2640625 0.259375
4 0.159375 0.52890625 0.31875 0.1203125
5 0.159375 0.29453125 0.31875 0.5890625
7 0.89765625 0.0609375 0.1609375 0.121875
5 0.8484375 0.2359375 0.303125 0.471875
8 0.1140625 0.76640625 0.228125 0.3546875
0 0.17202242588323263 0.887575795233959 0.009520450668363623 0.012609088001272539
7 0.17018720588005093 0.9110314765675046 0.012881808004454242 0.03295795066836362
5 0.16695311787877837 0.9204428392345954 0.021257929344363193 0.08148635733609097
9 0.36953125 0.70546875 0.1015625 0.1859375
7 0.546875 0.6625 0.075 0.146875
7 0.48828125 0.72734375 0.1421875 0.2765625
5 0.4828125 0.79453125 0.203125 0.4109375
5 0.53671875 0.79453125 0.1390625 0.4109375