1 0.36484375 0.05859375 0.4703125 0.1171875
4 0.3 0.159375 0.6 0.31875
5 0.3 0.159375 0.6 0.31875
8 0.8546875 0.25 0.225 0.1375
4 0.965625 0.29609375 0.0375 0.0453125
2 0.9611981378763105 0.2601537883438487 0.01570681323171641 0.014153403590796287
3 0.9643913155694076 0.27189071906200796 0.014135222872636887 0.012581813231716588
5 0.9703125 0.28359375 0.059375 0.0703125
9 0.66484375 0.31015625 0.1296875 0.0171875
0 0.28125 0.659375 0.5625 0.68125
5 0.4140625 0.659375 0.371875 0.68125
6 0.60390625 0.4859375 0.0078125 0.015625
6 0.6192146500747547 0.4858850413689108 0.011055674668035032 0.020376132513557365
6 0.6301430597156752 0.4843861738824681 0.011055674668035032 0.020376132513557365
6 0.6395044241770557 0.48209696603694585 0.012618174668035031 0.020385222872636888
9 0.7735021742752515 0.41803498691779295 0.1114738311856975 0.09283291549465282
9 0.6636595416634984 0.4713003666026799 0.042378397540672096 0.033057939695149585
8 0.6984845144379395 0.5488441045024315 0.1319772287263694 0.12576359016268784