1 0.26796875 0.4 0.5359375 0.2375
2 0.31796875 0.18828125 0.6234375 0.2390625
5 0.31484375 0.28359375 0.6296875 0.4703125
8 0.93125 0.04140625 0.1375 0.0828125
8 0.81484375 0.25546875 0.3703125 0.5109375
8 0.1703125 0.8203125 0.340625 0.359375
6 0.7429712116561513 0.96171875 0.029969301131468028 0.0484375
6 0.6901780097625574 0.9046875 0.015770445745273774 0.025
6 0.6731041392510526 0.88515625 0.011037493949875809 0.0171875
6 0.6630160669441497 0.8734375 0.007894313231716587 0.0140625
6 0.6575836783804683 0.8671875 0.0063227228726368875 0.0125
6 0.6529189042781672 0.86328125 0.0063136325135573655 0.0109375
6 0.6474910608940255 0.85625 0.006331813231716587 0.0140625
6 0.6451473108940255 0.85625 0.003179542154477666 0.009375
6 0.6420314012531051 0.8546875 0.0031613614363184437 0.00625
6 0.6334512867917246 0.85234375 0.004723861436318444 0.00625
6 0.7568842416121847 0.853125 0.0031613614363184437 0.00625
6 0.7537865126894235 0.8484375 0.003170451795397966 0.0078125
2 0.8193978771508041 0.85078125 0.004714771077238921 0.0046875
2 0.7960421903825207 0.83671875 0.0031522710772389217 0.0046875
2 0.7826745819712644 0.8515625 0.0031522710772389217 0.0046875
2 0.7771785608940255 0.85625 0.0031522710772389217 0.0046875
2 0.7516018439733169 0.82109375 0.006286361436318444 0.00625
4 0.7483768500234411 0.83828125 0.009484084308955332 0.01875
4 0.7951927626894235 0.8484375 0.00633181323171641 0.0140625
4 0.8208967446372469 0.86171875 0.007876132513557366 0.0109375
4 0.7927899253554062 0.85859375 0.007876132513557366 0.0109375
5 0.8161774283804683 0.8671875 0.01897725897699054 0.0390625
5 0.7967734434075828 0.8453125 0.009493174668035032 0.0203125
5 0.786517199457707 0.8625 0.02051248789975162 0.034375
5 0.7826518560735654 0.85546875 0.007876132513557366 0.0109375
5 0.775579699457707 0.8625 0.011046584308955332 0.01875
5 0.7560620849963264 0.86015625 0.0063863553861942535 0.0234375
5 0.7475228771508042 0.85078125 0.02070338544042354 0.0671875