1 0.14375 0.334375 0.2875 0.309375
2 0.121875 0.09453125 0.24375 0.1890625
5 0.23984375 0.24453125 0.4796875 0.4890625
4 0.60859375 0.0453125 0.2078125 0.090625
3 0.51875 0.05 0.059375 0.1
5 0.73984375 0.13203125 0.5203125 0.2640625
8 0.28828125 0.72890625 0.3828125 0.4796875
0 0.6171875 0.5609375 0.275 0.14375
0 0.83984375 0.571875 0.1828125 0.165625
3 0.8854941559284872 0.7234445068356912 0.11151019262201593 0.09908291549465283
3 0.6291128666026798 0.8366586209042882 0.20419766237139497 0.18555674668035033
4 0.88828125 0.89609375 0.2234375 0.2078125
5 0.8609375 0.74453125 0.278125 0.5109375
5 0.66484375 0.74453125 0.3703125 0.5109375