1 0.21328125 0.40390625 0.4265625 0.2921875
2 0.23203125 0.10859375 0.4640625 0.1671875
4 0.26484375 0.64140625 0.5296875 0.1953125
5 0.26484375 0.3796875 0.5296875 0.71875
0 0.6967078701187213 0.11500841822512738 0.1928238251355733 0.11049311416679294
0 0.87265625 0.02890625 0.1265625 0.0578125
2 0.57734375 0.32890625 0.0953125 0.0671875
2 0.915625 0.25078125 0.16875 0.0546875
9 0.87578125 0.3546875 0.2484375 0.709375
3 0.8653442406302261 0.09645892700572607 0.08615566861791066 0.037999969749378956
3 0.6753964723816577 0.21175615319801272 0.12225679508134384 0.06633404800821019
3 0.9278361920328407 0.3640009510098311 0.12378293364502539 0.06009313836728971
3 0.56875 0.44296875 0.078125 0.0671875
4 0.64296875 0.596875 0.2265625 0.284375
4 0.884375 0.534375 0.23125 0.303125
7 0.6671875 0.33828125 0.275 0.2671875
4 0.855547059813871 0.1581185896717086 0.1915340359079618 0.15735902380771344
5 0.8734375 0.1203125 0.253125 0.240625
5 0.86796875 0.47890625 0.2640625 0.5203125
5 0.68359375 0.51484375 0.3078125 0.4484375
5 0.6984375 0.275 0.3375 0.44375
8 0.3921875 0.86953125 0.275 0.2609375
8 0.26484375 0.86953125 0.5296875 0.2609375
8 0.7734375 0.86953125 0.453125 0.2609375