5 0.284375 0.259375 0.56875 0.51875
4 0.284375 0.353125 0.56875 0.33125
1 0.40390625 0.128125 0.3296875 0.253125
6 0.710741336728179 0.4046875 0.038263616008908666 0.065625
6 0.9490038580521795 0.3359375 0.024037484006999676 0.0515625
9 0.80546875 0.45078125 0.3890625 0.1359375
4 0.7649186647039983 0.2265625 0.012790901336727067 0.025
5 0.7665993433720437 0.23671875 0.021094297342454205 0.0671875
1 0.37109375 0.83828125 0.3953125 0.2734375
2 0.3291822540579064 0.646875 0.4767817706874535 0.153125
5 0.284375 0.771875 0.56875 0.45625