1 0.2125 0.0890625 0.425 0.178125
4 0.325 0.3546875 0.65 0.35
5 0.325 0.26484375 0.65 0.5296875
9 0.9171875 0.2 0.165625 0.4
8 0.325 0.76484375 0.65 0.4703125
8 0.5109375 0.759375 0.278125 0.403125
4 0.2173339875069681 0.6018385040579064 0.01279089149054773 0.05014545066836362
5 0.23619307181592353 0.6208066800604517 0.050654505853732525 0.11308180267345432
4 0.7921875 0.9671875 0.184375 0.065625
3 0.7997713211285525 0.8903572060789054 0.06758747579950324 0.06953179734245403
2 0.812138990041051 0.7334804974140418 0.08183178298109546 0.1009454293443632
5 0.7796875 0.7859375 0.259375 0.428125