1 0.234375 0.14296875 0.46875 0.2859375
4 0.234375 0.43046875 0.46875 0.0984375
5 0.234375 0.23984375 0.46875 0.4796875
1 0.83046875 0.43984375 0.1703125 0.0796875
1 0.5645217452657758 0.41710516588743635 0.08837270401018138 0.07550906010845856
1 0.6543751332750027 0.34861826541989804 0.09467724801081764 0.08023292154477701
2 0.7639228559436845 0.33313819028432495 0.26366360534690836 0.10152718032537571
2 0.6819921506206384 0.2578387293155446 0.13054202267663584 0.07419199980360833
2 0.5359375 0.2765625 0.134375 0.090625
5 0.5421875 0.35703125 0.146875 0.2453125
5 0.6486978452816843 0.2994358768562166 0.1580317706874535 0.1540340359079618
5 0.734375 0.37578125 0.53125 0.2078125
7 0.075 0.57109375 0.146875 0.1828125
7 0.1421875 0.50546875 0.071875 0.0515625
7 0.1953125 0.56328125 0.121875 0.1671875
7 0.26796875 0.534375 0.1109375 0.109375
7 0.35234375 0.54765625 0.1109375 0.1359375
7 0.43203125 0.54140625 0.0734375 0.1234375
5 0.090625 0.68984375 0.18125 0.4203125
5 0.14453125 0.64296875 0.0890625 0.3265625
5 0.196875 0.678125 0.159375 0.396875
5 0.2703125 0.64375 0.13125 0.328125
5 0.309375 0.609375 0.0875 0.259375
5 0.3546875 0.66015625 0.13125 0.3609375
5 0.39296875 0.62578125 0.0859375 0.2921875
5 0.41875 0.60390625 0.065625 0.2484375
5 0.42265625 0.64765625 0.0921875 0.3359375
8 0.734375 0.65625 0.53125 0.353125