1 0.1046875 0.44765625 0.209375 0.2234375
2 0.15390625 0.14765625 0.3078125 0.2953125
4 0.25 0.49296875 0.5 0.1328125
5 0.25 0.2796875 0.5 0.559375
7 0.8921875 0.09921875 0.16875 0.1984375
5 0.8515625 0.2796875 0.296875 0.559375
0 0.09800333736472577 0.577736198082965 0.015843176002545433 0.01884090359079611
7 0.10069253270208929 0.6074373336215844 0.023892033338636053 0.039198855386194255
7 0.35 0.578125 0.028125 0.0375
5 0.35234375 0.61171875 0.0484375 0.1046875
5 0.10176468403881636 0.6324418788011241 0.05307155068427179 0.12998748184962744
8 0.25 0.7796875 0.5 0.440625
8 0.7171875 0.7796875 0.434375 0.440625
8 0.62890625 0.8515625 0.2578125 0.296875
8 0.8268925007160887 0.8091372307694729 0.1575590560152719 0.11340903590796181
0 0.5469611947405875 0.9879651709556019 0.014207950668363622 0.01258181323171641
3 0.5484375 0.9984375 0.009375 0.003125
5 0.55703125 0.9890625 0.0484375 0.021875