1 0.19375 0.5109375 0.3875 0.240625
2 0.25703125 0.24453125 0.5140625 0.2140625
4 0.35 0.6703125 0.7 0.159375
5 0.35 0.4359375 0.7 0.628125
8 0.86796875 0.2640625 0.2640625 0.325
5 0.9046875 0.28591658195418396 0.009375 0.02979658800127254
0 0.63671875 0.9486774745783222 0.059375 0.06944089067472703
4 0.5390625 0.8716888079249125 0.015625 0.03455681333545435
0 0.5390625 0.8443450579249125 0.0125 0.014207950668363622
5 0.53515625 0.893609261258776 0.0328125 0.1175693080044546
4 0.840625 0.7753036092457313 0.01875 0.03459317600254543
4 0.88671875 0.7625 0.0140625 0.025
4 0.90546875 0.7714240839035954 0.0203125 0.03304885733609062
5 0.90390625 0.803125 0.0328125 0.10625
5 0.8875 0.765625 0.021875 0.03125
5 0.8609375 0.7734375 0.028125 0.046875
4 0.86015625 0.76484375 0.0203125 0.0296875
4 0.83828125 0.7953125 0.0265625 0.090625
7 0.78125 0.875 0.1625 0.25
5 0.7890625 0.875 0.178125 0.25