5 0.2546875 0.175 0.509375 0.35
1 0.1515625 0.2703125 0.303125 0.159375
2 0.1859375 0.0671875 0.371875 0.134375
6 0.8636786213952675 0.22095432009863183 0.05217155405833438 0.10528748400699968
6 0.865609280937992 0.15769125143217727 0.028479524004104917 0.06126476400381797
6 0.7618393863241864 0.13304469275140515 0.03319429508134384 0.06600680800445424
6 0.6798944947354426 0.11724642274026938 0.033157933645025395 0.059756808004454244
4 0.8296172387835143 0.16664808076063203 0.03938975292686635 0.05670453333863605
2 0.8322291543763631 0.12058160276095027 0.018886355386194254 0.023655676002545433
5 0.823376329142594 0.16501285542645033 0.0788613190854491 0.1274715666772721
8 0.5703125 0.78203125 0.121875 0.2546875
8 0.78671875 0.38984375 0.2046875 0.0796875
8 0.88203125 0.675 0.2359375 0.65