7 0.49453125 0.4765625 0.0671875 0.125
1 0.4725075152769117 0.40515773701598884 0.02074885200509069 0.037618174668035034
1 0.15928190396245628 0.26426352966144584 0.02525453866963625 0.022020445745273953
1 0.025669425286456705 0.33224084913967833 0.02371022000318166 0.023573855386194255
1 0.1427745619430481 0.40714592125018945 0.03317612667090888 0.0314408975406721
1 0.3589546399586382 0.29355209562363693 0.034720445337363515 0.029887487899751618
2 0.33743527064768275 0.12857199023744265 0.02043976933481808 0.011055674668035032
2 0.2263432293125464 0.14120782474278978 0.015752269334818082 0.0110284035907962
2 0.02265625 0.29375 0.0453125 0.04375
2 0.01015625 0.225 0.0203125 0.021875
2 0.043412003302046885 0.21749254791001435 0.031540901336727115 0.025181807181592398
2 0.1606813193030014 0.21114307484098563 0.05043635200509069 0.03779089149054773
2 0.13806033728518402 0.34227035499341085 0.08353975334181776 0.06298178903121983
2 0.36199837130013784 0.23340948116225632 0.07249316534054522 0.05354315651766246
4 0.3713995486155478 0.3655043636758136 0.07652723201781733 0.1316863372358216
4 0.3378438033100011 0.16060778541698245 0.025363626670908877 0.031395445745273864
4 0.2290591493077739 0.17638225546094904 0.028524989337999785 0.03453862646343313
4 0.18982283195418392 0.32538283684303815 0.06691587468172662 0.11131929508134401
4 0.09921875 0.4765625 0.0890625 0.125
4 0.06046259595800194 0.29650333703942994 0.05098179201145401 0.08466589149054773
4 0.01484375 0.40078125 0.0296875 0.1390625
4 0.019392700628592642 0.26735619252382004 0.03462953866963625 0.022074987899751618
5 0.021875 0.40625 0.04375 0.265625
5 0.01953125 0.24140625 0.0390625 0.0546875
5 0.06939270062859268 0.2676470840143678 0.08592041335136287 0.13330337939029935
5 0.12890625 0.421875 0.1703125 0.234375
5 0.1946648732893202 0.31212885792027706 0.1293987880330894 0.24448631908544902
5 0.22878642930459225 0.19981975546094902 0.03433973201781733 0.131440897540672
5 0.3424403966422739 0.16844755649422133 0.029234061346272 0.09547612646343313
5 0.3762961339513204 0.3475628847530525 0.1345226400381801 0.28201359016268784
5 0.503125 0.4375 0.0875 0.203125
0 0.484808067950366 0.35522591470908593 0.041243165340545215 0.05336134933607006
4 0.85 0.08671875 0.134375 0.1734375
5 0.83046875 0.2125 0.2515625 0.425
5 0.8015625 0.37421875 0.303125 0.3296875
4 0.70078125 0.50703125 0.1015625 0.0640625
0 0.3370069146244565 0.7600214572563472 0.041715880012726726 0.09398634933607006
0 0.40060743264641 0.598661776439992 0.11369996801399936 0.10377950585373234
7 0.415625 0.871875 0.175 0.25625
5 0.31634842194463897 0.8567828277678519 0.07187718936981646 0.2691499757995032
4 0.3191370672740482 0.8857072584860111 0.054761320019090044 0.14093407220870696
5 0.41484375 0.7703125 0.1828125 0.459375