2 0.2546875 0.265625 0.509375 0.259375
5 0.2546875 0.2671875 0.509375 0.303125
7 0.5868143685948669 0.2329549632082754 0.1194794427116344 0.3319226865718917
3 0.59921875 0.01015625 0.0390625 0.0203125
5 0.65546875 0.209375 0.2921875 0.41875
8 0.7546875 0.209375 0.490625 0.41875
9 0.3416773279758193 0.5774453065924172 0.2939703653723619 0.2891908067888089
9 0.12109375 0.58515625 0.2421875 0.2921875
9 0.05625 0.77578125 0.1125 0.4484375
3 0.9463910052912292 0.45875036962774196 0.08802725867281787 0.04582156010845857
7 0.8828125 0.625 0.234375 0.3
7 0.64296875 0.58671875 0.2671875 0.3359375
5 0.85859375 0.709375 0.2828125 0.58125
5 0.6640625 0.709375 0.309375 0.58125