3 0.4359375 0.065625 0.028125 0.028125
3 0.39728024860759364 0.019141784454033493 0.025254538669636162 0.022020445745273953
3 0.32615013594050274 0.022680395792156104 0.031540901336727246 0.025181807181592398
3 0.28515625 0.0109375 0.0265625 0.021875
3 0.22371547927277557 0.031088314311871024 0.026853401336727246 0.025154536104353652
3 0.17265625 0.00546875 0.0265625 0.0109375
3 0.121875 0.009375 0.025 0.01875
3 0.05390625 0.009375 0.0265625 0.01875
0 0.43515625 0.0171875 0.0296875 0.034375
7 0.046875 0.09296875 0.09375 0.1609375
7 0.01953125 0.0171875 0.0390625 0.034375
7 0.05703125 0.00625 0.0734375 0.0125
7 0.1171875 0.01875 0.090625 0.0375
7 0.11580243459582143 0.10749225390882486 0.09731244668999892 0.17242951190385672
7 0.17138027259709415 0.09779454616149845 0.07213063335454457 0.15665906615858277
7 0.20078125 0.01953125 0.0328125 0.0390625
7 0.21412175592777602 0.11707581128680893 0.10981244668999893 0.1725022347764938
7 0.28123707793604835 0.05575197102592524 0.061955654678545004 0.0878545240041051
7 0.31573879992841236 0.11179743794663377 0.1395544906906352 0.1773624515990065
7 0.3759314125955033 0.10832245912206862 0.10514312802354446 0.17403746369925485
7 0.4015625 0.1640625 0.096875 0.23125
5 0.02734375 0.1671875 0.0546875 0.334375
5 0.03828125 0.14765625 0.0765625 0.2953125
5 0.05546875 0.19609375 0.1109375 0.3921875
5 0.103125 0.1515625 0.146875 0.303125
5 0.1015625 0.1984375 0.140625 0.396875
5 0.14921875 0.184375 0.1234375 0.36875
5 0.18828125 0.171875 0.1171875 0.34375
5 0.196875 0.21171875 0.165625 0.4234375
5 0.25859375 0.1734375 0.1234375 0.346875
5 0.296875 0.228125 0.203125 0.45625
5 0.35859375 0.2140625 0.1609375 0.428125
5 0.37109375 0.26875 0.1578125 0.5375
1 0.8453125 0.44453125 0.309375 0.2703125
2 0.87734375 0.22265625 0.2453125 0.1703125
5 0.725 0.32265625 0.55 0.5140625
4 0.225 0.80390625 0.45 0.3921875
5 0.225 0.78984375 0.45 0.4203125
0 0.94609375 0.6671875 0.1078125 0.175
3 0.96953125 0.81796875 0.0609375 0.0734375
7 0.86171875 0.8734375 0.2765625 0.253125
5 0.83671875 0.78984375 0.3265625 0.4203125