1 0.19921875 0.2703125 0.3984375 0.278125
2 0.18359375 0.0703125 0.3671875 0.140625
4 0.21484375 0.3625 0.4296875 0.09375
5 0.21484375 0.2046875 0.4296875 0.409375
8 0.71484375 0.2046875 0.5703125 0.409375
9 0.48515625 0.2171875 0.1109375 0.315625
0 0.24296875 0.55234375 0.3734375 0.2859375
3 0.3109375 0.796875 0.2375 0.34375
7 0.21484375 0.9078125 0.4296875 0.184375
5 0.21484375 0.7046875 0.4296875 0.590625
1 0.6921875 0.578125 0.525 0.3375
4 0.71484375 0.82109375 0.5703125 0.3578125
5 0.71484375 0.7046875 0.5703125 0.590625