1 0.2796875 0.13828125 0.540625 0.2765625
4 0.275 0.32421875 0.55 0.4296875
5 0.275 0.26953125 0.55 0.5390625
7 0.8075965133672712 0.22718394939526992 0.15183740937299817 0.29391472668681723
0 0.8014999600174992 0.10603565539463355 0.09253404002227165 0.16511701734563583
5 0.7890625 0.278125 0.209375 0.521875
2 0.4286277233847704 0.911970766112313 0.06444430800445425 0.0335579346753633
2 0.14872894867918127 0.6220339200747693 0.1069954346753633 0.06529883068109026
4 0.46953125 0.9671875 0.0890625 0.065625
4 0.1684516500238626 0.7058458460773146 0.17518290802036277 0.15201812802354447
3 0.15478859201940817 0.6728788047421783 0.07220226400381798 0.028961341343090474
3 0.4233953307208612 0.9322196314449039 0.03303067600254508 0.019131808004454243
5 0.44921875 0.94609375 0.2015625 0.1078125
5 0.16929708203372568 0.7785020960773146 0.2888294267186339 0.3861215027052708
8 0.775 0.76953125 0.45 0.4609375