3 0.5265625 0.05234375 0.00625 0.0203125
3 0.478125 0.00390625 0.025 0.0078125
3 0.4856254452542945 0.06796875 0.02200226502711473 0.021875
3 0.4046875 0.00859375 0.021875 0.0171875
3 0.41770214704969266 0.07578125 0.02512726502711473 0.021875
3 0.3706453398681003 0.04453125 0.02200226502711473 0.021875
3 0.290625 0.00859375 0.025 0.0171875
3 0.055147604895214954 0.06640625 0.034556807181592354 0.03125
3 0.11677545130441876 0.05078125 0.02668976502711464 0.021875
3 0.17160839704969266 0.07578125 0.026707945745273864 0.025
3 0.2449095416634984 0.05234375 0.02981476502711473 0.021875
3 0.3348714663315334 0.07265625 0.025145445745273776 0.025
0 0.0515625 0.0171875 0.05625 0.034375
0 0.11015625 0.0125 0.0421875 0.025
0 0.1658578459182245 0.02734375 0.04714771077238851 0.046875
0 0.2421875 0.0140625 0.040625 0.028125
0 0.334375 0.01953125 0.040625 0.0390625
0 0.36875 0.01171875 0.034375 0.0234375
0 0.41587148145684394 0.0296875 0.03773634933607006 0.040625
0 0.48617034591822444 0.02734375 0.03773634933607006 0.040625
0 0.52109375 0.01640625 0.0171875 0.0328125
7 0.0578125 0.175 0.115625 0.209375
7 0.11946463494944423 0.11015625 0.0692045179539809 0.078125
7 0.17140438485124837 0.175 0.11360902380771343 0.190625
7 0.24696292105379775 0.13671875 0.10405221662612103 0.159375
7 0.2870834061248789 0.05 0.06131020472226432 0.0640625
7 0.33381802643999203 0.16015625 0.10414312021691714 0.175
7 0.422122002337691 0.1640625 0.0790158551898024 0.153125
7 0.3747379422292324 0.0765625 0.044122704722264317 0.0640625
7 0.41677545130441873 0.05078125 0.06594316256778647 0.0546875
7 0.4784942013044188 0.05078125 0.07863406010845857 0.0875
7 0.49375 0.1671875 0.071875 0.165625
5 0.06875 0.26171875 0.1375 0.5234375
5 0.1171875 0.21640625 0.065625 0.4328125
5 0.17031003834384872 0.25546875 0.13418618598271656 0.5046875
5 0.246875 0.2203125 0.109375 0.440625
5 0.2890625 0.18671875 0.065625 0.3734375
5 0.3328125 0.23984375 0.10625 0.4796875
5 0.37265625 0.20625 0.0640625 0.4125
5 0.40078125 0.184375 0.0421875 0.36875
5 0.4194197040348932 0.23671875 0.09792143305585022 0.4484375
5 0.478125 0.18203125 0.0875 0.3640625
5 0.490625 0.23125 0.078125 0.453125
5 0.51640625 0.2125 0.0265625 0.425
6 0.905220848648699 0.43984375 0.0303238251355733 0.109375
6 0.755052156124879 0.2765625 0.012736349336070063 0.040625
6 0.630737957354543 0.26015625 0.009593168617910841 0.0375
6 0.915276583817976 0.28828125 0.009593168617910663 0.0375
6 0.90814988504764 0.271875 0.006413626463433175 0.028125
6 0.8260822736113216 0.265625 0.00799430718159222 0.03125
6 0.6924248910977643 0.2546875 0.007976126463433176 0.028125
6 0.55078125 0.503125 0.0421875 0.09375
6 0.5884322826865079 0.23984375 0.009574987899751619 0.034375
6 0.9401674995090208 0.26953125 0.009547716822512698 0.0296875
6 0.53515625 0.2453125 0.0109375 0.034375
6 0.53125 0.234375 0.003125 0.025
6 0.5703726290957117 0.22421875 0.00634090359079611 0.015625
6 0.5970033067888089 0.2359375 0.0063772650271147315 0.021875
6 0.6056061471478886 0.2375 0.0063772650271147315 0.021875
6 0.6634413730455876 0.24140625 0.0063772650271147315 0.021875
6 0.6853345537637467 0.24453125 0.0063772650271147315 0.021875
6 0.7455180748409858 0.24921875 0.0063772650271147315 0.021875
6 0.7947550055591449 0.25234375 0.006359084308955332 0.01875
6 0.804906710379605 0.2515625 0.006359084308955332 0.01875
6 0.7868652375069681 0.2390625 0.004769313231716588 0.0140625
6 0.8165663730455875 0.24140625 0.004760222872636888 0.0125
6 0.8494652314568439 0.25625 0.004805674668034854 0.0203125
6 0.8635186410977642 0.2546875 0.006359084308955332 0.01875
6 0.9025811410977642 0.2546875 0.004796584308955331 0.01875
6 0.8853390989432866 0.2453125 0.004760222872636888 0.0125
6 0.9143271621750031 0.259375 0.0063772650271147315 0.021875
6 0.9588947736113216 0.265625 0.0063954457452737755 0.025
6 0.9713902284317818 0.26484375 0.007939765027114732 0.021875
6 0.8384368278660478 0.240625 0.0063227228726368875 0.0125
6 0.9885640928931625 0.2625 0.007967036104353297 0.0265625
6 0.9947913669954633 0.25859375 0.0063681746680352095 0.0203125
8 0.22265625 0.775 0.4453125 0.45
8 0.79140625 0.6953125 0.3078125 0.290625
8 0.87578125 0.815625 0.2484375 0.36875