2 0.14453125 0.23671875 0.2890625 0.2515625
5 0.2046875 0.3109375 0.409375 0.415625
0 0.5658027828828998 0.07222341618202391 0.0755363311856975 0.09262383723582164
1 0.561606162273199 0.15662568725926276 0.05031816256778665 0.05497839149054773
4 0.5476850837197802 0.3153057956705192 0.12517375858420704 0.2991556383672897
5 0.57421875 0.26953125 0.2859375 0.4984375
8 0.07265625 0.759375 0.1453125 0.48125
8 0.14296875 0.81015625 0.2859375 0.3796875
7 0.08514067368607633 0.9009150009819586 0.028352258976990542 0.039226126463433174
5 0.08356908332699682 0.8993615913410382 0.03309430113146803 0.048628397540672094
8 0.70703125 0.78046875 0.5859375 0.4390625