1 0.1890625 0.20625 0.378125 0.265625
5 0.234375 0.16953125 0.46875 0.3390625
0 0.1915109592616396 0.7180285532702302 0.07556362133990895 0.04931020401018138
4 0.18529622724382228 0.8493330972708666 0.1728397053628168 0.21916926535645337
5 0.18359375 0.8390625 0.2421875 0.321875
0 0.8295756752864566 0.46766492659932124 0.01749658267027243 0.02676249466899989
0 0.7708728372851841 0.4777217266072755 0.017478401336727244 0.025199994668999894
3 0.8293484086171385 0.48719617659932124 0.006359088001272539 0.009447725334181811
4 0.8393319359484568 0.5019217479312759 0.031722714672181594 0.04098862667090888
4 0.7601529659452753 0.5262774052753209 0.024146572008272214 0.0612102200031817
5 0.7570461472788207 0.5247512679424118 0.05143632535009015 0.12401930267345432
5 0.8312921692791388 0.5215439045990031 0.059394276018453596 0.13661020934118148