1 0.2 0.11796875 0.4 0.2359375
4 0.2 0.24375 0.4 0.090625
5 0.2 0.14453125 0.4 0.2890625
1 0.6453125 0.1078125 0.490625 0.215625
4 0.7 0.19765625 0.6 0.1828125
5 0.7 0.14453125 0.6 0.2890625
8 0.21484375 0.56015625 0.3515625 0.5421875
8 0.24140625 0.71875 0.3171875 0.5625
0 0.925 0.3953125 0.15 0.196875
0 0.46328125 0.5515625 0.1265625 0.203125
7 0.91875 0.815625 0.1625 0.36875
7 0.69375 0.6578125 0.31875 0.684375
7 0.52421875 0.903125 0.2484375 0.19375
3 0.459375 0.764320322724361 0.0875 0.091643154678545
3 0.66640625 0.33046875 0.0921875 0.0828125
3 0.93671875 0.6097184701224944 0.090625 0.10886701734563572
5 0.828125 0.64765625 0.34375 0.7046875
5 0.6921875 0.64453125 0.4625 0.7109375
5 0.51328125 0.7234375 0.2265625 0.553125