0 0.34453125 0.08312574725495817 0.0234375 0.034647720003181705
0 0.425 0.04312690857736774 0.0265625 0.04093408267027261
0 0.3171875 0.28188142059200344 0.021875 0.031504538669636165
0 0.25703125 0.3028939019335031 0.0203125 0.033048857336090795
7 0.26328125 0.30907117659932126 0.040625 0.056722714672181596
7 0.35078125 0.09633427192077644 0.0390625 0.05826703333863605
7 0.42109375 0.058797361911231326 0.0609375 0.08195907200827239
5 0.39296875 0.03203125 0.0796875 0.0640625
5 0.409375 0.08158997191282218 0.0953125 0.1292340613462722
5 0.34765625 0.11590188458786725 0.065625 0.10232611600890866
5 0.32109375 0.2990234672581398 0.040625 0.0832852146721816
5 0.2640625 0.3231245859325485 0.046875 0.0864829400063634
8 0.81953125 0.21953125 0.3609375 0.4390625
1 0.46015625 0.63671875 0.3578125 0.3828125
4 0.40546875 0.8375 0.4671875 0.325
5 0.325 0.71953125 0.628125 0.5609375
1 0.81953125 0.88671875 0.3609375 0.2265625
2 0.81953125 0.69921875 0.3609375 0.2203125
5 0.81953125 0.77734375 0.3609375 0.4453125