5 0.184375 0.26484375 0.36875 0.5296875
4 0.64765625 0.26484375 0.2609375 0.5296875
4 0.75078125 0.0234375 0.0296875 0.046875
4 0.8515625 0.14921875 0.15 0.2984375
4 0.88671875 0.03046875 0.0546875 0.0609375
4 0.9515625 0.11015625 0.096875 0.2203125
4 0.990625 0.26484375 0.01875 0.5296875
5 0.78125 0.03046875 0.096875 0.0609375
5 0.9328125 0.26484375 0.134375 0.5296875
5 0.96171875 0.26484375 0.0765625 0.5296875
5 0.82890625 0.26484375 0.2203125 0.5296875
0 0.63046875 0.26484375 0.3953125 0.5296875
9 0.66328125 0.26484375 0.5890625 0.5296875
8 0.184375 0.76484375 0.36875 0.4703125
8 0.86953125 0.89609375 0.2609375 0.2078125
9 0.51328125 0.76484375 0.2890625 0.4703125
7 0.5461692120464524 0.5855033373647258 0.022602253341817757 0.06275453866963616
0 0.53984375 0.53828125 0.0140625 0.0171875
5 0.54765625 0.609375 0.0328125 0.159375