4 0.325 0.28046875 0.65 0.0765625
1 0.215625 0.09296875 0.43125 0.1859375
5 0.325 0.159375 0.65 0.31875
5 0.73828125 0.159375 0.1765625 0.31875
8 0.3752111617822197 0.7255059348233759 0.11414535499341075 0.2834670058537325
8 0.5114566922292324 0.5090809832243695 0.0889453670936593 0.24894656010845856
8 0.3593896773003137 0.42324399805509244 0.19651242739850955 0.20738629488495217
0 0.4594896712501896 0.4398497150739969 0.0063045421544778435 0.009411361436318443
7 0.4588220507386847 0.45938551025353663 0.011082945745273775 0.025063632513557366
5 0.4588629573545429 0.4664167602535366 0.015988614363184793 0.06259090359079629
4 0.774729372751 0.6568660608940255 0.19858502926866245 0.5636362948849521
1 0.6998692315550399 0.4127620577707676 0.07567268657189175 0.11606133723582168
5 0.8046875 0.659375 0.309375 0.68125