0 0.3609375 0.1125 0.021875 0.034375
0 0.4484375 0.078125 0.025 0.040625
0 0.31328125 0.31796875 0.0203125 0.0328125
0 0.2484375 0.328125 0.01875 0.021875
7 0.25390625 0.32578125 0.0390625 0.0265625
7 0.365625 0.1265625 0.0359375 0.059375
7 0.44296875 0.09453125 0.0578125 0.08125
7 0.4265625 0.00859375 0.046875 0.0171875
5 0.42109375 0.04765625 0.0703125 0.0953125
5 0.428125 0.11796875 0.0890625 0.128125
5 0.3609375 0.14765625 0.0609375 0.103125
5 0.31484375 0.3171875 0.0359375 0.04375
5 0.25390625 0.32578125 0.0421875 0.0265625
1 0.83515625 0.1203125 0.3296875 0.240625
4 0.74453125 0.25859375 0.5109375 0.1609375
5 0.74453125 0.16953125 0.5109375 0.3390625
8 0.23984375 0.65703125 0.225 0.2796875
8 0.421875 0.65234375 0.134375 0.3359375
9 0.07734375 0.76484375 0.109375 0.053125
2 0.0078125 0.75078125 0.0109375 0.0109375
5 0.009375 0.7671875 0.01875 0.046875
6 0.065625 0.7703125 0.0140625 0.0359375
5 0.7203125 0.66953125 0.409375 0.6609375