1 0.20703125 0.1578125 0.4140625 0.315625
4 0.25 0.30234375 0.5 0.3140625
5 0.25 0.2296875 0.5 0.459375
4 0.209375 0.5296875 0.41875 0.140625
1 0.303125 0.51171875 0.39375 0.1046875
5 0.25 0.7296875 0.5 0.540625
4 0.6046875 0.49375 0.209375 0.06875
4 0.54921875 0.73359375 0.0984375 0.2015625
0 0.5453125 0.61328125 0.090625 0.0671875
2 0.76953125 0.48828125 0.0796875 0.0578125
3 0.7184307956705192 0.5046875 0.04083407825883114 0.0359375
5 0.65703125 0.5640625 0.3140625 0.209375
5 0.58671875 0.784375 0.1734375 0.43125