1 0.3125 0.1484375 0.275 0.296875
4 0.225 0.409375 0.45 0.4
5 0.225 0.3046875 0.45 0.609375
1 0.70078125 0.24609375 0.5015625 0.3328125
2 0.665625 0.05625 0.43125 0.1125
4 0.725 0.46171875 0.55 0.2953125
5 0.725 0.3046875 0.55 0.609375
8 0.30859375 0.7859375 0.2828125 0.353125
2 0.325343350121637 0.6713328440483614 0.01728749394987581 0.017387494668999894
3 0.32910415437636314 0.696378297382225 0.007876132513557366 0.011028406667727354
4 0.3305212086310892 0.7213964787157705 0.042469301131468205 0.04892839600572714
5 0.3445291664766115 0.7309351107176795 0.08989881303532474 0.14478633601209046