1 0.13984375 0.45078125 0.2796875 0.1984375
2 0.28984375 0.290625 0.5796875 0.334375
5 0.31953125 0.3125 0.6390625 0.475
8 0.421875 0.6359375 0.315625 0.171875
8 0.13046875 0.71875 0.2609375 0.3375
8 0.81953125 0.775 0.3609375 0.45
2 0.696875 0.7689884328594585 0.0625 0.04567611436318479
3 0.6828125 0.8189066196277419 0.01875 0.02198408430895533
4 0.71484375 0.8698742219888741 0.0859375 0.11612496974937905
4 0.6703125 0.59296875 0.0625 0.0859375
5 0.69140625 0.6796875 0.1046875 0.259375
5 0.7109375 0.86640625 0.14375 0.2671875