1 0.21875 0.2203125 0.4 0.278125
4 0.209375 0.43984375 0.41875 0.2796875
5 0.209375 0.28984375 0.41875 0.5796875
8 0.5566120517206434 0.2704637572804115 0.2167976563212708 0.20407152402927142
8 0.709375 0.28984375 0.58125 0.5796875
2 0.5575978347999347 0.2352984166136388 0.01259090359079611 0.015770450668363533
3 0.5590467053114395 0.2548114852800934 0.011019313231716588 0.014189769334818081
5 0.5690620547457055 0.278912056612048 0.0381363251355733 0.10981135200509069
4 0.561208648129847 0.2860342132797752 0.014317030054229286 0.04391363200190899
0 0.07600642545360196 0.8017683012810479 0.025145445745273953 0.025290901336727158
5 0.07362631401728348 0.8080455732813661 0.02519998789975162 0.03466590133672716
4 0.3828125 0.5828125 0.009375 0.00625
4 0.38203125 0.59296875 0.0171875 0.0265625
8 0.68828125 0.78984375 0.5390625 0.4203125