1 0.1625 0.26484375 0.325 0.3390625
4 0.18984375 0.36953125 0.3796875 0.1796875
5 0.18984375 0.2296875 0.3796875 0.459375
8 0.7328125 0.2296875 0.534375 0.459375
5 0.98046875 0.03203125 0.0390625 0.0640625
1 0.16171875 0.9671875 0.2546875 0.065625
1 0.31640625 0.93671875 0.1265625 0.1265625
7 0.7085794000636334 0.6724342426002756 0.12362150270527099 0.2857749626829992
7 0.8478777100572701 0.6239320132479584 0.08817380402608954 0.19318747334499947
0 0.6734375 0.4671875 0.04375 0.015625
0 0.8140625 0.49140625 0.04375 0.0640625
5 0.8640625 0.7234375 0.175 0.528125
5 0.7453125 0.7296875 0.321875 0.540625
9 0.7058180267345423 0.7037206052673667 0.1737658586887262 0.16449994668999893
9 0.5879220020687241 0.7113432959500477 0.10419769867918127 0.09338746801399936