4 0.1859375 0.228125 0.371875 0.24375
1 0.3171875 0.25078125 0.384375 0.1984375
2 0.29375 0.06484375 0.43125 0.1296875
5 0.2546875 0.175 0.509375 0.35
0 0.52421875 0.084375 0.0296875 0.06875
4 0.634375 0.18515625 0.25 0.1953125
5 0.7546875 0.18671875 0.490625 0.3265625
0 0.1375 0.58515625 0.075 0.0953125
0 0.45234375 0.565625 0.1140625 0.19375
0 0.2734375 0.6046875 0.0796875 0.0890625
2 0.02890625 0.609375 0.0578125 0.059375
2 0.38125 0.59296875 0.0578125 0.075
3 0.01640625 0.7015625 0.0328125 0.0625
3 0.1453125 0.66640625 0.040625 0.0375
3 0.2859375 0.68984375 0.0421875 0.0453125
3 0.409375 0.69765625 0.04375 0.0546875
3 0.47578125 0.6859375 0.0546875 0.0578125
4 0.4421875 0.85703125 0.05625 0.2859375
4 0.30625 0.82734375 0.1140625 0.2578125
4 0.146875 0.803125 0.125 0.2421875
4 0.01953125 0.85859375 0.0390625 0.2828125
5 0.06640625 0.7859375 0.1328125 0.428125
5 0.1515625 0.765625 0.203125 0.46875
5 0.32109375 0.77578125 0.1859375 0.4484375
5 0.43046875 0.77421875 0.1546875 0.4515625
5 0.45625 0.73046875 0.10625 0.5390625
8 0.6765625 0.5265625 0.334375 0.353125
8 0.8796875 0.6796875 0.240625 0.3625