1 0.39140625 0.084375 0.2546875 0.16875
4 0.2890625 0.2578125 0.459375 0.384375
5 0.259375 0.225 0.51875 0.45
9 0.6456462388817102 0.15004194837755253 0.036137487899751616 0.03458407825883114
9 0.708341681601922 0.11681181274073724 0.032976126463433175 0.02831589754067192
9 0.6824604376520462 0.13384932181592352 0.029842036104353476 0.026735216822512696
8 0.9469456393492484 0.06272934250037894 0.03144998789975162 0.034556807181592396
9 0.9218547357584523 0.07820889675510508 0.03299430718159222 0.03144089754067192
3 0.9872433864223822 0.119215691836449 0.009438632513557366 0.010992042154477666
0 0.9857899707313376 0.10045660147736939 0.022074987899751618 0.03450226502711473
5 0.97890625 0.19140625 0.0421875 0.2171875
4 0.8490030430382405 0.11137994505790286 0.03157725292686635 0.056431807181592394
0 0.8406456423743105 0.07070494808296494 0.01731476502711473 0.021974993949875808
5 0.8542354437021704 0.15203676131468152 0.06672493344863355 0.18944429508134383
1 0.29921875 0.64765625 0.4390625 0.3359375
2 0.2875 0.47109375 0.4625 0.0421875
4 0.259375 0.85703125 0.51875 0.2859375
5 0.259375 0.725 0.51875 0.55
8 0.759375 0.725 0.48125 0.55