4 0.0828125 0.303125 0.165625 0.31875
4 0.27265625 0.34609375 0.1546875 0.3265625
0 0.07265625 0.5003066105525557 0.0859375 0.09893746974937905
5 0.2453125 0.28203125 0.209375 0.4578125
5 0.11328125 0.23515625 0.2265625 0.4703125
1 0.16796875 0.1922673724564124 0.0734375 0.08167724687674198
1 0.340625 0.1859375 0.01875 0.05625
8 0.70390625 0.2875 0.5921875 0.54375
2 0.5546875 0.02217654449216875 0.0265625 0.023592036104353474
2 0.48203125 0.17253509279496654 0.0453125 0.0643261204133089
2 0.678125 0.27133218285945854 0.0375 0.028343168617910842
2 0.7015625 0.5269372882456528 0.05625 0.04095225292686635
3 0.66953125 0.29550093588452064 0.0203125 0.01730567466803503
4 0.671875 0.3564520714231401 0.053125 0.09562157220870696
4 0.5359375 0.09394246018321332 0.0609375 0.1112920240041051
4 0.4546875 0.2380010115110732 0.0921875 0.1630363311856975
5 0.44453125 0.3203125 0.1890625 0.396875
5 0.5328125 0.1517367794650541 0.1265625 0.2944863190854491
5 0.64921875 0.4015625 0.1734375 0.315625
5 0.68046875 0.52734375 0.1984375 0.0640625
8 0.17421875 0.73984375 0.3484375 0.3609375
1 0.73359375 0.8667577914671067 0.4578125 0.26516347521032807
0 0.7625 0.65078125 0.475 0.1828125
4 0.675 0.93359375 0.65 0.1328125
5 0.675 0.7796875 0.65 0.440625