3 0.434375 0.246875 0.03125 0.025
3 0.3859375 0.20978155744744925 0.0234375 0.020585220003181703
3 0.31796875 0.22461566943822248 0.028125 0.023764764003817974
3 0.27890625 0.22025488609958632 0.0234375 0.020585220003181703
3 0.2234375 0.25007819875872306 0.0234375 0.022147720003181704
3 0.20234375 0.20530150075585954 0.01875 0.020530676002545344
3 0.16953125 0.2291384427514052 0.021875 0.020567038669636252
3 0.11328125 0.17770266474376922 0.025 0.020603401336727067
3 0.12265625 0.24578050274504185 0.0234375 0.020585220003181703
3 0.04296875 0.19094700473422418 0.021875 0.020567038669636162
3 0.0578125 0.25518222740290586 0.025 0.023728401336727246
3 0.0109375 0.22729303739654255 0.021875 0.02212953866963625
0 0.01328125 0.1875 0.0265625 0.040625
0 0.03828125 0.15573621073358784 0.0328125 0.03319430800445433
0 0.05390625 0.21060552406904226 0.0390625 0.04107953333863614
0 0.1125 0.14097482407699644 0.034375 0.03477498933799979
0 0.121875 0.2067089120782691 0.0375 0.04106135200509069
0 0.16484375 0.1915838987507689 0.0375 0.03793635200509069
0 0.2046875 0.16626627275617772 0.034375 0.03789998933799978
0 0.225 0.2055651300922685 0.0390625 0.044204533338636054
0 0.2765625 0.17647761409926818 0.040625 0.03797271467218159
0 0.3171875 0.1785128287714497 0.0453125 0.04740225867281787
0 0.38203125 0.16442360411358567 0.0453125 0.04740225867281787
0 0.428125 0.1875 0.04375 0.053125
7 0.0171875 0.33828125 0.034375 0.1734375
7 0.06640625 0.3404384747374058 0.0828125 0.15096361067790856
7 0.01953125 0.25703125 0.0390625 0.0640625
7 0.05625 0.23094529606936048 0.065625 0.05701361600890866
7 0.11484375 0.22928334607731463 0.078125 0.08840906667727219
7 0.1359375 0.34124754408017816 0.078125 0.16340906667727229
7 0.1859375 0.32307934675363237 0.0546875 0.14907384667409057
7 0.2 0.24199297875554135 0.0296875 0.03784544533736352
7 0.23125 0.33454410542645024 0.0921875 0.16044769867918127
7 0.2828125 0.26405033943345 0.053125 0.08030566534054522
7 0.3265625 0.3122156667727224 0.1203125 0.16389996268299925
7 0.3828125 0.29802644478035845 0.0859375 0.16193747334499947
7 0.41484375 0.34140625 0.0703125 0.2140625
5 0.02265625 0.37890625 0.0453125 0.4015625
5 0.03046875 0.37265625 0.0609375 0.4140625
5 0.046875 0.3394299580680878 0.0609375 0.3991465720082724
5 0.06640625 0.38515625 0.1140625 0.3890625
5 0.1203125 0.3270032307447237 0.103125 0.41057496801399934
5 0.1359375 0.38125 0.09375 0.396875
5 0.17734375 0.375 0.0796875 0.409375
5 0.209375 0.35225831675681407 0.071875 0.4086488413430905
5 0.22890625 0.38125 0.1171875 0.396875
5 0.27890625 0.3491611360995863 0.08125 0.3946954293443632
5 0.3265625 0.365625 0.15 0.428125
5 0.38203125 0.3578125 0.1109375 0.44375
5 0.403125 0.36796875 0.09375 0.4234375
6 0.73203125 0.38480773476285923 0.034375 0.10664998933799978
6 0.89453125 0.34372984345158547 0.028125 0.07845226400381797
6 0.58046875 0.23382539540895103 0.0140625 0.040788632001908985
6 0.4609375 0.22305952339272456 0.0125 0.037645450668363625
6 0.821875 0.2374156614417223 0.0109375 0.03450226933481808
6 0.734375 0.23952250676317738 0.0125 0.036082950668363624
6 0.72734375 0.2230344407622229 0.0078125 0.026653406667727177
6 0.6484375 0.22055378341817794 0.009375 0.03135908800127272
6 0.51953125 0.21514757340067875 0.009375 0.028234088001272716
6 0.9265625 0.2191025607892671 0.00625 0.01726022533418181
6 0.7578125 0.21948272676635905 0.009375 0.029796588001272627
6 0.896875 0.21797586545190364 0.0078125 0.025090906667727265
6 0.49140625 0.20388280939686068 0.0078125 0.020403406667727175
6 0.5125 0.20569075739972426 0.00625 0.02038522533418181
6 0.57109375 0.2087163074076784 0.00625 0.021947725334181812
6 0.61796875 0.20926174741404174 0.0078125 0.017278406667727175
6 0.628125 0.20781742608208714 0.0078125 0.017278406667727175
6 0.609375 0.19666175007954179 0.0046875 0.014117044000636358
6 0.63828125 0.19777935475013253 0.0046875 0.012554544000636358
6 0.67109375 0.21066116275458685 0.00625 0.02038522533418181
6 0.684375 0.20847195408972316 0.00625 0.018822725334181813
6 0.72109375 0.20733671542804108 0.00625 0.01726022533418181
6 0.70390625 0.1993242207590412 0.0046875 0.01255454400063627
6 0.7328125 0.21137932542963195 0.00625 0.02038522533418181
6 0.77578125 0.21578556210213168 0.0078125 0.025090906667727175
6 0.7875 0.21435942210372252 0.0078125 0.021965906667727176
6 0.659375 0.196462302752996 0.00625 0.01257272533418181
6 0.80390625 0.21142532610594963 0.0078125 0.025090906667727175
6 0.81015625 0.20759180144013145 0.00625 0.02038522533418181
6 0.83984375 0.21418724677749487 0.0078125 0.020403406667727175
6 0.8703125 0.23407303278163108 0.009375 0.029796588001272627
6 0.9984375 0.22265625 0.003125 0.0234375
6 0.93359375 0.2168406267902216 0.00625 0.01726022533418181
6 0.93828125 0.21455142079085796 0.00625 0.01726022533418181
6 0.803125 0.99453125 0.03125 0.0109375
9 0.5078125 0.8671875 0.115625 0.265625
9 0.8953125 0.8046875 0.209375 0.390625