1 0.11796875 0.33046875 0.2359375 0.2984375
2 0.10234375 0.08203125 0.2046875 0.1640625
5 0.21484375 0.23984375 0.4296875 0.4796875
8 0.71484375 0.23984375 0.5703125 0.4796875
8 0.69921875 0.03125 0.1515625 0.0625
8 0.7578125 0.034375 0.159375 0.06875
8 0.803125 0.03671875 0.146875 0.0734375
8 0.93359375 0.04140625 0.1328125 0.0828125
1 0.07109375 0.6125 0.1421875 0.265625
5 0.21484375 0.73984375 0.4296875 0.5203125
4 0.21484375 0.83359375 0.4296875 0.3328125
8 0.665625 0.803125 0.471875 0.39375
7 0.6704878212267483 0.9268305080760421 0.03144998789975162 0.0347386266709087
5 0.678286685688129 0.9245776647437692 0.051844301131468026 0.04903748400699968