4 0.01328125 0.08203125 0.0265625 0.1640625
4 0.0484375 0.0703125 0.0875 0.140625
4 0.11953125 0.065625 0.0671875 0.13125
4 0.18046875 0.04296875 0.0921875 0.0859375
4 0.2890625 0.06796875 0.11875 0.1359375
7 0.08359375 0.2578125 0.1671875 0.121875
7 0.3109375 0.253125 0.18125 0.13125
1 0.39140625 0.296875 0.0171875 0.04375
0 0.40390625 0.24453125 0.046875 0.0671875
5 0.41171875 0.26328125 0.0703125 0.1109375
5 0.25625 0.253125 0.28125 0.13125
5 0.09140625 0.25859375 0.1828125 0.1203125
5 0.284375 0.075 0.134375 0.15
3 0.50625 0.18125 0.0703125 0.146875
7 0.68359375 0.2140625 0.2578125 0.209375
5 0.63671875 0.159375 0.3546875 0.31875
8 0.6796875 0.52421875 0.440625 0.3546875
0 0.5 0.78828125 0.0734375 0.034375
0 0.553125 0.76796875 0.0484375 0.028125
3 0.55859375 0.78984375 0.034375 0.0125
3 0.5203125 0.8109375 0.0234375 0.0140625
7 0.565625 0.84375 0.084375 0.0859375
7 0.50078125 0.86875 0.0828125 0.1125
5 0.52734375 0.884375 0.1359375 0.23125
5 0.6 0.87265625 0.178125 0.2515625
0 0.49296875 0.63984375 0.0078125 0.0046875
7 0.49296875 0.64921875 0.015625 0.0125
5 0.49140625 0.65390625 0.021875 0.03125
0 0.4984375 0.665625 0.009375 0.0046875
7 0.4953125 0.67578125 0.015625 0.0140625
5 0.496875 0.67890625 0.021875 0.0328125