0 0.01171875 0.26015625 0.0234375 0.0390625
0 0.09416971916020378 0.40243167105379773 0.02363748789975162 0.03451135538619425
0 0.009375 0.38125 0.01875 0.040625
0 0.1671875 0.58671875 0.021875 0.0265625
0 0.23046875 0.590625 0.0203125 0.01875
7 0.22578125 0.58828125 0.0421875 0.0234375
7 0.09190778239192036 0.4164805355151783 0.03783634328594587 0.05803066861791084
7 0.021875 0.3953125 0.04375 0.08125
7 0.01953125 0.28515625 0.0390625 0.0765625
5 0.03125 0.3171875 0.0625 0.159375
5 0.0390625 0.41640625 0.078125 0.1265625
5 0.09982936670087579 0.43527598731057643 0.06465337334017515 0.10193520472226432
5 0.16640625 0.58359375 0.0390625 0.0328125
5 0.22734375 0.5875 0.0453125 0.025
2 0.8352583274732643 0.16651339353365122 0.08166815651766254 0.07234769867214012
4 0.8407326644144983 0.43606736943135027 0.14559534289316253 0.3180238130353249
1 0.8623571586589618 0.2588554296380047 0.026907933645025396 0.05952953610435348
5 0.78046875 0.3625 0.2671875 0.475
9 0.42578125 0.69765625 0.1984375 0.1953125
0 0.12227653844204456 0.662696484481906 0.025263620413308895 0.04545794574527377
4 0.12323959562363687 0.6939510296614458 0.03779998184962743 0.05178066861791084
5 0.12259015583029136 0.716602734481906 0.06499880698520064 0.16131020472226432
6 0.8590038579202771 0.6311667668738263 0.01883181323171641 0.01417158430895551
9 0.76015625 0.60625 0.0546875 0.0125
8 0.70390625 0.8484375 0.3078125 0.2375