1 0.18671875 0.35703125 0.3734375 0.2453125
2 0.19140625 0.0828125 0.3828125 0.165625
5 0.26484375 0.23984375 0.5296875 0.4796875
1 0.87109375 0.35546875 0.2578125 0.2484375
2 0.8640625 0.1015625 0.271875 0.15625
5 0.76484375 0.24765625 0.4703125 0.4640625
8 0.33671875 0.73984375 0.3859375 0.5203125
8 0.2265625 0.8203125 0.359375 0.359375
5 0.6890625 0.73984375 0.31875 0.5203125
5 0.903125 0.73984375 0.19375 0.5203125
4 0.69296875 0.77890625 0.2140625 0.4421875
4 0.92109375 0.79375 0.1578125 0.4125
1 0.89921875 0.54453125 0.1421875 0.1296875
1 0.6421875 0.5125 0.115625 0.065625