1 0.134375 0.26484375 0.26875 0.2640625
2 0.2296875 0.07421875 0.459375 0.1484375
4 0.2296875 0.46640625 0.459375 0.1671875
5 0.2296875 0.275 0.459375 0.55
6 0.66171875 0.4261319546069573 0.05 0.0724568026734543
6 0.7765625 0.4349518765913671 0.028125 0.04251476400381797
6 0.8921875 0.4476689579090042 0.01875 0.036155676002545434
1 0.28046875 0.8984375 0.3578125 0.203125
2 0.2609375 0.6609375 0.396875 0.221875
4 0.2296875 0.94453125 0.459375 0.1109375
5 0.2296875 0.775 0.459375 0.45
7 0.58125 0.63828125 0.196875 0.1765625
5 0.68515625 0.625 0.0890625 0.15
4 0.68125 0.60625 0.065625 0.1125
5 0.57734375 0.775 0.2359375 0.45