4 0.21484375 0.39921875 0.4296875 0.3203125
1 0.21484375 0.11171875 0.4296875 0.2234375
5 0.21484375 0.2796875 0.4296875 0.559375
8 0.56484375 0.14453125 0.2703125 0.2890625
7 0.68046875 0.027941252043103493 0.0125 0.012572722872636888
5 0.67890625 0.025588411684023836 0.0171875 0.02666249394987581
8 0.1984375 0.628125 0.340625 0.1375
8 0.2953125 0.76796875 0.26875 0.4171875
5 0.08828125 0.56953125 0.0203125 0.0203125
9 0.8078125 0.98984375 0.03125 0.0203125
9 0.8359375 0.996875 0.028125 0.00625
8 0.54921875 0.97347087889932 0.028125 0.031413626463433174
9 0.578125 0.9859375 0.03125 0.028125
4 0.659375 0.98984375 0.025 0.0203125
0 0.66171875 0.9655316347530525 0.015625 0.020403403590796287
5 0.659375 0.9765625 0.040625 0.046875