3 0.29453125 0.09921875 0.4484375 0.1984375
4 0.259375 0.234375 0.51875 0.290625
5 0.259375 0.18984375 0.51875 0.3796875
8 0.759375 0.18984375 0.48125 0.3796875
0 0.2765625 0.68984375 0.484375 0.6203125
5 0.1796875 0.68984375 0.359375 0.6203125
8 0.759375 0.68984375 0.48125 0.6203125
8 0.8078125 0.61484375 0.384375 0.4703125
7 0.6608486799325923 0.7670430960164204 0.03319429508134384 0.06581589754067192
4 0.7148231076256895 0.7790754634046672 0.015861349336070064 0.04071590359079611
5 0.7336412853187866 0.7909032977136226 0.08369426483072288 0.15204428903121964