7 0.4484375 0.0984375 0.040625 0.13125
7 0.4421875 0.048369153405451205 0.034375 0.08008748933799978
7 0.38359375 0.10003110339749703 0.1140625 0.19976473734881744
7 0.33671875 0.040625 0.0453125 0.08125
7 0.29921875 0.059375 0.0921875 0.11875
7 0.2078125 0.04375 0.065625 0.0875
7 0.15625 0.06171875 0.096875 0.1234375
7 0.10625 0.03359375 0.071875 0.0671875
3 0.465625 0.01484375 0.00625 0.0140625
3 0.3796875 0.01015625 0.01875 0.0203125
5 0.44140625 0.08671875 0.0546875 0.1734375
5 0.43828125 0.13359375 0.0609375 0.2671875
5 0.36015625 0.03984375 0.0296875 0.0796875
5 0.37109375 0.18984375 0.1546875 0.3796875
5 0.32734375 0.10703125 0.0828125 0.2140625
5 0.2875 0.1421875 0.125 0.284375
5 0.20546875 0.08984375 0.0890625 0.1796875
5 0.11875 0.165625 0.18125 0.33125
5 0.1 0.09609375 0.096875 0.1921875
6 0.934375 0.35390625 0.05625 0.0515625
6 0.74296875 0.19556342142740477 0.028125 0.05813976400381797
6 0.59609375 0.13682312607413297 0.0265625 0.051871582670272566
6 0.49453125 0.10048508939367903 0.015625 0.04080681333545444
6 0.9359375 0.21968381612026722 0.0203125 0.042423857336090796
6 0.82109375 0.162878738104677 0.01875 0.04240567600254534
6 0.73515625 0.12672251475967755 0.015625 0.03299431333545444
6 0.66484375 0.10246685475013254 0.0125 0.028270450668363534
6 0.9921875 0.234375 0.015625 0.034375
6 0.90859375 0.18655314278322194 0.0171875 0.03769999466899989
6 0.83671875 0.15915430144013146 0.0140625 0.034538632001908987
6 0.60234375 0.09080210140831473 0.0171875 0.03769999466899989
9 0.734375 0.18984375 0.53125 0.3796875
8 0.4390625 0.75703125 0.059375 0.1734375
8 0.08203125 0.78359375 0.1640625 0.2703125
8 0.08203125 0.6203125 0.1640625 0.48125
8 0.840625 0.515625 0.31875 0.271875