1 0.13515625 0.48359375 0.2703125 0.1328125
2 0.17890625 0.32421875 0.3578125 0.1390625
5 0.19453125 0.39921875 0.3890625 0.3015625
5 0.7484375 0.275 0.503125 0.55
4 0.78359375 0.3390625 0.3734375 0.421875
1 0.81953125 0.0484375 0.2046875 0.096875
6 0.2828125 0.775 0.2125 0.45
5 0.19453125 0.81328125 0.3890625 0.3734375
2 0.09105068423420067 0.7268285820694602 0.16510789129415607 0.18064198770335976
1 0.79453125 0.8671875 0.4109375 0.265625
2 0.74921875 0.61953125 0.5015625 0.1390625
5 0.69453125 0.775 0.6109375 0.45