1 0.25078125 0.3375 0.5015625 0.31875
2 0.24765625 0.075 0.4953125 0.15
5 0.35 0.25 0.7 0.5
8 0.85 0.25 0.3 0.5
4 0.27421875 0.57578125 0.5484375 0.1515625
5 0.35 0.75 0.7 0.5
0 0.9381165817748727 0.647514963916322 0.02366475897699054 0.0393352200031817
0 0.8778416362259904 0.8028933545910488 0.022074987899751618 0.03462953866963616
0 0.962416624125742 0.7675365625795949 0.02522725897699054 0.039353401336727066
0 0.8328125 0.99375 0.021875 0.0125
7 0.882447322994274 0.8169013105904126 0.03627384328594587 0.058230670671545234
7 0.9568524253554062 0.784006447247004 0.058276108313060605 0.08036020934118149
7 0.9395336360295987 0.6724967825827766 0.047311337235821684 0.0755454400063634
5 0.98671875 0.62734375 0.0265625 0.2140625
5 0.9354319433093871 0.7061359859166402 0.0712397166261212 0.16019316000954512
5 0.9426581151487516 0.806826329248913 0.08978972872636923 0.12603633601209027
5 0.8768603983262387 0.8372774452578217 0.06152837334017534 0.1022715720082723
5 0.83515625 0.98984375 0.0359375 0.0203125