0 0.00625 0.1390625 0.0125 0.021875
0 0.01690271633153344 0.13876550068737106 0.020430674668035033 0.020430674668035033
0 0.04886578863843631 0.12686039832623885 0.036137487899751616 0.03458407825883114
0 0.08773284591822446 0.09303938934924845 0.026717036104353654 0.026717036104353477
0 0.1250464935570923 0.06078997073133761 0.04402271077238851 0.047129530054229284
0 0.12226238202257803 0.11940190144949688 0.07703519867214012 0.0816954275949012
0 0.191107830792914 0.1354081756499937 0.023592036104353474 0.026698855386194254
0 0.21211522238165764 0.12044170580241884 0.012563632513557365 0.011010222872636888
7 0.2130419181269315 0.14543716062287904 0.017369307181592398 0.03134999394987581
0 0.2277220416634984 0.11722580221162264 0.028288626463433175 0.028288626463433175
0 0.2674158007386847 0.09121274805509243 0.03456589754067192 0.03301248789975162
0 0.33229591217500315 0.09708549815328826 0.026717036104353477 0.026717036104353477
0 0.3791800025340827 0.09837528738089976 0.023592036104353297 0.026698855386194254
0 0.4322322796614458 0.08556621517219272 0.040815897540672094 0.033048849336070066
0 0.4705362555591449 0.08924975137474211 0.04400453005422946 0.04400453005422929
7 0.484375 0.22421875 0.090625 0.1640625
7 0.44289758976990434 0.17300712783817523 0.07727154800820983 0.12232042759490129
7 0.3913805415653025 0.18111960968780258 0.07247496369925485 0.10354315651766237
7 0.34686292710392197 0.18372243492157173 0.04595791549465282 0.1112011204133089
7 0.2859345174630016 0.18563945892567676 0.0725749576491305 0.12073065651766246
7 0.24377428854024039 0.19057239862082653 0.059974963699254855 0.1034704336450254
7 0.20709644515609868 0.19781727205919744 0.04583065046753827 0.08932612041330898
7 0.09287486387220537 0.17113711827200956 0.045812469749379046 0.08620112041330899
7 0.02821746623333752 0.20354561817381372 0.0473295179539809 0.07839771077238851
7 0.011783945156098685 0.19895356694414978 0.015961343285945874 0.057903403590796286
7 0.01484375 0.26015625 0.0296875 0.1734375
7 0.06655325838781527 0.21269790437636313 0.08191359621281205 0.11453519867214013
7 0.16397770423128505 0.17228600693388696 0.06644313231716552 0.141006795081344
7 0.14451969798476902 0.319279181601922 0.12652718032537572 0.2632272287263694
3 0.006097026538187933 0.16148538320092837 0.007876132513557366 0.010982951795398054
3 0.020150436179108232 0.1598410699692118 0.011001132513557365 0.011001132513557365
3 0.05138680064048877 0.1573155127876195 0.020421584308955333 0.01886817466803503
0 0.03963623438371018 0.1519149404807166 0.00791249394987581 0.017232951795398143
3 0.09023113202257801 0.11958825381062903 0.015706813231716587 0.01415340359079611
3 0.10696463494944428 0.17574280504029302 0.011110216822512698 0.029751132513557276
3 0.19357430064048878 0.15648829011137427 0.009438632513557366 0.010992042154477666
3 0.23178737294739166 0.14454682631392363 0.01570681323171641 0.014153403590796199
3 0.2722851079202771 0.12243547697785355 0.02041249394987581 0.01730567466803503
1 0.34024931274073716 0.1212587963578902 0.011064765027114731 0.021938632513557366
3 0.3832407886384363 0.12491506148320068 0.017278403590796288 0.01572499394987581
3 0.43086067720211785 0.11838780553127233 0.015734084308955686 0.01884090359079611
3 0.4684152193565955 0.12754463691336154 0.01731476502711473 0.021974993949875808
5 0.47109375 0.2296875 0.1171875 0.334375
5 0.4525725716195318 0.22451508568369755 0.10027375253408266 0.3161976926220159
5 0.3955140505422928 0.22015938379010355 0.10004649355709247 0.2771351926220159
5 0.36506802643999203 0.22424289579215612 0.11108398750696828 0.2943863251355733
5 0.28854188787631047 0.2309383233870574 0.10966693325224205 0.3193772347764936
5 0.2145544211519937 0.13683432026379938 0.023701120413308983 0.045448855386194253
5 0.24557313787631047 0.23118830826174683 0.08901808996629619 0.26144656010845857
5 0.209622002337691 0.22905363652057806 0.06691583098930565 0.22225679508134402
5 0.1723538064942213 0.2691155551384889 0.13555778844204447 0.47264768052176753
5 0.09123964099956847 0.1586462086310892 0.058757897344280254 0.16283634328594587
5 0.07472937275099997 0.275152452580965 0.12699078863843632 0.3429147287263694
5 0.0328125 0.2296875 0.065625 0.209375
5 0.02265625 0.22109375 0.0453125 0.1890625
5 0.03125 0.32890625 0.0625 0.4421875
5 0.16015625 0.3109375 0.1890625 0.478125
5 0.71484375 0.275 0.3703125 0.55
4 0.6546875 0.3421875 0.25 0.415625
6 0.16328125 0.775 0.3265625 0.45
6 0.38359375 0.775 0.2921875 0.45
1 0.76484375 0.62734375 0.4703125 0.1546875
4 0.76484375 0.79140625 0.4703125 0.4171875
5 0.76484375 0.775 0.4703125 0.45