1 0.225 0.40234375 0.45 0.2640625
0 0.2296875 0.165625 0.440625 0.225
4 0.225 0.4703125 0.45 0.159375
5 0.225 0.275 0.45 0.55
8 0.725 0.275 0.55 0.55
8 0.821875 0.04765625 0.10625 0.0953125
8 0.78984375 0.08984375 0.1453125 0.1796875
8 0.74140625 0.08359375 0.1546875 0.1671875
8 0.69765625 0.0796875 0.1421875 0.159375
8 0.55390625 0.0609375 0.1765625 0.121875
8 0.5109375 0.05 0.121875 0.1
8 0.49140625 0.0453125 0.0828125 0.090625
8 0.4671875 0.040625 0.034375 0.08125
1 0.1171875 0.86328125 0.234375 0.2734375
2 0.13359375 0.7421875 0.2671875 0.1125
5 0.225 0.81171875 0.45 0.3765625
0 0.6245972739497295 0.6333603832009284 0.01894999466899989 0.01729658430895551
5 0.6089444546069573 0.7029779916121848 0.06439085868872621 0.1628636143631848
7 0.8797922092616396 0.7896775191323313 0.03508407200827222 0.06113748789975162
7 0.9563808865770496 0.9212542511783504 0.03175907733927232 0.04393180718159258
7 0.9859375 0.94609375 0.028125 0.0640625
7 0.9578125 0.97734375 0.040625 0.0453125
0 0.99609375 0.89765625 0.0078125 0.0203125
0 0.9630854199156857 0.8821553897420319 0.020603401336727244 0.02511817466803521
0 0.8881683306015484 0.7411945673369331 0.01900453866963616 0.02198408430895533
5 0.8740143765913672 0.81627183538911 0.064627216024817 0.1831761143631848
5 0.9484375 0.93359375 0.059375 0.1328125
5 0.95234375 0.96328125 0.0828125 0.0734375
5 0.9765625 0.9421875 0.046875 0.115625