1 0.221875 0.38125 0.275 0.115625
0 0.18671875 0.215625 0.3453125 0.21875
5 0.1796875 0.253125 0.359375 0.371875
3 0.45703125 0.1843527949831481 0.034375 0.02676248789975162
3 0.496875 0.14005334913967832 0.0234375 0.020448855386194252
3 0.5625 0.14277889422102225 0.0296875 0.023610216822512697
3 0.5984375 0.13048797247985347 0.0234375 0.022011355386194253
3 0.6578125 0.14880215612487896 0.0234375 0.023573855386194255
3 0.66796875 0.10276749345889646 0.01875 0.02042158430895542
3 0.7046875 0.11938736689726745 0.0234375 0.022011355386194253
3 0.746875 0.060257806592417175 0.0265625 0.022029536104353476
3 0.7515625 0.12591007766965606 0.0234375 0.022011355386194253
3 0.815625 0.05987653239192037 0.021875 0.020439765027114733
3 0.8140625 0.12314869203284076 0.025 0.025145445745273776
3 0.85234375 0.08821515583029135 0.0234375 0.023573855386194255
3 0.91796875 0.04172195091163529 0.025 0.025145445745273953
3 0.9671875 0.07794579722264325 0.0296875 0.025172716822512698
3 0.88828125 0.10873673408912259 0.0265625 0.026717036104353477
0 0.9625 0.03729352614540442 0.0421875 0.04243293969514968
0 0.91171875 0.01015625 0.0359375 0.0203125
0 0.88203125 0.0602628726528041 0.0421875 0.04243293969514968
0 0.846875 0.050683339573512676 0.0359375 0.04083407825883114
0 0.8125 0.026264601673761146 0.0328125 0.03612839754067192
0 0.8078125 0.08014358059652227 0.040625 0.04242384933607006
0 0.73984375 0.02506064997655888 0.0359375 0.03458407825883123
0 0.74375 0.0883646258742579 0.0390625 0.04241475897699036
0 0.70078125 0.08264589099956843 0.0390625 0.04085225897699045
0 0.6578125 0.06598965612487895 0.0359375 0.03770907825883123
0 0.646875 0.10655102361132163 0.0421875 0.04399543969514967
0 0.59296875 0.08904990622307482 0.0421875 0.039307939695149674
0 0.5546875 0.09820219242562418 0.0484375 0.048719301131468204
0 0.490625 0.09704823770335987 0.046875 0.050272710772388506
0 0.446875 0.12882495764913057 0.0578125 0.056586343285945875
7 0.959375 0.1546875 0.08125 0.159375
7 0.928125 0.0808435382456528 0.065625 0.06756929508134402
7 0.90234375 0.18772479732083908 0.11875 0.17412836729005096
7 0.82265625 0.20366743900777867 0.0921875 0.15053633118569748
7 0.853125 0.11712595100983121 0.05 0.06435339149054772
7 0.8109375 0.09969301131468153 0.0671875 0.059765885440423536
7 0.7546875 0.10952200838781527 0.0828125 0.09110678903121965
7 0.7578125 0.2181339391059745 0.090625 0.1614647408266178
7 0.70703125 0.21002600243588693 0.0671875 0.14570338544042355
7 0.678125 0.136420330792914 0.03125 0.0376818071815924
7 0.6671875 0.22854419827935663 0.103125 0.15997496369925485
7 0.6046875 0.172711833916172 0.059375 0.08159543364502539
7 0.57265625 0.22565048155503983 0.1296875 0.16637949980360817
7 0.5171875 0.22220277380771333 0.0984375 0.16151019262201594
7 0.4609375 0.2757817708808471 0.15625 0.2165340359079618
5 0.95390625 0.2234375 0.0921875 0.43125
5 0.94140625 0.190625 0.1171875 0.38125
5 0.91484375 0.23515625 0.1640625 0.4078125
5 0.871875 0.22739128531878663 0.1171875 0.4006817769309713
5 0.84140625 0.199870273316734 0.096875 0.3833761022629364
5 0.83671875 0.2484375 0.1515625 0.38125
5 0.76953125 0.20179586679907163 0.1390625 0.397684041958086
5 0.76953125 0.25078125 0.1328125 0.3765625
5 0.72578125 0.25 0.1171875 0.378125
5 0.690625 0.24196180366555087 0.109375 0.3928238251355733
5 0.6828125 0.259375 0.15625 0.359375
5 0.625 0.25 0.115625 0.378125
5 0.590625 0.253125 0.190625 0.371875
5 0.53203125 0.2515625 0.1515625 0.375
5 0.4828125 0.265625 0.221875 0.346875
1 0.31328125 0.69375 0.0921875 0.509375
1 0.125 0.75625 0.25 0.271875
8 0.4734375 0.85703125 0.228125 0.2859375
8 0.6453125 0.878125 0.38125 0.24375
8 0.91171875 0.796875 0.1765625 0.184375