4 0.390625 0.06484375 0.078125 0.1296875
4 0.1859375 0.09140625 0.1625 0.1828125
7 0.3703125 0.3703125 0.11875 0.359375
1 0.31203885334309084 0.30390625 0.017451120413308985 0.0453125
0 0.2975132659108775 0.24921875 0.04727497579950324 0.06875
0 0.14137689539937265 0.2296875 0.08024201190385663 0.0953125
7 0.18203125 0.44453125 0.2046875 0.2109375
5 0.2921875 0.38125 0.0625 0.3375
5 0.18515625 0.3671875 0.2140625 0.365625
5 0.3734375 0.36953125 0.1125 0.3609375
5 0.3890625 0.07265625 0.08125 0.1453125
5 0.18984375 0.09296875 0.2515625 0.1859375
4 0.20390625 0.61171875 0.2453125 0.1234375
5 0.23671875 0.775 0.3859375 0.45