1 0.25546875 0.15625 0.5109375 0.3125
4 0.259375 0.3 0.51875 0.359375
5 0.259375 0.23984375 0.51875 0.4796875
8 0.815625 0.23984375 0.36875 0.4796875
7 0.8692788034691592 0.1748058119430481 0.04399543969514994 0.0426965773392725
5 0.870064598648699 0.17557797127627542 0.05981133723582168 0.07569089067472703
0 0.22347542407885984 0.8512752159055044 0.14271474082661778 0.0922795013526354
3 0.24484643003078813 0.8986860179026408 0.05028180113146803 0.04901930267345413
4 0.11953125 0.9375 0.2390625 0.125
5 0.2109375 0.89765625 0.421875 0.2046875
5 0.63515625 0.5046875 0.0828125 0.05