1 0.2 0.2703125 0.4 0.2375
5 0.2 0.19453125 0.4 0.3890625
3 0.49375 0.37109375 0.11875 0.0359375
4 0.5515625 0.29296875 0.28125 0.1921875
5 0.7 0.19453125 0.6 0.3890625
4 0.27890625 0.6078125 0.2421875 0.240625
5 0.2 0.56796875 0.4 0.3578125
3 0.3296875 0.9453125 0.140625 0.109375
2 0.34453125 0.76875 0.1109375 0.11875
5 0.22734375 0.8453125 0.3453125 0.309375
0 0.4828125 0.55078125 0.165625 0.1078125
0 0.82421875 0.6597339147437692 0.1234375 0.10924882535009015
4 0.76640625 0.87578125 0.2171875 0.2484375
4 0.45703125 0.821875 0.1140625 0.35625
5 0.73359375 0.79609375 0.3234375 0.4078125
5 0.5109375 0.7390625 0.221875 0.521875
3 0.5 0.6465862880330894 0.071875 0.061773841343090476
3 0.8046875 0.7360691480744511 0.075 0.05087270401018138