1 0.2078125 0.1828125 0.415625 0.340625
2 0.209375 0.03515625 0.41875 0.0703125
4 0.3546875 0.3109375 0.709375 0.1375
5 0.3546875 0.18984375 0.709375 0.3796875
0 0.8598714663315334 0.26796875 0.036219301131468026 0.0484375
0 0.99296875 0.2046875 0.0140625 0.078125
7 0.8609375 0.3515625 0.0875 0.05625
3 0.8593265656676035 0.30859375 0.028288626463433175 0.028125
5 0.96015625 0.22734375 0.0796875 0.3046875
5 0.859375 0.275 0.18125 0.209375
0 0.053125 0.4265625 0.10625 0.09375
7 0.17450665895354933 0.66953125 0.19291577048806366 0.39375
5 0.16015625 0.68984375 0.3203125 0.6203125
3 0.9953125 0.75078125 0.009375 0.0265625
3 0.9551066982793568 0.71875 0.02355567466803521 0.0203125
3 0.8896135084860111 0.74140625 0.029832945745273776 0.025
3 0.8505464633064713 0.740625 0.02512726502711473 0.021875
3 0.7976259963857627 0.77578125 0.025136355386194253 0.0234375
3 0.773161806690613 0.73359375 0.020439765027114733 0.021875
3 0.7420708879745064 0.7609375 0.023564765027114732 0.021875
0 0.7340402193565956 0.7234375 0.039298849336070064 0.040625
0 0.7713675025340828 0.69375 0.037727258976990544 0.0390625
0 0.7950231711519937 0.73125 0.042451120413308986 0.0453125
0 0.8432652284317819 0.69765625 0.04242384933607006 0.040625
0 0.8846578428931624 0.6953125 0.050290891490547905 0.05
0 0.9470396682251273 0.675 0.048728391490547904 0.05
0 0.98515625 0.69375 0.0296875 0.05625
7 0.7203125 0.765625 0.021875 0.09375
7 0.73671875 0.8734375 0.0546875 0.165625
7 0.7675935836215844 0.85078125 0.06806017447164336 0.15
7 0.7741521349494442 0.76953125 0.03303975897699054 0.0390625
7 0.8121657402374426 0.8578125 0.10564198770335978 0.1640625
7 0.8578276981811609 0.78359375 0.059856789031219645 0.0828125
7 0.9057339330558503 0.8265625 0.13380334913967856 0.1703125
7 0.9546875 0.80625 0.090625 0.165625
7 0.97578125 0.84375 0.0484375 0.221875
5 0.740625 0.828125 0.0625 0.34375
5 0.75 0.8578125 0.08125 0.284375
5 0.765625 0.85 0.1125 0.3
5 0.79375 0.8375 0.109375 0.325
5 0.81796875 0.85234375 0.1578125 0.2953125
5 0.86171875 0.8359375 0.1171875 0.328125
5 0.90859375 0.8328125 0.1828125 0.334375
5 0.94453125 0.82265625 0.1109375 0.3546875
5 0.9609375 0.82890625 0.078125 0.3421875