1 0.084375 0.434375 0.16875 0.290625
2 0.1109375 0.2078125 0.221875 0.225
5 0.1796875 0.31015625 0.359375 0.5390625
9 0.4421875 0.18203125 0.165625 0.2140625
0 0.7234375 0.1678178259070952 0.0265625 0.04562158267027243
4 0.72109375 0.19831384790741335 0.0390625 0.053579533338636055
5 0.7203125 0.22019793857418604 0.071875 0.16177384134309047
0 0.33671875 0.6796875 0.0453125 0.103125
2 0.234375 0.6825188619510023 0.084375 0.06816929201145391
3 0.05546875 0.6447568746419556 0.075 0.09931020401018138
3 0.21171875 0.7726262412874112 0.04375 0.0661340773392726
3 0.3421875 0.7625 0.034375 0.04375
4 0.30234375 0.88515625 0.1140625 0.2296875
4 0.1390625 0.8859375 0.153125 0.228125
4 0.0453125 0.83046875 0.090625 0.3390625
5 0.0765625 0.78984375 0.153125 0.4203125
5 0.1671875 0.815625 0.296875 0.36875
5 0.26328125 0.80859375 0.1921875 0.3828125
8 0.821875 0.78984375 0.35625 0.4203125
8 0.525 0.78984375 0.33125 0.4203125