4 0.52109375 0.16328125 0.1171875 0.2015625
4 0.30860557737904337 0.1734572433607006 0.17403967337681614 0.3213033491396783
4 0.0796875 0.18984375 0.159375 0.3296875
7 0.51796875 0.5265625 0.1234375 0.425
1 0.4585168600811326 0.4352492371141846 0.019277258672817866 0.045421584308955334
0 0.43916687607413296 0.38357765280522926 0.04923747867599957 0.0690318011314682
0 0.2875498320734966 0.37800838797450637 0.08237724267981754 0.09734769867214013
7 0.35390625 0.60625 0.2140625 0.265625
6 0.328125 0.71484375 0.08125 0.0484375
5 0.4485611520925866 0.5195606046006274 0.08058057471354338 0.3457579275949012
5 0.35 0.53125 0.2375 0.415625
5 0.521875 0.52109375 0.115625 0.4359375
5 0.5171875 0.1390625 0.125 0.278125
5 0.10859375 0.17890625 0.2171875 0.3578125
5 0.30546875 0.16875 0.2703125 0.3375
1 0.21805220802831685 0.044814092893162405 0.07123974801081764 0.08009656615858277
1 0.0234375 0.021875 0.046875 0.04375
1 0.5080777713637714 0.062125354502431486 0.04111589600572714 0.04242384933607006
2 0.4875 0.0109375 0.04375 0.021875
6 0.84296875 0.36953125 0.3140625 0.7390625
4 0.7109375 0.61640625 0.2625 0.2453125
3 0.7304196794239048 0.4146680506404888 0.13768290802036276 0.1507908612399266
2 0.69921875 0.09609375 0.1859375 0.1921875
5 0.78984375 0.36953125 0.4203125 0.7390625
9 0.15078125 0.86953125 0.3015625 0.2609375
5 0.21796875 0.86953125 0.4359375 0.2609375
8 0.81796875 0.97109375 0.1984375 0.0578125