1 0.1328125 0.14597453357027074 0.0265625 0.023592036104353474
1 0.01640625 0.22477676532170224 0.025 0.025145445745273866
1 0.134375 0.27578125 0.034375 0.0265625
1 0.31015625 0.146875 0.0171875 0.03125
2 0.28203125 0.0015625 0.0203125 0.003125
2 0.1796875 0.022264322797882173 0.015625 0.012590903590796199
2 0.0171875 0.190625 0.034375 0.046875
2 0.01953125 0.11616483460354302 0.0328125 0.02675339754067192
2 0.12734375 0.0960063498270494 0.0515625 0.04092498184962743
2 0.12265625 0.22025237090428823 0.084375 0.06767837939029935
2 0.29921875 0.08984375 0.0390625 0.0578125
4 0.309375 0.2125 0.01875 0.13125
4 0.28515625 0.02633822356000799 0.0265625 0.031404536104353474
4 0.18671875 0.05503591618202393 0.0296875 0.034547716822512696
4 0.16875 0.1981092053114395 0.0734375 0.11136474687674199
4 0.04453125 0.18789438885826915 0.0546875 0.08469316256778665
4 0.01875 0.25703125 0.0375 0.0640625
4 0.009375 0.1640625 0.01875 0.025
5 0.0109375 0.14296875 0.021875 0.0546875
5 0.04921875 0.15974211778103026 0.09375 0.1349204215447771
5 0.13359375 0.23359375 0.1984375 0.1109375
5 0.17109375 0.1765625 0.1453125 0.225
5 0.1890625 0.07689728064340447 0.0453125 0.125263620413309
5 0.290625 0.0390625 0.0375 0.078125
5 0.29296875 0.17265625 0.0515625 0.2328125
6 0.5484375 0.1734375 0.44375 0.23125
1 0.159375 0.84453125 0.31875 0.2671875
2 0.159375 0.51796875 0.31875 0.2703125
4 0.159375 0.9046875 0.31875 0.190625
5 0.159375 0.67734375 0.31875 0.6453125
0 0.63203125 0.3078125 0.0953125 0.0375
1 0.64921875 0.38860187422393794 0.075 0.08481133723582168
7 0.678125 0.558746202580965 0.2171875 0.2950135599120669
5 0.67578125 0.64453125 0.5109375 0.7109375