1 0.2890625 0.2421875 0.578125 0.3125
4 0.31484375 0.29296875 0.6296875 0.2140625
5 0.31484375 0.2 0.6296875 0.4
6 0.8453125 0.08056770218818148 0.0390625 0.05178975897699054
8 0.19765625 0.58828125 0.3953125 0.3765625
8 0.1203125 0.63203125 0.240625 0.3453125
4 0.5546875 0.6934287121471306 0.0125 0.018822722872636886
4 0.53125 0.6990338175333248 0.0140625 0.020394313231716588
5 0.5296875 0.6990429078924045 0.021875 0.03918976502711473
5 0.5578125 0.7004417814289714 0.028125 0.047038626463433
7 0.81484375 0.528125 0.3703125 0.25625
5 0.81484375 0.7 0.3703125 0.6