1 0.3375 0.13828125 0.484375 0.2765625
4 0.28984375 0.3703125 0.5796875 0.4375
5 0.28984375 0.29453125 0.5796875 0.5890625
6 0.7234375 0.5239748729473916 0.03125 0.04861930718159222
6 0.77421875 0.4641140596174793 0.015625 0.025090903590796288
6 0.79140625 0.4446828035673551 0.0109375 0.017251132513557366
6 0.8015625 0.43224189090137255 0.0078125 0.014107951795397967
6 0.80625 0.42601916197861145 0.00625 0.012536361436318444
6 0.8109375 0.4213589330558503 0.00625 0.010973861436318445
6 0.815625 0.41435495413308915 0.0078125 0.015670451795398145
6 0.984375 0.4567429629136878 0.0234375 0.037636355386194253
6 0.9328125 0.4361304810640605 0.0140625 0.023519313231716587
6 0.9125 0.4274185563960254 0.0125 0.020385222872636888
6 0.88671875 0.41633106547121174 0.0078125 0.014107951795398144
6 0.878125 0.41315606849627384 0.00625 0.010973861436318445
6 0.875 0.41157538777811464 0.00625 0.009411361436318443
6 0.871875 0.4068697070599553 0.0046875 0.014089771077238921
6 0.81796875 0.4151498396717086 0.003125 0.009393180718159222
6 0.821875 0.4128288155694076 0.0046875 0.006277271077238922
6 0.83046875 0.41053506254434546 0.0046875 0.006277271077238922
6 0.846875 0.40672426131468153 0.0046875 0.006277271077238922
6 0.86328125 0.4036947100850175 0.003125 0.006268180718159222
6 0.87578125 0.40532993295765446 0.003125 0.0078306807181594
6 0.878125 0.4037810684962738 0.003125 0.007830680718159223
6 0.8859375 0.4014827702916719 0.0046875 0.006277271077238922
6 0.8984375 0.3984304931643089 0.0046875 0.006277271077238922
6 0.92109375 0.39387480337096326 0.0046875 0.006277271077238922
6 0.95546875 0.3893872912707149 0.0046875 0.007839771077238922
6 0.98515625 0.38565375809322766 0.0046875 0.007839771077238832
6 0.70625 0.41528112899751585 0.0046875 0.006277271077238922
6 0.70859375 0.4098260145361353 0.003125 0.007830680718159223
9 0.78984375 0.525 0.4203125 0.128125
2 0.64375 0.41413626463433123 0.00625 0.004723861436318444
2 0.66640625 0.3994243248409856 0.003125 0.004705680718159222
2 0.6796875 0.41356409289316237 0.003125 0.004705680718159399
2 0.6859375 0.4190692043294809 0.003125 0.004705680718159222
2 0.7109375 0.38249590007475476 0.00625 0.006286361436318444
4 0.7140625 0.398920330792914 0.0109375 0.020376132513557365
4 0.6671875 0.41036637002052545 0.00625 0.014098861436318444
4 0.6421875 0.4250646742752515 0.0078125 0.010982951795397966
4 0.67109375 0.42132659591822447 0.0078125 0.010982951795397966
5 0.646875 0.4305606953524904 0.01875 0.04073408430895533
5 0.665625 0.4072322796614459 0.0109375 0.020376132513557365
5 0.6765625 0.42526466217500314 0.021875 0.03450226502711473
5 0.68046875 0.4174748880727022 0.009375 0.012554542154477665
5 0.6875 0.4245470446885605 0.0125 0.018822722872636886
5 0.70703125 0.4215356741770557 0.00625 0.023473861436318445
5 0.715625 0.4114294211519936 0.021875 0.06731476502711473
1 0.415625 0.66328125 0.2125 0.1484375
4 0.37578125 0.86171875 0.4078125 0.2765625
5 0.29140625 0.79453125 0.5765625 0.4109375
1 0.746875 0.8265625 0.334375 0.346875
4 0.78984375 0.9203125 0.4203125 0.159375
5 0.78984375 0.79453125 0.4203125 0.4109375