3 0.175 0.08046875 0.26875 0.1609375
4 0.1546875 0.3140625 0.309375 0.409375
5 0.1546875 0.259375 0.309375 0.51875
6 0.9809078387173613 0.040625 0.022347714672181596 0.040625
6 0.79296875 0.00859375 0.0234375 0.0171875
6 0.6832061353834977 0.03671875 0.0366829346753633 0.0640625
6 0.43014586473581495 0.1765625 0.08597495735199914 0.1375
6 0.97734375 0.0109375 0.0171875 0.021875
9 0.6578125 0.33046875 0.684375 0.3765625
9 0.07175265674726905 0.765625 0.01762385200509069 0.0375
9 0.03984375 0.77578125 0.0796875 0.0859375
9 0.003125 0.78125 0.00625 0.0375
8 0.70625 0.759375 0.546875 0.48125