1 0.134375 0.29453125 0.26875 0.2296875
2 0.134375 0.1015625 0.26875 0.203125
5 0.134375 0.2046875 0.26875 0.409375
8 0.634375 0.2046875 0.73125 0.409375
8 0.1046875 0.44921875 0.171875 0.0796875
8 0.134375 0.7046875 0.26875 0.590625
0 0.909375 0.43359375 0.0875 0.0484375
2 0.7814564738545956 0.7713320401113742 0.06925906010845857 0.08789997579950323
4 0.94921875 0.57734375 0.1015625 0.2453125
3 0.7889826275435876 0.8205053383159762 0.03616475897699054 0.03927157825883114
3 0.916018867977422 0.4697781095896067 0.03616475897699054 0.03927157825883114
4 0.7734375 0.9109375 0.1375 0.178125
5 0.77421875 0.86015625 0.1953125 0.2796875
5 0.9125 0.7046875 0.175 0.590625