1 0.19296875 0.31328125 0.3859375 0.2828125
2 0.14921875 0.0609375 0.2984375 0.121875
5 0.2796875 0.25 0.559375 0.5
6 0.54921875 0.62265625 0.0203125 0.0859375
6 0.4078125 0.8648554447633152 0.0625 0.1863011143631848
6 0.33515625 0.519901493066113 0.0078125 0.029732951795398144
9 0.44921875 0.94765625 0.2203125 0.1046875
0 0.77265625 0.5296875 0.0984375 0.059375
1 0.7796875 0.5971038216195318 0.06875 0.05821247579950324
7 0.78515625 0.7510418878763104 0.153125 0.2383908551898025
5 0.77734375 0.75 0.3296875 0.5