7 0.30546875 0.04140625 0.1109375 0.0828125
5 0.26796875 0.07265625 0.1078125 0.1453125
5 0.4625 0.07890625 0.125 0.1578125
5 0.309375 0.15 0.146875 0.3
5 0.86328125 0.15 0.2734375 0.3
4 0.928125 0.19609375 0.14375 0.2078125
1 0.94765625 0.07421875 0.1046875 0.1484375
8 0.090625 0.528125 0.18125 0.403125
8 0.315625 0.6953125 0.46875 0.403125
5 0.37904732192873053 0.5918679175377564 0.031886346674090585 0.0548693071815924
8 0.83046875 0.65 0.3390625 0.7
8 0.6859375 0.76875 0.271875 0.4625
7 0.7157286145767314 0.8285714693565955 0.028597714672181595 0.040788626463433175
5 0.7173002052435041 0.8277993097156753 0.034956802673454315 0.05019998789975162