1 0.2171875 0.36328125 0.434375 0.2953125
2 0.21328125 0.0859375 0.4265625 0.14375
4 0.24453125 0.58515625 0.4890625 0.1484375
5 0.24453125 0.3296875 0.4890625 0.659375
8 0.84375 0.4640625 0.3125 0.390625
8 0.74453125 0.3296875 0.5109375 0.659375
3 0.0515625 0.71953125 0.103125 0.0921875
3 0.321875 0.8053479709277294 0.1921875 0.16986811416679296
4 0.08515625 0.9015625 0.1703125 0.196875
5 0.09375 0.8296875 0.1875 0.340625
5 0.31796875 0.8296875 0.3421875 0.340625
2 0.60703125 0.77734375 0.2359375 0.2359375
5 0.69375 0.8296875 0.409375 0.340625