1 0.30234375 0.47265625 0.5140625 0.2734375
2 0.221875 0.2328125 0.44375 0.2875
5 0.2796875 0.3296875 0.559375 0.559375
0 0.18485678903121974 0.6588316619786114 0.10989315046753827 0.0896988251355733
1 0.19485902380771333 0.7666987041330892 0.08177724082661779 0.09109769867214013
7 0.21328125 0.89609375 0.2234375 0.2078125
5 0.23203125 0.8046875 0.4640625 0.390625
1 0.83984375 0.9640625 0.1859375 0.071875
1 0.97578125 0.84921875 0.0484375 0.0890625
2 0.6 0.85390625 0.08125 0.1203125
2 0.87421875 0.85390625 0.2515625 0.1234375
2 0.94453125 0.7609375 0.1109375 0.084375
5 0.95703125 0.7984375 0.0859375 0.171875
5 0.80390625 0.88046875 0.3921875 0.2390625
5 0.60234375 0.8828125 0.0859375 0.196875
5 0.69609375 0.871875 0.2734375 0.25625