0 0.58359375 0.3203125 0.0109375 0.021875
0 0.52578125 0.31015625 0.0125 0.0171875
0 0.54375 0.296875 0.028125 0.03125
0 0.5359375 0.325 0.046875 0.0421875
0 0.44765625 0.3046875 0.025 0.0265625
0 0.39375 0.3078125 0.05 0.04375
0 0.34609375 0.3125 0.0171875 0.0203125
0 0.3328125 0.31171875 0.01875 0.0203125
0 0.3015625 0.30234375 0.034375 0.0328125
0 0.26015625 0.27109375 0.0265625 0.025
0 0.221875 0.24140625 0.0421875 0.0453125
0 0.22734375 0.2984375 0.071875 0.0765625
0 0.16015625 0.31875 0.021875 0.025
0 0.1390625 0.30625 0.0125 0.0109375
7 0.13984375 0.3296875 0.015625 0.0296875
0 0.1234375 0.30234375 0.0265625 0.0265625
0 0.0828125 0.27890625 0.03125 0.0296875
0 0.01875 0.28828125 0.025 0.0265625
7 0.0140625 0.37421875 0.028125 0.1078125
7 0.0703125 0.3734375 0.065625 0.1171875
7 0.11328125 0.37578125 0.053125 0.1015625
7 0.1484375 0.38125 0.0421875 0.0859375
7 0.259375 0.34765625 0.040625 0.084375
7 0.32578125 0.37734375 0.04375 0.0765625
7 0.34140625 0.371875 0.0125 0.05625
7 0.41328125 0.38203125 0.01875 0.025
7 0.44140625 0.3828125 0.0671875 0.0984375
7 0.50390625 0.38203125 0.0265625 0.0921875
7 0.5375 0.37734375 0.0609375 0.071875
7 0.57265625 0.38671875 0.0328125 0.0859375
7 0.53203125 0.43515625 0.0875 0.153125
7 0.38046875 0.43046875 0.0953125 0.16875
7 0.2875 0.3875 0.0765625 0.109375
7 0.18984375 0.353125 0.0578125 0.1375
7 0.21796875 0.496875 0.1109375 0.25625
3 0.58359375 0.34765625 0.0109375 0.0140625
3 0.52734375 0.36171875 0.0203125 0.0203125
3 0.44453125 0.33359375 0.0140625 0.015625
3 0.4015625 0.353125 0.009375 0.0203125
3 0.34453125 0.33359375 0.0078125 0.0109375
3 0.33046875 0.3328125 0.0109375 0.0109375
3 0.29921875 0.3328125 0.01875 0.015625
0 0.3109375 0.32578125 0.00625 0.0171875
3 0.259375 0.296875 0.0140625 0.0140625
3 0.246875 0.35390625 0.009375 0.028125
3 0.159375 0.33984375 0.009375 0.0109375
3 0.12109375 0.33046875 0.0140625 0.0140625
3 0.08046875 0.31015625 0.0203125 0.015625
1 0.01328125 0.3125 0.009375 0.021875
5 0.0203125 0.41640625 0.040625 0.2890625
5 0.07109375 0.41953125 0.090625 0.3140625
5 0.1375 0.32109375 0.021875 0.04375
5 0.1125 0.415625 0.0734375 0.25625
5 0.14765625 0.4125 0.0546875 0.21875
5 0.18671875 0.4328125 0.1078125 0.434375
5 0.2609375 0.3359375 0.05 0.159375
5 0.2828125 0.44921875 0.10625 0.3359375
5 0.32421875 0.40390625 0.05625 0.20625
5 0.33515625 0.39453125 0.040625 0.1859375
5 0.37265625 0.465625 0.1234375 0.36875
5 0.44140625 0.425 0.0875 0.2734375
5 0.5046875 0.39375 0.053125 0.1921875
5 0.5328125 0.35390625 0.084375 0.15625
5 0.56953125 0.4015625 0.0390625 0.19375
5 0.52109375 0.475 0.1359375 0.35
5 0.20703125 0.45234375 0.1484375 0.3953125
5 0.4546875 0.825 0.26875 0.35
7 0.5015625 0.66875 0.175 0.0375
8 0.7921875 0.825 0.40625 0.35
8 0.95234375 0.8875 0.0953125 0.225