4 0.31484375 0.3078125 0.6296875 0.321875
1 0.34765625 0.07734375 0.4765625 0.1546875
5 0.31484375 0.234375 0.6296875 0.46875
8 0.68515625 0.090625 0.1109375 0.18125
8 0.734375 0.2703125 0.209375 0.396875
8 0.11640625 0.83203125 0.2171875 0.3359375
8 0.1109375 0.68515625 0.221875 0.2609375
9 0.06593653386485832 0.5202413397699044 0.06761474687674199 0.07382838544042354
8 0.4078125 0.58359375 0.44375 0.2296875
9 0.8932131479334554 0.5607441408031767 0.06274543969514994 0.042551114363184615
9 0.8972875695764284 0.5318606167008758 0.03924430718159257 0.03147725897699054
9 0.9182540545493136 0.5538583365484506 0.047120439695149584 0.042460210772388506
9 0.8001489491631194 0.5766095144379395 0.05339771077238851 0.04718407220870713
9 0.653125 0.59921875 0.046875 0.0515625
8 0.76328125 0.8734375 0.2671875 0.23125