1 0.3171875 0.1171875 0.403125 0.234375
4 0.259375 0.215625 0.51875 0.346875
5 0.259375 0.19453125 0.51875 0.3890625
8 0.91171875 0.21171875 0.1765625 0.3546875
8 0.803125 0.26796875 0.39375 0.2421875
8 0.54453125 0.290625 0.0515625 0.19375
3 0.1203125 0.410970031269912 0.0203125 0.033048857336090795
7 0.10390625 0.5359375 0.1578125 0.29375
7 0.30859375 0.51171875 0.1609375 0.2453125
5 0.32265625 0.69453125 0.2734375 0.6109375
5 0.1265625 0.69453125 0.253125 0.6109375
8 0.759375 0.69453125 0.48125 0.6109375