1 0.1984375 0.1421875 0.396875 0.284375
4 0.25 0.32421875 0.5 0.1515625
5 0.25 0.2 0.5 0.4
4 0.8328125 0.16796875 0.303125 0.3359375
5 0.55390625 0.2 0.1078125 0.4
5 0.92578125 0.2 0.1484375 0.4
5 0.82734375 0.2 0.3453125 0.4
8 0.67734375 0.68359375 0.3546875 0.5671875
0 0.7530365580653552 0.6709526780712695 0.04556703005422928 0.044277258672817864
0 0.7937206453993726 0.6612691427434509 0.03145907825883114 0.03630112667090888
0 0.8314160881195845 0.6281117447485417 0.04558521077238851 0.04740225867281787
0 0.94144052791293 0.6520497787634956 0.02832498789975162 0.03470226400381797
0 0.9596319917103806 0.6139776140992682 0.03145907825883114 0.03630112667090888
3 0.8452695098607531 0.6642128767504507 0.01258181323171641 0.014207950668363622
3 0.7904092930382405 0.6932640300763602 0.01886817466803503 0.020530676002545434
3 0.7621615731906657 0.7140305160725421 0.020439765027114733 0.0221113573360908
7 0.7297576184684014 0.7777202987348606 0.07589085518980258 0.15399770401018137
7 0.790063859393215 0.7526390300763601 0.052262457649130664 0.12091248400699976
7 0.8385831726249316 0.739140151416269 0.07263859016268803 0.13208634134309039
7 0.9296894407753042 0.7917662594286774 0.03328519867214012 0.08163180800445424
7 0.9620433985226307 0.7366702267663591 0.06652494554888193 0.15545111600890885
5 0.95859375 0.7953125 0.0828125 0.409375
5 0.9373792209277294 0.8129509160964046 0.0817691922292326 0.35873974801081765
5 0.84453125 0.8 0.1015625 0.4
5 0.79140625 0.81875 0.0703125 0.3625
5 0.73984375 0.8234375 0.1109375 0.353125
5 0.51328125 0.83046875 0.0265625 0.3265625