1 0.3703125 0.1640625 0.3375 0.328125
4 0.26953125 0.37421875 0.5390625 0.2296875
5 0.26953125 0.24453125 0.5390625 0.4890625
2 0.54765625 0.42890625 0.0171875 0.0734375
5 0.64453125 0.42890625 0.2109375 0.1203125
2 0.07890625 0.49921875 0.1015625 0.0203125
4 0.0640625 0.5953125 0.128125 0.1875
5 0.128125 0.6859375 0.25625 0.39375
0 0.70390625 0.5899867340891226 0.1625 0.09469539734428026
3 0.68359375 0.6523685594210875 0.0328125 0.03612839754067192
4 0.9390625 0.496875 0.071875 0.015625
4 0.79375 0.55 0.21875 0.121875
4 0.76640625 0.7481628484523073 0.240625 0.22952491529826097
5 0.9265625 0.50546875 0.09375 0.0328125
5 0.7703125 0.6015625 0.26875 0.225
5 0.72734375 0.76640625 0.3765625 0.4546875