1 0.375 0.16015625 0.525 0.3203125
4 0.359375 0.32265625 0.71875 0.2921875
5 0.359375 0.234375 0.71875 0.46875
9 0.95234375 0.34765625 0.0953125 0.2421875
8 0.85859375 0.4125 0.2796875 0.1125
0 0.867980302015231 0.16476335666274053 0.012590903590795932 0.015697722872636887
7 0.8592456514494969 0.18903210363767844 0.023655668617910665 0.037636355386194253
5 0.8552484978587007 0.20467982953537742 0.04747496369925486 0.1033977107723885
3 0.8640149646812134 0.1749423325604395 0.006286361436318444 0.006286361436318444
8 0.359375 0.734375 0.71875 0.53125
9 0.69140625 0.884375 0.0546875 0.23125
8 0.859375 0.734375 0.28125 0.53125
8 0.734375 0.47421875 0.03125 0.0109375