1 0.26953125 0.35859375 0.5390625 0.1421875
2 0.2046875 0.2640625 0.409375 0.096875
5 0.26953125 0.3140625 0.5390625 0.23125
8 0.834375 0.2578125 0.33125 0.240625
7 0.32776520472627 0.615625 0.017551126670908877 0.03125
0 0.32749248472308834 0.5921875 0.006359088001272717 0.009375
5 0.33029076806172436 0.63125 0.026018154678545003 0.0875
9 0.02265625 0.5515625 0.0453125 0.078125
8 0.17478675007954178 0.7625 0.19458853071290694 0.340625
5 0.27520546809354113 0.865625 0.04958292401336308 0.0984375
8 0.26953125 0.71484375 0.5390625 0.5703125
7 0.7587708514083147 0.68359375 0.18524879869508942 0.209375
0 0.6284742767345424 0.63125 0.08137836401972631 0.1453125
3 0.6618503980744512 0.6796875 0.02725339067472703 0.059375
5 0.746875 0.76953125 0.3125 0.4609375