1 0.22890625 0.09609375 0.4578125 0.1921875
4 0.2546875 0.3234375 0.509375 0.3125
5 0.2546875 0.23984375 0.509375 0.4796875
5 0.702164404474559 0.3341075392664122 0.02866133118569749 0.09251476400381797
7 0.6982945159108774 0.32790299260027583 0.01269089754067192 0.03295795066836362
8 0.75625 0.23984375 0.4875 0.4796875
1 0.19609375 0.74140625 0.3921875 0.3109375
2 0.2546875 0.51171875 0.509375 0.0640625
4 0.2546875 0.91015625 0.509375 0.1796875
5 0.2546875 0.73984375 0.509375 0.5203125
7 0.57578125 0.95625 0.1328125 0.0875