1 0.1296875 0.184375 0.259375 0.240625
2 0.14609375 0.03828125 0.2265625 0.0765625
5 0.1296875 0.159375 0.259375 0.31875
2 0.22890625 0.490625 0.0609375 0.0875
0 0.07302336778103022 0.46989628425764174 0.09433178298109546 0.10054542154477701
3 0.04649670833650159 0.5981712751824555 0.058157933645025396 0.05971134328594587
3 0.22924557582294422 0.6080452031701402 0.05033634328594587 0.05810339149054773
7 0.19609375 0.746875 0.1265625 0.3625
4 0.05625 0.74296875 0.1125 0.2796875
5 0.084375 0.69765625 0.16875 0.6046875
5 0.178125 0.71953125 0.1625 0.5609375
8 0.7113672085328934 0.7379791846269841 0.3600305476154267 0.3833316922292326
0 0.6153966992613153 0.5830740368899204 0.02040340359079611 0.015743174668035032
7 0.6112313740275462 0.6276280127876195 0.03940793364502539 0.05960225897699036
5 0.6213421722321482 0.6353814254536019 0.06946813836728971 0.12383747579950324