7 0.65546875 0.221875 0.0484375 0.075
7 0.6140625 0.228125 0.0375 0.0625
7 0.58828125 0.23515625 0.0671875 0.0484375
7 0.540625 0.215625 0.040625 0.0875
7 0.4828125 0.23828125 0.025 0.0421875
7 0.43671875 0.24140625 0.0953125 0.0359375
7 0.3828125 0.2328125 0.0375 0.053125
7 0.35 0.24140625 0.078125 0.0359375
7 0.26171875 0.240625 0.0546875 0.0375
7 0.16484375 0.2453125 0.0609375 0.028125
0 0.14957909261618413 0.2078125 0.03163180800445433 0.0328125
0 0.22075465861713867 0.20078125 0.041134077339272504 0.04375
0 0.24986999395291126 0.1828125 0.03166817067154524 0.0359375
0 0.351441584619684 0.18203125 0.03163180800445424 0.0328125
0 0.36794783195418396 0.1734375 0.025327264003817972 0.028125
0 0.4194376066200022 0.1796875 0.044277258672817864 0.0453125
0 0.48647965595163856 0.1921875 0.017478401336727244 0.025
0 0.5069012439529113 0.1828125 0.03324885200509069 0.0375
0 0.5157222606222293 0.16328125 0.01893181333545435 0.015625
0 0.54017736795832 0.14296875 0.023728401336727246 0.025
0 0.5728262359564111 0.15703125 0.0426965773392725 0.04375
0 0.5992251039545021 0.17109375 0.0174238573360908 0.0203125
0 0.6604171426241383 0.14921875 0.031613626670908876 0.03125
3 0.6647501066200021 0.1796875 0.014207950668363622 0.0125
3 0.5965995432845477 0.1953125 0.011082950668363623 0.0125
3 0.5707728399506842 0.19921875 0.01894999466899989 0.0171875
3 0.538260331954184 0.1734375 0.014207950668363622 0.0125
3 0.4926114772835932 0.20234375 0.006340906667727353 0.0078125
3 0.5033489826145934 0.21953125 0.012645450668363622 0.0125
3 0.41884671327977524 0.23046875 0.017460220003181703 0.0234375
3 0.3479256859484569 0.215625 0.015806813335454528 0.015625
3 0.24708989194782055 0.2203125 0.014189769334818081 0.0109375
3 0.2179109219446389 0.24375 0.015824994668999892 0.0171875
3 0.1515955786123661 0.2359375 0.014207950668363622 0.0125
5 0.64296875 0.19453125 0.0734375 0.1296875
5 0.6140625 0.209375 0.05 0.1
5 0.58125 0.196875 0.10625 0.125
5 0.54375 0.19453125 0.059375 0.1296875
5 0.5156313539545021 0.17109375 0.019131808004454243 0.0328125
5 0.48515625 0.21875 0.0359375 0.08125
5 0.5109375 0.2125 0.084375 0.09375
5 0.4046875 0.2390625 0.021875 0.040625
5 0.434375 0.20625 0.115625 0.10625
5 0.38046875 0.2078125 0.0578125 0.103125
5 0.34921875 0.21328125 0.0953125 0.0921875
5 0.2625 0.21171875 0.065625 0.0953125
5 0.19375 0.21796875 0.14375 0.0828125
5 0.16484375 0.22421875 0.0734375 0.0703125
8 0.83984375 0.61171875 0.3203125 0.7046875