7 0.0140625 0.1859375 0.028125 0.103125
7 0.04170414832623894 0.215625 0.08198631908544911 0.1265625
7 0.1339189194034777 0.2109375 0.05850336729005079 0.11875
7 0.17747347668326602 0.24453125 0.086746541958086 0.1390625
7 0.2338780127876195 0.21796875 0.0646988251355733 0.109375
0 0.25308707592114016 0.1390625 0.03144998789975162 0.034375
0 0.18048082289607806 0.13046875 0.042451120413308986 0.0453125
0 0.14933990720503348 0.11171875 0.03303066861791084 0.0375
0 0.04544729274365285 0.109375 0.03144998789975162 0.034375
0 0.0290955848981306 0.1 0.026744307181592396 0.03125
3 0.04759105484390123 0.14375 0.017278403590796288 0.015625
3 0.15223310304850327 0.1515625 0.015697722872636887 0.0125
3 0.18099845248276908 0.17578125 0.015734084308955332 0.01875
3 0.2490126542781672 0.16796875 0.015706813231716764 0.0140625
5 0.021875 0.225 0.04375 0.284375
5 0.0453125 0.25078125 0.090625 0.3171875
5 0.1330558561717612 0.225 0.07030445140261463 0.2671875
5 0.19921875 0.2578125 0.1515625 0.303125
5 0.2320927989901688 0.25625 0.0781714935570923 0.2765625
2 0.940625 0.2890625 0.11875 0.134375
2 0.04609375 0.4296875 0.0921875 0.040625
2 0.01015625 0.45 0.0203125 0.08125
4 0.32265625 0.6 0.2140625 0.30625
4 0.20003584055547136 0.4640625 0.1300511143631847 0.0625
4 0.05859375 0.6453125 0.1171875 0.278125
4 0.3734375 0.67890625 0.1125 0.3359375
5 0.34375 0.7046875 0.171875 0.590625
5 0.2703125 0.7046875 0.31875 0.590625
5 0.19609375 0.6328125 0.1890625 0.446875
5 0.0921875 0.7046875 0.184375 0.590625
5 0.03359375 0.70625 0.0671875 0.5875
8 0.7 0.7046875 0.540625 0.590625
5 0.853125 0.43203125 0.059375 0.0453125
0 0.5369792451282261 0.9015625 0.03466589149054773 0.05
7 0.506515040307766 0.90078125 0.09121587334017515 0.1015625
5 0.5046875 0.92265625 0.103125 0.1546875
9 0.9730183017206434 0.48125 0.03934430113146803 0.0484375