2 0.33125 0.1109375 0.415625 0.221875
5 0.26953125 0.2546875 0.5390625 0.509375
4 0.63203125 0.3356628484523073 0.0078125 0.014107951795398144
4 0.70234375 0.35638441461089004 0.025 0.056395445745273776
2 0.63203125 0.3270690984523073 0.003125 0.006268180718159222
2 0.69921875 0.32042873389273085 0.015625 0.017278403590796288
5 0.63203125 0.3387878484523073 0.0078125 0.029732951795398144
5 0.69921875 0.35558498389273085 0.034375 0.08613748789975162
7 0.2328125 0.7581509268093344 0.01875 0.045421584308955334
5 0.24296875 0.8011787641433518 0.05 0.20185339149054765
8 0.26953125 0.7546875 0.5390625 0.490625
8 0.76953125 0.7546875 0.4609375 0.490625