1 0.2609240305935943 0.13857914832623894 0.4650272053628168 0.21987824628756697
4 0.3 0.2875 0.6 0.1625
5 0.3 0.184375 0.6 0.36875
0 0.9486069386139568 0.008690618664793082 0.00792158800127254 0.009420451795398143
7 0.9491791032781844 0.02665482348525323 0.011228401336727246 0.025063632513557366
7 0.9474529712762753 0.04072641384433284 0.01962270401018138 0.0751090843089555
8 0.15390625 0.46796875 0.3078125 0.1984375
8 0.3421875 0.684375 0.515625 0.63125
7 0.6421875 0.51796875 0.084375 0.2890625
7 0.85078125 0.49921875 0.2984375 0.2609375
5 0.65703125 0.684375 0.1140625 0.63125
5 0.8171875 0.684375 0.365625 0.63125