4 0.209375 0.39140625 0.41875 0.2953125
1 0.209375 0.171875 0.41875 0.34375
5 0.209375 0.26953125 0.41875 0.5390625
4 0.91875 0.128125 0.15 0.25625
4 0.68359375 0.11171875 0.1390625 0.2234375
4 0.48359375 0.1390625 0.1296875 0.278125
5 0.49140625 0.26953125 0.1453125 0.5390625
5 0.54296875 0.26953125 0.2484375 0.5390625
5 0.88671875 0.26953125 0.2265625 0.5390625
5 0.65 0.26953125 0.265625 0.5390625
1 0.2890625 0.74140625 0.259375 0.4046875
4 0.209375 0.89609375 0.41875 0.2078125
5 0.209375 0.76953125 0.41875 0.4609375
7 0.92890625 0.71171875 0.1421875 0.3265625
5 0.9 0.76953125 0.2 0.4609375