1 0.27578125 0.29296875 0.3484375 0.2640625
2 0.2984375 0.0796875 0.303125 0.159375
4 0.225 0.42265625 0.45 0.1546875
5 0.225 0.25 0.45 0.5
9 0.67734375 0.46171875 0.1171875 0.0765625
0 0.98125 0.1484375 0.0375 0.1
6 0.15906120540258772 0.7821276300922685 0.03869996801399935 0.1035613520050906
6 0.31317599339590635 0.7347088321132675 0.03057838534372692 0.07690794533736352
6 0.00546875 0.64453125 0.0109375 0.0390625
6 0.23624931938254318 0.6353895374363134 0.012881808004454421 0.03295795066836362
6 0.15274647605027045 0.6422293360916321 0.012918170671545326 0.036082950668363444
6 0.14476125338158868 0.6272946794239049 0.008103401336727068 0.025090906667727175
6 0.06900727538190683 0.6287566347469509 0.009720445337363515 0.029796588001272717
6 0.3351862587125888 0.6123253021164492 0.008012494668999892 0.017278406667727175
6 0.17360386871417965 0.6221622840944956 0.011264764003817974 0.02825226933481808
6 0.3070794400461342 0.6135605381126312 0.009647720003181348 0.02354658800127272
6 0.038438528047406884 0.6198083487428148 0.008012494668999892 0.017278406667727175
6 0.04778625604708875 0.6175736867440873 0.008012494668999892 0.017278406667727352
6 0.03048057737904335 0.6072174420750874 0.004851132001908986 0.01411704400063627
6 0.057815236712270665 0.6067543654121328 0.006377269334818081 0.011010225334181811
6 0.08919250604708875 0.6180554920830417 0.0064681760025454334 0.018822725334181813
6 0.10243739337999784 0.6150850334181779 0.008030676002545433 0.018840906667727177
6 0.13832944004613426 0.6115969540897231 0.0064499946689998925 0.01726022533418181
6 0.12106921471195253 0.6051469594207233 0.004832950668363622 0.01255454400063627
6 0.14930330271322517 0.6148492234245413 0.008048857336090797 0.020403406667727175
6 0.19072773404677063 0.6168935287634956 0.009647720003181703 0.02354658800127272
6 0.20242830271322507 0.6154673887650863 0.009629538669636162 0.021984088001272717
6 0.07731921471195254 0.6046378820814508 0.006395450668363623 0.01257272533418181
6 0.21801694004613426 0.6125242021005408 0.009665901336727067 0.025109088001272716
6 0.2234311460454979 0.6079003367679499 0.008030676002545433 0.018840906667727177
6 0.2516015993793615 0.612133850771768 0.008048857336090797 0.020403406667727175
6 0.28305159404836144 0.6296849774426768 0.011264764003817974 0.02825226933481808
6 0.4070612587125888 0.6131616434595396 0.008067038669636161 0.021965906667727176
6 0.34219932737904346 0.6108446181174036 0.0064499946689998925 0.01726022533418181
6 0.34606921471195234 0.6077650714512673 0.0064318133354547054 0.01569772533418181
6 0.63515625 0.59453125 0.2078125 0.1890625
6 0.51015625 0.809375 0.1203125 0.38125
6 0.7578125 0.528125 0.165625 0.05625