5 0.13984375 0.2296875 0.2796875 0.459375
4 0.13984375 0.3484375 0.2796875 0.221875
8 0.40625 0.41328125 0.253125 0.0921875
8 0.1859375 0.671875 0.1875 0.371875
8 0.04375 0.7296875 0.0875 0.540625
6 0.90390625 0.9390625 0.0921875 0.121875
6 0.74921875 0.8465695345719588 0.04375 0.10207157733927241
6 0.65390625 0.789866095918231 0.0328125 0.07225680800445425
6 0.57734375 0.7696632312619578 0.025 0.05654090133672707
6 0.528125 0.7592984432686393 0.0203125 0.050236357336090796
6 0.4609375 0.7538302406110935 0.0234375 0.0487102200031817
6 0.36875 0.7603716892902748 0.0171875 0.03926249466899989
6 0.284375 0.7703125 0.009375 0.0375
9 0.321875 0.7 0.084375 0.121875
9 0.63984375 0.925 0.7203125 0.15