5 0.19375 0.375 0.35625 0.109375
7 0.6222887919319122 0.2193156857863247 0.08448518268618095 0.14423178903121964
1 0.6153944492759572 0.14036398399092676 0.02543635200509069 0.03764544574527377
1 0.2140625 0.00546875 0.025 0.0109375
1 0.3105075019494114 0.08858681879086143 0.03633748933799978 0.03458407825883123
1 0.5277500932925019 0.017970833523388484 0.037881808004454245 0.03303066861791084
2 0.315625 0.03125 0.0875 0.0625
4 0.5285035239497295 0.0875111738824681 0.09217041335136286 0.1333397408266178
4 0.36640625 0.03828125 0.0796875 0.0765625
4 0.2548109379376392 0.1749874062230748 0.11468176002545336 0.18815450585373253
4 0.18125 0.0640625 0.075 0.128125
4 0.12421875 0.0140625 0.0640625 0.028125
4 0.07265625 0.021875 0.0671875 0.04375
5 0.0734375 0.1515625 0.146875 0.303125
5 0.115625 0.1375 0.140625 0.275
5 0.1609375 0.16953125 0.159375 0.3390625
5 0.28125 0.1828125 0.221875 0.365625
5 0.3734375 0.065625 0.159375 0.13125
5 0.53515625 0.10546875 0.1703125 0.2109375
5 0.621875 0.2484375 0.134375 0.346875
0 0.6346626172820024 0.09594181829988213 0.047511346674090585 0.05496021077238859
8 0.84453125 0.21484375 0.3109375 0.4296875
2 0.8428205626193659 0.30556121623333754 0.01266363200190881 0.014135222872636887
3 0.8433927272835933 0.32353451141287737 0.006377269334818081 0.010973861436318445
4 0.836143301281048 0.3422436047970191 0.020767033338636054 0.03918067466803503
5 0.8439285292807297 0.34463280659241724 0.04798406134627235 0.0955852107723885
5 0.578125 0.71484375 0.221875 0.5703125
7 0.6296875 0.63671875 0.11875 0.2578125
3 0.6734375 0.51328125 0.03125 0.0328125
0 0.6671875 0.4640625 0.04375 0.06875