1 0.275 0.1515625 0.55 0.303125
4 0.275 0.29453125 0.55 0.3109375
5 0.275 0.225 0.55 0.45
6 0.99609375 0.20703125 0.0078125 0.0421875
6 0.88125 0.1788009933959062 0.0140625 0.039226132001908984
6 0.734375 0.13568569804263442 0.0140625 0.03766363200190899
6 0.9421875 0.1802913154041786 0.0109375 0.02825226933481808
6 0.76953125 0.40234375 0.0671875 0.0953125
6 0.7015625 0.12514764003818007 0.0125 0.03139545066836362
6 0.84296875 0.1533555507240428 0.0125 0.03452045066836353
6 0.6890625 0.1226584393698165 0.0109375 0.03137726933481808
6 0.6015625 0.09195278469127159 0.009375 0.02042158800127263
6 0.66015625 0.10357208469922581 0.009375 0.020421588001272716
6 0.7125 0.12449365937299817 0.009375 0.021984088001272717
6 0.72890625 0.11687206337522538 0.009375 0.018859088001272718
6 0.7796875 0.12683795671545228 0.009375 0.017296588001272716
6 0.78984375 0.15273738538349768 0.015625 0.03455681333545444
6 0.78671875 0.14176352271640677 0.0078125 0.023528406667727174
6 0.78515625 0.13940159138286132 0.00625 0.02038522533418181
6 0.82734375 0.13676748738858838 0.009375 0.017296588001272716
6 0.85234375 0.15112088872531548 0.0078125 0.021965906667727263
6 0.859375 0.15432770472627003 0.009375 0.021984088001272717
6 0.915625 0.16357598273390597 0.009375 0.021984088001272717
6 0.9359375 0.17006234006999676 0.0078125 0.021965906667727176
6 0.99375 0.18089129941117826 0.0078125 0.021965906667727176
6 0.52265625 0.60625 0.0546875 0.1125