2 0.21484375 0.196875 0.4296875 0.2
5 0.284375 0.23671875 0.56875 0.3265625
3 0.76796875 0.03515625 0.0984375 0.0703125
3 0.59140625 0.115625 0.0453125 0.159375
4 0.78984375 0.25 0.2546875 0.3
4 0.9609375 0.2296875 0.078125 0.340625
5 0.93125 0.2 0.1375 0.4
5 0.79453125 0.2 0.3234375 0.4
5 0.63515625 0.2 0.1328125 0.4
6 0.2878258330324092 0.9125075277165383 0.05859427088084708 0.13471134328594586
4 0.45078125 0.6796875 0.2359375 0.559375
5 0.37421875 0.7 0.3890625 0.6
9 0.47883665241244583 0.8434252087292851 0.09877384328594588 0.058385192622015934