1 0.15546875 0.3140625 0.3109375 0.2875
2 0.1375 0.0671875 0.275 0.134375
4 0.2546875 0.5078125 0.509375 0.1625
5 0.2546875 0.29453125 0.509375 0.5890625
3 0.9160624466899989 0.059751334579913086 0.019204533338636053 0.039280676002545346
0 0.88046875 0.0390625 0.0640625 0.078125
4 0.9349135387094071 0.2025200899109132 0.11686242536599849 0.24195223734881743
5 0.93125 0.29453125 0.1375 0.5890625
8 0.40078125 0.70703125 0.2171875 0.2359375
5 0.36802712539781524 0.6894773866168205 0.02254770934118149 0.05806703866963616
5 0.83515625 0.79453125 0.3296875 0.4109375