1 0.2359375 0.41796875 0.1875 0.1015625
2 0.21328125 0.221875 0.2328125 0.20625
5 0.16484375 0.284375 0.3296875 0.36875
3 0.8987359192070861 0.3428849959929793 0.04085225897699054 0.039298849336070064
2 0.6177762898167867 0.4256282765381879 0.06911361436318461 0.06289997579950324
2 0.9021745365953329 0.28899692671113847 0.047093168617910665 0.03777271077238851
4 0.87109375 0.41328125 0.1234375 0.1109375
5 0.68203125 0.43046875 0.2234375 0.0765625
5 0.8875 0.36953125 0.165625 0.1984375
5 0.18984375 0.734375 0.2796875 0.53125
5 0.04609375 0.734375 0.0921875 0.53125
5 0.01640625 0.48125 0.0171875 0.025
4 0.01640625 0.48125 0.0171875 0.025
1 0.00859375 0.56875 0.0171875 0.09375
1 0.2953125 0.52734375 0.06875 0.1171875
4 0.20859375 0.7640625 0.2421875 0.471875
4 0.03671875 0.8015625 0.0734375 0.390625
3 0.5973097745932803 0.7265963997801672 0.08305793969514959 0.04266928903121965
3 0.9018154674116878 0.7596190198006927 0.0955033975406721 0.033367011903856714
0 0.353125 0.5578125 0.046875 0.090625
0 0.5978779220357564 0.6289401497801672 0.17081246974937905 0.08692834913967822
0 0.9140205516224474 0.6760934474937897 0.1520261083130606 0.08056926483072288
7 0.88125 0.89453125 0.2375 0.2109375
7 0.59140625 0.8734375 0.3140625 0.253125
7 0.38125 0.84453125 0.103125 0.3109375
5 0.8640625 0.81171875 0.271875 0.3765625
5 0.6015625 0.78515625 0.4 0.4296875