2 0.049991430521767556 0.0707535639322304 0.03766362646343317 0.02856135200509069
4 0.04099822560311139 0.13648765193350304 0.0787613251355733 0.11028406667727224
5 0.04921875 0.1765625 0.0984375 0.353125
9 0.96328125 0.45625 0.0734375 0.084375
3 0.6415663730455876 0.16937342461013896 0.03154998184962743 0.05192612667090888
7 0.56796875 0.19296875 0.1578125 0.1796875
0 0.6679107044276767 0.13156434193986638 0.061519282981095456 0.1007090720082724
5 0.5953125 0.278125 0.2125 0.440625
8 0.16262934855050312 0.7550467479312759 0.29890215007475474 0.35189195337363444
8 0.2890625 0.75 0.4 0.5
0 0.15653842983439645 0.7824632232654577 0.004723861436318444 0.006304544000636269
7 0.15429921896381202 0.8004592452657759 0.009502265027114732 0.02198408800127254
5 0.15278217075921016 0.8082899265993213 0.017532933645025395 0.05957499466899989
9 0.148049218963812 0.8005319705999575 0.04249657220870695 0.05361589600572705
8 0.10567991178221972 0.7697728666056847 0.042442030054229286 0.044240896005727136
8 0.05109695091163528 0.7883779632797753 0.05344316256778665 0.05530566534054522
8 0.00625 0.7734375 0.0125 0.059375
0 0.55546875 0.5828125 0.1328125 0.165625
3 0.51015625 0.72421875 0.0421875 0.0703125
7 0.57734375 0.8296875 0.1765625 0.340625
5 0.6171875 0.75 0.25625 0.5