1 0.1140625 0.91953125 0.228125 0.1609375
6 0.8771773812858203 0.8501202581914236 0.019240896005727138 0.04229658430895533
6 0.7588273706238201 0.8150543909013725 0.016079533338636053 0.0391534035907962
6 0.6133154232972744 0.7642044423274283 0.01606135200509069 0.03759090359079611
6 0.9474807906190476 0.8513105743500062 0.012881808004454242 0.032885222872636885
6 0.8197194172899565 0.8193151649054776 0.012845445337363514 0.02976022287263689
6 0.5798489426320925 0.7530714996072165 0.01444430800445442 0.032894313231716585
6 0.7216364532940928 0.7882737222834617 0.014480670671545149 0.0360193132317165
6 0.5681665552991835 0.7498783219141194 0.012863626670908878 0.03132272287263689
6 0.4828125 0.7140625 0.00625 0.021875
6 0.5410682533020469 0.7286254906302261 0.009629538669636162 0.021929542154477667
6 0.5923580332988652 0.7523629724798535 0.011210220003181703 0.023501132513557364
6 0.6088460992998197 0.7454271712501895 0.011173857336090798 0.020376132513557365
6 0.6602722392982289 0.7574459030998169 0.009593176002545434 0.018804542154477667
6 0.6677665659611837 0.784835104895215 0.017605670671545327 0.03603749394987581
6 0.6663313352960017 0.7738885145361353 0.009647720003181703 0.023492042154477664
6 0.6632517886298653 0.7699640838179761 0.008048857336090797 0.020357951795398142
6 0.7069926979630926 0.7709998638722053 0.009574994668999892 0.017242042154477666
6 0.7302574752944109 0.7859799692583996 0.009647720003181703 0.023492042154477664
6 0.73881486262732 0.7891549662333375 0.011192038669636162 0.021938632513557366
6 0.7941381619589565 0.8019776739806641 0.011192038669636162 0.021938632513557366
6 0.814368845958002 0.8091270986486989 0.009629538669636162 0.021929542154477753
6 0.8720268046228657 0.8227446919346448 0.009647720003181703 0.023492042154477845
6 0.9195648759548203 0.8331781978865731 0.009593176002545434 0.018804542154477844
6 0.9297120352880475 0.8340185352205907 0.009593176002545434 0.018804542154477844
6 0.9142597579567292 0.8190838816297946 0.0064136320019091645 0.014098861436318444
6 0.9423029419557748 0.8262787580932276 0.006395450668363623 0.012536361436318444
6 0.9717631752864566 0.8459827249157403 0.008048857336090976 0.020357951795398323
6 0.985816584619684 0.846845788147457 0.008030676002545433 0.01879545179539832
6 0.9641506699554565 0.8287497731203424 0.007976132001908809 0.01410795179539832