8 0.36495946301188376 0.6797560607494961 0.23270445745273882 0.252690837364726
8 0.22890625 0.56875 0.4578125 0.478125
5 0.24955211074894743 0.581544732733906 0.040997704722264314 0.0645352146721816
2 0.948285047419035 0.5839612080680878 0.05346134328594587 0.05843066534054504
0 0.9112521591499411 0.39526178739654255 0.08174087939029953 0.08532042934436306
0 0.7234375 0.36171875 0.065625 0.0640625
0 0.6125 0.36640625 0.046875 0.0734375
3 0.59921875 0.46953125 0.0203125 0.0609375
3 0.7163078186926656 0.4562703707033619 0.04401362041330899 0.0458215773392725
3 0.8969720114128773 0.49196406472786086 0.045621572208706954 0.053652258672817865
4 0.978125 0.721875 0.04375 0.3125
4 0.903125 0.8359375 0.15625 0.328125
7 0.8745526316297946 0.6666913447246792 0.16133851756119738 0.3393544960216353
7 0.691540143730043 0.6301891286998621 0.1597032946885605 0.32683631468808994
7 0.61328125 0.65703125 0.0484375 0.3578125
5 0.95078125 0.69609375 0.0984375 0.6078125
5 0.90078125 0.76875 0.1984375 0.4625
5 0.8546875 0.66953125 0.25 0.6609375
5 0.69609375 0.66484375 0.2140625 0.6703125
5 0.63125 0.66484375 0.084375 0.6703125