1 0.453125 0.009375 0.0375 0.01875
1 0.38671875 0.009375 0.0140625 0.01875
1 0.79921875 0.00859375 0.0203125 0.0171875
4 0.7953125 0.0640625 0.05625 0.128125
5 0.79609375 0.06640625 0.0578125 0.1328125
5 0.88515625 0.2 0.1640625 0.4
5 0.6765625 0.2 0.184375 0.4
5 0.56171875 0.2 0.1578125 0.4
5 0.38515625 0.040625 0.0109375 0.08125
5 0.43515625 0.2 0.1109375 0.4
4 0.43339272033855414 0.075 0.07265677088084707 0.134375
4 0.58359375 0.1015625 0.0953125 0.203125
4 0.6953125 0.11171875 0.11875 0.2234375
4 0.88046875 0.14296875 0.1171875 0.2859375
1 0.26796875 0.646875 0.2234375 0.16875
4 0.225 0.89453125 0.309375 0.2109375
2 0.26015625 0.4515625 0.2390625 0.103125
5 0.18984375 0.7 0.3796875 0.6
1 0.7140735311343838 0.73828125 0.4576317345801019 0.2375
2 0.684387072896078 0.46953125 0.458403373340175 0.1015625
4 0.68984375 0.91875 0.6203125 0.1625
5 0.68984375 0.70390625 0.6203125 0.5921875