9 0.9275552899149826 0.3009242340891225 0.11032948770335978 0.1646988251355733
9 0.975 0.275 0.05 0.103125
7 0.8565069917103806 0.292698122751 0.15641466822512734 0.2977749455488821
7 0.7190342627876195 0.2872106711519936 0.0917067527304745 0.1864647408266178
0 0.8015023709042882 0.07830836982413372 0.06770565046753836 0.08945338544042354
0 0.7026967113615636 0.14101692720211778 0.03152271077238851 0.0470568071815924
5 0.73046875 0.334375 0.1921875 0.46875
5 0.81875 0.284375 0.3625 0.56875
1 0.23984375 0.846875 0.4796875 0.30625
2 0.175 0.64765625 0.35 0.1578125
5 0.28984375 0.784375 0.5796875 0.43125
8 0.70546875 0.784375 0.2515625 0.43125
7 0.8240262898167867 0.72819175779864 0.03312157220870695 0.0533158975406721
7 0.99140625 0.71484375 0.0171875 0.0359375
7 0.9731359555078314 0.7478098870907436 0.034647710772388506 0.04707498789975162
0 0.99375 0.73046875 0.0125 0.0203125
0 0.9795541271508043 0.718939998527062 0.014171584308955687 0.018831813231716586
0 0.8289228680756178 0.6922815288758789 0.012590903590795932 0.015697722872636887
5 0.8278870880213886 0.7360269836963391 0.053724963699254856 0.10343407220870696
5 0.98828125 0.7265625 0.0234375 0.0625
5 0.9684439103282916 0.7485638660135047 0.056704517953981085 0.07845225292686635