5 0.6625 0.42421875 0.434375 0.5890625
4 0.71640625 0.5640625 0.2359375 0.309375
4 0.9265625 0.49765625 0.146875 0.4421875
3 0.9456154643866258 0.2866496419080497 0.06439884328594588 0.0585579346753633
0 0.928125 0.12890625 0.14375 0.2171875
0 0.7388751058771736 0.2390586686028211 0.15571471057599684 0.17836245202099904
5 0.90234375 0.3703125 0.1953125 0.696875
3 0.7310348139190876 0.3782029846037756 0.05187157220870695 0.053724984006999675
1 0.17265625 0.77265625 0.3453125 0.1078125
4 0.209375 0.86015625 0.41875 0.2796875
5 0.209375 0.859375 0.41875 0.28125