6 0.15078125 0.0109375 0.0140625 0.021875
6 0.228125 0.00390625 0.009375 0.0078125
6 0.4796875 0.00234375 0.009375 0.0046875
6 0.565625 0.00546875 0.009375 0.0109375
6 0.53515625 0.22985306723873733 0.053125 0.11124657220870704
6 0.0375 0.017123346605595557 0.0171875 0.029787493949875808
6 0.05 0.003125 0.0125 0.00625
3 0.72109375 0.16169341969806533 0.0578125 0.06127384328594587
0 0.6828125 0.0359375 0.1625 0.071875
4 0.68359375 0.42421875 0.2078125 0.4515625
5 0.68671875 0.325 0.2140625 0.65
8 0.28984375 0.825 0.5796875 0.35
6 0.72265625 0.877664895104785 0.0546875 0.18000566256778647