6 0.07109375 0.009375 0.0265625 0.01875
6 0.1094603166495621 0.05546070140261463 0.03630111436318471 0.06270907825883124
6 0.20243763612779464 0.18881862294739168 0.060038596212812045 0.11440793364502548
8 0.834375 0.26484375 0.33125 0.5296875
8 0.98359375 0.26796875 0.0328125 0.2734375
8 0.334375 0.76484375 0.66875 0.4703125
8 0.834375 0.76484375 0.33125 0.4703125
5 0.92109375 0.828125 0.1578125 0.34375
7 0.93515625 0.94921875 0.1203125 0.1015625
3 0.9505665847999347 0.8187833788993201 0.03933521077238851 0.04710225897699054
2 0.95584495814011 0.7172481499765588 0.07262949980360815 0.13010565651766245