6 0.10918007816063535 0.013239301622447464 0.011082945745273864 0.02506363251355732
6 0.20453802995603346 0.020497289718590793 0.0063863553861942535 0.023473861436318445
6 0.1195090449831481 0.04286771428842995 0.014198855386194253 0.023519313231716587
6 0.19370052390590922 0.03774842223214812 0.00948408430895542 0.01880454215447771
6 0.28819541246959074 0.030948455507831252 0.006340903590796287 0.015661361436318445
6 0.3538613190854491 0.0375979104264873 0.007903403590796287 0.0156704517953981
6 0.4343846112399268 0.04650475693388698 0.00947499394987581 0.01724204215447771
6 0.5164704033944044 0.05540251308220705 0.009493174668035032 0.02036704215447771
6 0.47710896330647135 0.27282636241827707 0.049055644417413904 0.10653180113146812
6 0.010143135342227706 0.0450665394240032 0.015788626463433087 0.028215903590796197
6 0.24675734621281203 0.02572060002344112 0.00633181323171641 0.014098861436318444
6 0.024873255853732477 0.025448931012746832 0.011064765027114643 0.02193863251355732
6 0.08657382513557325 0.021964861829101935 0.00948408430895542 0.01880454215447771
6 0.12091700887879457 0.016296123929350335 0.006340903590796199 0.015661361436318487
6 0.13964428298109555 0.012280789620394927 0.0063227228726368875 0.012536361436318467
6 0.15291189744247607 0.009859771568218167 0.0063136325135573655 0.010973861436318465
6 0.16071076190385672 0.007470569772820091 0.004742042154477666 0.009402271077238854
6 0.2014675721105111 0.029890470436750017 0.00946590359079611 0.015679542154477664
6 0.48436643052176753 0.04308886544333923 0.007903403590796287 0.015670451795398055
6 0.42418290944452863 0.0387513442679045 0.007894313231716587 0.014107951795398099
6 0.3608652980082102 0.03286950381062903 0.004760222872636888 0.012527271077238833
6 0.3303692769309713 0.028359265812681576 0.0063136325135573655 0.010973861436318445
6 0.32175734621281205 0.02528426278761946 0.004751132513557366 0.010964771077238833
6 0.3131454154946528 0.022209259762557342 0.004742042154477844 0.009402271077238834
6 0.30530109923787413 0.01678596155795544 0.003170451795397966 0.007830680718159223
6 0.25374314441741397 0.017867193407582825 0.004760222872636888 0.012527271077238833
6 0.25998405405833436 0.01626833197126436 0.004751132513557366 0.010964771077238877
6 0.2631045088787946 0.015468901253105117 0.0031795421544778433 0.009393180718159222
6 0.26935450887879464 0.015432539816786672 0.0031795421544778433 0.009393180718159222
6 0.2716982588787946 0.015418904278167233 0.0031795421544778433 0.009393180718159222
6 0.27480962334017517 0.013056973560007989 0.003179542154477666 0.009393180718159222
6 0.2935641685197149 0.01372913925105258 0.0031795421544778433 0.009393180718159245
6 0.3092028040583344 0.015981985660256416 0.0016079517953981437 0.007821590359079611
6 0.20765393959695383 0.018916609000431572 0.004760222872636888 0.012527271077238833
6 0.20997041851971493 0.014215473461812133 0.0031886325135573657 0.010955680718159222
6 0.21307723780155569 0.01107229274365289 0.003179542154477666 0.009393180718159222
6 0.2459488251355733 0.021037645202980924 0.0031977228726368877 0.012518180718159222
8 0.7796875 0.25 0.440625 0.5
8 0.7546875 0.37734375 0.359375 0.2453125
8 0.36015625 0.5859375 0.1828125 0.171875
5 0.6671875 0.6 0.178125 0.2