8 0.71953125 0.309375 0.5609375 0.61875
0 0.3843598018188391 0.7171553019175947 0.0817136083130606 0.0806329293443632
0 0.31089048556206056 0.7234785745942306 0.058194295081344015 0.06629770934118148
0 0.15228764520298094 0.7268864799490933 0.05821247579950324 0.06942270934118148
0 0.0678944644848217 0.7309932719605473 0.05188066256778665 0.055287484006999676
3 0.3504342537124332 0.7745774505888218 0.017360216822512698 0.02988749466899989
3 0.30511720853289337 0.7758859592616396 0.0314227168225127 0.030051126670909055
3 0.14812686514875165 0.7706819332829569 0.029851126463433176 0.028470445337363516
3 0.06371550371243315 0.7779137252944108 0.029842036104353476 0.026907945337363515
4 0.05 0.87421875 0.1 0.1609375
4 0.13487691052468315 0.8997336339513204 0.11209197560311139 0.19972837468172672
4 0.28515625 0.89921875 0.1234375 0.2015625
4 0.37578125 0.8984375 0.1265625 0.203125
5 0.34609375 0.834375 0.1859375 0.33125
5 0.2640625 0.840625 0.196875 0.31875
5 0.12578125 0.84296875 0.1828125 0.3140625
5 0.05625 0.8484375 0.1125 0.303125
4 0.8515625 0.809375 0.296875 0.38125
5 0.79765625 0.809375 0.4046875 0.38125