6 0.9033575259389119 0.39215672550491554 0.053089732017817325 0.13154998184962743
6 0.7421875 0.19921875 0.00625 0.0703125
6 0.7685932692950472 0.22339256908544902 0.019331802673454312 0.05010908430895542
6 0.7421875 0.19296875 0.00625 0.0359375
6 0.782374505967547 0.18050108713762575 0.012863626670908878 0.03132272287263689
6 0.8426671159691377 0.16913231596219108 0.009702264003817972 0.028179542154477665
6 0.9138699539704105 0.1601709273003137 0.009684082670272787 0.026617042154477667
6 0.987389269971365 0.1535669241770557 0.008085220003181704 0.023482951795398145
6 0.9122705439608655 0.23047888212077386 0.02251134667409076 0.054814765027114645
6 0.8115796532861385 0.28927209913967833 0.03061474801081765 0.0798602168225127
6 0.9788500639720012 0.14882942720211784 0.008085220003181704 0.023482951795398055
6 0.883446657304274 0.15608741529826115 0.008085220003181704 0.023482951795398145
6 0.787225637969456 0.16646585821486468 0.009665901336727067 0.025054542154477666
7 0.33203125 0.75 0.4890625 0.5
5 0.33203125 0.75 0.6640625 0.5
8 0.86953125 0.75 0.2609375 0.5