1 0.45234375 0.030591307407678393 0.071875 0.04146134134309047
1 0.0609375 0.07134938335454448 0.0625 0.0554147533418178
1 0.46171875 0.17445039540895105 0.078125 0.06340906667727228
1 0.43203125 0.3491049500715876 0.0671875 0.06640679734245421
1 0.2609375 0.4080515940483614 0.0546875 0.05688634667409058
1 0.2546875 0.15954136871417965 0.06875 0.07111247867599957
1 0.146875 0.15281810669954393 0.0796875 0.08217724801081765
2 0.0125 0.128125 0.025 0.1
2 0.07265625 0.0109375 0.0703125 0.021875
2 0.15390625 0.056024922700498435 0.0828125 0.06346361067790855
2 0.259375 0.07053341271481597 0.0828125 0.06033861067790856
2 0.27265625 0.31053170404995223 0.0890625 0.09634883601209036
2 0.4421875 0.253910628739633 0.08125 0.0681329293443631
2 0.453125 0.08138164807445111 0.096875 0.08081474267981759
4 0.390625 0.10721689473263332 0.059375 0.1522533906747269
4 0.425 0.01171875 0.146875 0.0234375
4 0.2640625 0.028125 0.1375 0.05625
4 0.0578125 0.16975052068745358 0.10625 0.15279883068109026
4 0.03125 0.3703125 0.0625 0.259375
4 0.1296875 0.34453125 0.20625 0.3109375
4 0.28828125 0.24977601738540667 0.10625 0.12936133068109026
5 0.5765625 0.0453125 0.065625 0.090625
5 0.5765625 0.1546875 0.065625 0.309375
5 0.45234375 0.35703125 0.2421875 0.2859375
5 0.46328125 0.26484375 0.2703125 0.4703125
5 0.44609375 0.1265625 0.2234375 0.253125
5 0.43984375 0.0484375 0.2234375 0.096875
5 0.2609375 0.07421875 0.221875 0.1484375
5 0.26171875 0.21196693471513414 0.1953125 0.34133516669318065
5 0.23203125 0.37578125 0.2828125 0.2484375
5 0.0609375 0.28828125 0.121875 0.4234375
5 0.12578125 0.25546875 0.2453125 0.4890625
5 0.0671875 0.12890625 0.134375 0.2578125
5 0.07734375 0.059375 0.1546875 0.11875
8 0.76875 0.47109375 0.053125 0.0578125
9 0.79140625 0.4347868167170431 0.025 0.031540901336727066
9 0.725 0.4262016100413618 0.0296875 0.03159544533736351
9 0.690625 0.4343953707033619 0.0203125 0.020548857336090798
9 0.67578125 0.45687889803468024 0.034375 0.03789998933799978
1 0.26015625 0.7933827560868597 0.2078125 0.28523061736154426
2 0.32734375 0.565625 0.1796875 0.13125
5 0.24765625 0.75 0.4953125 0.5
4 0.82109375 0.8668208034293137 0.1734375 0.20983062802354446
0 0.79453125 0.7133867207590412 0.1390625 0.06411813868554468
3 0.7421875 0.7510588960852689 0.0375 0.03637385200509069
2 0.6390625 0.53046875 0.059375 0.0609375
5 0.7640625 0.83359375 0.309375 0.3328125