5 0.25390625 0.25066501610726916 0.090625 0.3364647408266178
5 0.3125 0.2073553776417835 0.08125 0.3082851986721401
5 0.1828125 0.28828125 0.365625 0.4234375
2 0.128125 0.16936554001317838 0.159375 0.16655221662612102
2 0.22734375 0.09847580221162264 0.0171875 0.02509999394987581
2 0.296875 0.06682128123257966 0.01875 0.02354658430895542
4 0.30546875 0.13708378425764178 0.046875 0.09871021077238851
4 0.240625 0.1968360341594459 0.046875 0.12214771077238851
1 0.18359375 0.40390625 0.1359375 0.1921875
4 0.05 0.646875 0.1 0.29375
5 0.14921875 0.75 0.2984375 0.5
1 0.6484375 0.99296875 0.053125 0.0140625
3 0.553125 0.76171875 0.028125 0.0515625
1 0.69375 0.52109375 0.071875 0.0421875
1 0.95078125 0.509375 0.0796875 0.01875
1 0.978125 0.65546875 0.04375 0.0671875
1 0.72890625 0.7635938256265525 0.0625 0.0753636143631848
2 0.56640625 0.66640625 0.0546875 0.0921875
2 0.58046875 0.97578125 0.0828125 0.0484375
2 0.62109375 0.9181273104030462 0.0546875 0.055005662567786474
2 0.746875 0.655676786497137 0.103125 0.07716246369925486
2 0.96640625 0.5625 0.0671875 0.06875
4 0.74140625 0.54453125 0.1796875 0.0890625
4 0.79765625 0.89296875 0.1671875 0.2140625
4 0.6 0.8828125 0.121875 0.234375
5 0.74609375 0.56640625 0.2609375 0.1328125
5 0.5703125 0.571875 0.0625 0.14375
5 0.54375 0.66171875 0.009375 0.2953125
5 0.63828125 0.80546875 0.1984375 0.3890625
5 0.68359375 0.9375 0.2109375 0.125
5 0.66171875 0.96796875 0.2453125 0.0640625
5 0.70078125 0.665625 0.2640625 0.33125
5 0.7765625 0.79921875 0.296875 0.4015625
5 0.921875 0.76015625 0.15625 0.4796875
5 0.9046875 0.68359375 0.190625 0.3671875