5 0.07734375 0.225 0.1546875 0.45
5 0.246875 0.225 0.39375 0.45
5 0.3984375 0.225 0.221875 0.45
3 0.375 0.0234375 0.075 0.046875
2 0.15 0.03046875 0.165625 0.0609375
4 0.2515625 0.390625 0.265625 0.11875
4 0.42265625 0.23984375 0.1734375 0.4203125
1 0.16953125 0.25 0.159375 0.2453125
8 0.7578125 0.15 0.2296875 0.278125
8 0.92734375 0.14765625 0.1453125 0.2953125
9 0.61171875 0.26171875 0.10625 0.0578125
2 0.54453125 0.25390625 0.0109375 0.0109375
5 0.546875 0.2703125 0.0234375 0.0453125
6 0.525 0.27734375 0.015625 0.0359375
6 0.6 0.26796875 0.015625 0.034375
6 0.37109375 0.96015625 0.028125 0.0453125
6 0.3109375 0.9171875 0.0140625 0.0234375
6 0.28984375 0.90234375 0.0109375 0.0171875
6 0.278125 0.89296875 0.0078125 0.0125
6 0.27265625 0.8890625 0.00625 0.0109375
6 0.2671875 0.88515625 0.00625 0.009375
6 0.2609375 0.88046875 0.00625 0.0140625
6 0.1140625 0.95703125 0.021875 0.0359375
6 0.1578125 0.9265625 0.0125 0.021875
6 0.1734375 0.9140625 0.0109375 0.01875
6 0.1953125 0.89765625 0.00625 0.0125
6 0.20234375 0.89375 0.00625 0.0109375
6 0.20546875 0.88984375 0.0046875 0.009375
6 0.2078125 0.8859375 0.0046875 0.0140625
6 0.25859375 0.88125 0.003125 0.009375
6 0.25546875 0.8796875 0.003125 0.00625
6 0.24609375 0.8796875 0.0046875 0.00625
6 0.23046875 0.8796875 0.003125 0.00625
6 0.21484375 0.88046875 0.003125 0.00625
6 0.203125 0.884375 0.0015625 0.0078125
6 0.2 0.884375 0.003125 0.0078125
6 0.1921875 0.88359375 0.003125 0.00625
6 0.18046875 0.88359375 0.003125 0.00625
6 0.15859375 0.88515625 0.003125 0.00625
6 0.125 0.88828125 0.003125 0.0078125
6 0.09765625 0.89140625 0.003125 0.0078125
6 0.06875 0.89375 0.003125 0.0078125
6 0.02109375 0.8984375 0.003125 0.00625
6 0.03984375 0.89765625 0.0046875 0.00625
6 0.0125 0.9 0.003125 0.0078125
6 0.3625 0.85625 0.003125 0.00625
6 0.35859375 0.8515625 0.003125 0.0078125
2 0.4203125 0.840625 0.0046875 0.0046875
2 0.39609375 0.83203125 0.003125 0.0046875
2 0.3859375 0.8484375 0.003125 0.0046875
2 0.38203125 0.8546875 0.003125 0.0046875
2 0.35078125 0.8265625 0.00625 0.0046875
4 0.3515625 0.84296875 0.009375 0.01875
4 0.396875 0.84296875 0.0046875 0.0125
4 0.42421875 0.8515625 0.0078125 0.009375
4 0.396875 0.85390625 0.0078125 0.0109375
5 0.4203125 0.85703125 0.0171875 0.0375
5 0.3984375 0.83984375 0.009375 0.01875
5 0.3921875 0.85859375 0.01875 0.03125
5 0.38671875 0.85234375 0.0078125 0.0109375
5 0.38125 0.86015625 0.0109375 0.01875
5 0.36328125 0.8625 0.00625 0.021875
5 0.353125 0.8546875 0.01875 0.0640625
9 0.53828125 0.946875 0.0578125 0.10625
5 0.85546875 0.61015625 0.2890625 0.3203125