1 0.14415141721041475 0.442861749214433 0.10419769867918127 0.09278746369925486
1 0.16328125 0.0140625 0.0765625 0.028125
1 0.4578125 0.03359375 0.06875 0.0671875
1 0.2023462725573232 0.34319354732083907 0.07116702267663584 0.07384656615858276
1 0.0171875 0.08671875 0.034375 0.0640625
2 0.17856442190486801 0.2383606015755652 0.10901246801399936 0.1037522347764936
2 0.11570024789150501 0.3364390323919203 0.12456474267981754 0.09759313836729007
4 0.06875 0.30703125 0.1375 0.3921875
4 0.13359375 0.49296875 0.2203125 0.0515625
4 0.2453125 0.43125 0.128125 0.175
4 0.44094624323682263 0.25004403190094104 0.19656920138445208 0.37768061416679294
4 0.5484375 0.33046875 0.021875 0.0890625
2 0.37415709054746005 0.41685428199913693 0.09307838534372674 0.07709883118569749
5 0.50703125 0.1703125 0.1046875 0.340625
5 0.509375 0.3 0.1 0.365625
5 0.5171875 0.33125 0.084375 0.3
5 0.4171875 0.253125 0.284375 0.50625
5 0.3796875 0.4390625 0.234375 0.159375
5 0.14375 0.3953125 0.2875 0.246875
5 0.228125 0.3453125 0.225 0.346875
5 0.20859375 0.17890625 0.3046875 0.3578125
5 0.1859375 0.10390625 0.3375 0.2078125
5 0.09375 0.259375 0.1875 0.51875
3 0.9413269565563688 0.4496157432625047 0.08377611067790838 0.08329428903121965
2 0.9121496285805494 0.2713089360809124 0.12638178134945371 0.11947722872636941
5 0.8765625 0.3375 0.246875 0.3625
5 0.2796875 0.759375 0.559375 0.48125
4 0.24765625 0.8765625 0.4484375 0.246875
1 0.1773131939449571 0.6727810533709634 0.23913741470399827 0.27637264422102226