5 0.27421875 0.34765625 0.1109375 0.6046875
5 0.15546875 0.365625 0.3109375 0.56875
2 0.146875 0.1775876270526083 0.1703125 0.1775533491396783
4 0.1546875 0.6046875 0.26875 0.090625
1 0.18203125 0.4633205939733169 0.1625 0.25563289734428024
1 0.5625 0.256048449457707 0.2078125 0.24495901775758924
4 0.62890625 0.46015625 0.4328125 0.3796875
5 0.66484375 0.325 0.6703125 0.65
8 0.03515625 0.825 0.0703125 0.35
8 0.11640625 0.7359375 0.2328125 0.171875
7 0.0359375 0.65546875 0.028125 0.0109375
5 0.034375 0.65703125 0.034375 0.0140625
1 0.79921875 0.7976132598607533 0.2015625 0.23242265632127063
5 0.7015625 0.825 0.596875 0.35