5 0.278125 0.28984375 0.24375 0.5796875
5 0.134375 0.28984375 0.26875 0.5796875
4 0.32578125 0.37265625 0.1484375 0.4140625
4 0.1234375 0.4046875 0.246875 0.35
1 0.13180607454639812 0.13830241325515766 0.1608021863754999 0.24623971662612104
1 0.3578125 0.08046875 0.084375 0.1609375
5 0.8239026709556019 0.24595128679172457 0.09499537919390769 0.214607921544777
5 0.9625 0.221875 0.075 0.225
4 0.8056748457218328 0.20152457592114015 0.03153180113146803 0.048619307181592394
4 0.9781901951560987 0.17630134124284247 0.0363011143631848 0.06270907825883114
0 0.803067475308524 0.15622571145975955 0.022029536104353386 0.02668976502711464
3 0.8086407644379395 0.17416264520298091 0.0062954517953983215 0.007848861436318444
3 0.9678566831540462 0.1458916785768599 0.004732951795398321 0.007839771077238922
0 0.9700731681269315 0.12400304303824047 0.022011355386194253 0.023564765027114642
5 0.24375 0.78984375 0.3125 0.4203125
2 0.31640625 0.60859375 0.1671875 0.0578125
1 0.32578125 0.71875 0.1484375 0.221875
8 0.7 0.78984375 0.6 0.4203125
2 0.6095669393023663 0.6462103620254936 0.01259090359079611 0.015697722872636887
3 0.6135368218159235 0.6571251361277947 0.007857951795398143 0.007857951795398143
4 0.6160396530998169 0.6844552505891752 0.023682939695149764 0.04232385538619425
5 0.6191101109453392 0.6750620698710159 0.033257927594901204 0.07675339754067192