5 0.259375 0.26953125 0.4 0.5390625
5 0.4953125 0.26953125 0.26875 0.5390625
4 0.24375 0.34765625 0.25 0.3828125
4 0.50546875 0.375 0.2484375 0.328125
1 0.4921875 0.121875 0.159375 0.24375
1 0.234375 0.075 0.13125 0.15
2 0.6671875 0.1609375 0.075 0.1875
5 0.71640625 0.29453125 0.1734375 0.4890625
4 0.18984375 0.5984375 0.1890625 0.11875
3 0.08624903386485831 0.5947461419478206 0.05374314441741408 0.10686816534054522
5 0.29921875 0.67578125 0.5984375 0.2734375
9 0.9124297387835144 0.9831188459580019 0.03455680718159222 0.031649989337999784
9 0.8710734857584523 0.9750069012969561 0.029832945745273776 0.025345445337363513
9 0.8430121182720096 0.9643966653007741 0.03453862646343318 0.028524989337999785
8 0.7515625 0.984375 0.0375 0.03125
0 0.8171536002198329 0.9779779073042741 0.022093168617911017 0.03775453866963616
4 0.8265625 0.9921875 0.03125 0.015625
5 0.828125 0.98046875 0.059375 0.0390625