6 0.3239157856133742 0.21484375 0.1765999031980126 0.275
6 0.0328125 0.196875 0.065625 0.29375
4 0.86484375 0.2171875 0.2703125 0.365625
5 0.86484375 0.2 0.2703125 0.4
0 0.7109375 0.4421875 0.0375 0.084375
0 0.6719947373105765 0.4890625 0.058157933645025396 0.059375
0 0.5086362192583996 0.47578125 0.08485678903121965 0.0828125
0 0.4392549601832133 0.5015625 0.06132838544042354 0.0671875
0 0.283250399878363 0.54375 0.05978406615858276 0.0703125
0 0.20136914080317672 0.56953125 0.05188975292686626 0.05625
0 0.11635379136891078 0.59375 0.05188975292686626 0.05625
0 0.05378106849627384 0.58125 0.07078519867214013 0.08125
3 0.6660765354169824 0.54609375 0.020467036104353475 0.0265625
3 0.49104471916020376 0.540625 0.017360216822512698 0.0296875
3 0.44737198721238053 0.55390625 0.032994307181592394 0.03125
3 0.29054072511213214 0.58828125 0.0298602168225127 0.0296875
3 0.21024014675510508 0.6171875 0.031413626463433174 0.028125
3 0.10950434855050313 0.625 0.020457945745273865 0.025
3 0.07742764675510508 0.6171875 0.03303066861791084 0.0375
4 0.14913954117251907 0.7234375 0.06194652985783753 0.1734375
4 0.08846111640628815 0.76796875 0.12952491529826116 0.240625
4 0.22175033937712096 0.715625 0.10721357806243947 0.165625
4 0.3139514749157404 0.71796875 0.11680674668035032 0.203125
4 0.46535489363184707 0.690625 0.1278896924256241 0.228125
4 0.562207167734148 0.68671875 0.13906354176169416 0.26875
4 0.68359375 0.6640625 0.0921875 0.196875
5 0.665625 0.715625 0.128125 0.528125
5 0.559375 0.71171875 0.21875 0.5765625
5 0.46640625 0.73046875 0.2046875 0.5390625
5 0.32578125 0.75 0.1921875 0.5
5 0.22734375 0.76796875 0.1734375 0.4640625
5 0.14140625 0.78046875 0.1609375 0.4390625
5 0.1015625 0.76484375 0.203125 0.4703125