6 0.19802194788657318 0.19699876160926913 0.11975902985783762 0.1741283672900508
6 0.3703125 0.36015625 0.059375 0.1328125
6 0.24562924267332953 0.4574231772021179 0.05050906010845857 0.08779089149054756
6 0.25686217934341715 0.5082680597156752 0.042669289031219734 0.08305793969514993
6 0.23131675779864008 0.41437261397040126 0.05369769262201594 0.09874657220870695
6 0.2328252365250095 0.539377159149941 0.041052246876741985 0.07367384933607006
6 0.37229173662320536 0.475346996287567 0.05518746974937905 0.08625566256778683
6 0.22617928502419898 0.33700159289316234 0.08200449980360824 0.13016019867214013
6 0.37890625 0.2359375 0.0421875 0.18125
6 0.34830479077973564 0.5150498457218328 0.041043156517662285 0.07211134933607007
6 0.32421875 0.553125 0.0359375 0.071875
6 0.31640625 0.565625 0.0296875 0.046875
1 0.8415674148072817 0.16354240875715761 0.18350336729005087 0.11981357201231528
1 0.5158810926967707 0.043682864068597116 0.16453519867214011 0.08220448770335978
2 0.5158088907049809 0.16555331888905728 0.15030907220870696 0.053997674471643366
2 0.8921875 0.0578125 0.215625 0.115625
5 0.8015625 0.215625 0.396875 0.43125
5 0.5515625 0.03828125 0.28125 0.0765625
5 0.6234375 0.17890625 0.446875 0.3578125
1 0.284375 0.7875 0.23125 0.253125
4 0.2 0.94375 0.4 0.1125
2 0.27109375 0.6328125 0.2578125 0.0875
5 0.2 0.79453125 0.4 0.4109375