3 0.3116583993873157 0.32109375 0.02525453866963625 0.021875
2 0.12952660471036165 0.2453125 0.034720445337363424 0.0296875
2 0.30494477538190684 0.28125 0.04100680800445442 0.0328125
5 0.309375 0.4140625 0.140625 0.3125
5 0.15061235872849715 0.37890625 0.11775331070972532 0.3171875
5 0.0296875 0.4859375 0.059375 0.290625
5 0.27578125 0.390625 0.2078125 0.51875
4 0.01015625 0.52734375 0.0203125 0.1171875
4 0.1460975813971789 0.39375 0.08170562802354438 0.1734375
4 0.31891691605663375 0.340625 0.0710579346753633 0.0640625
1 0.12841863804899772 0.284375 0.028397720003181703 0.0234375
5 0.91796875 0.075 0.1359375 0.15
5 0.459375 0.26875 0.159375 0.5375
8 0.73515625 0.825 0.5296875 0.35