3 0.27811174474854167 0.3735126845287883 0.1483295066836355 0.12585449375348415
3 0.07235045138445217 0.14813193120913856 0.0221113573360908 0.020439765027114642
2 0.0648737587125888 0.10989158782499686 0.03786362667090888 0.03146816861791084
2 0.22734375 0.0734375 0.2078125 0.146875
5 0.35371808271004346 0.08945987139526759 0.07320223734881744 0.11448065651766245
5 0.0866044027291335 0.23164841315696183 0.16275672803945263 0.291552216626121
5 0.234375 0.33984375 0.46875 0.6796875
4 0.290625 0.525 0.35625 0.309375
4 0.08035385538667938 0.16449272941374046 0.06631589067472685 0.059756795081343926
7 0.84921875 0.11328125 0.3015625 0.2265625
5 0.78828125 0.33984375 0.4234375 0.6796875
3 0.1958510387094071 0.9510246061717613 0.07725339067472703 0.05982042759490121
2 0.1774726613621805 0.8487808501216371 0.14998291335136288 0.13367608411256376
5 0.18203125 0.88671875 0.3640625 0.2265625
3 0.9703125 0.8359375 0.059375 0.1125
5 0.875 0.83984375 0.25 0.3203125