3 0.18984375 0.2657833727323151 0.1453125 0.12200336401972649
3 0.38203125 0.01255092675840488 0.021875 0.01900453866963625
5 0.08125 0.01640625 0.065625 0.0328125
5 0.37578125 0.125 0.1421875 0.25
5 0.23984375 0.24453125 0.4796875 0.4890625
4 0.1828125 0.38359375 0.365625 0.2109375
4 0.375 0.030437860757450343 0.065625 0.05857611600890866
3 0.5078125 0.096875 0.05625 0.06875
7 0.57890625 0.29453125 0.1984375 0.3890625
5 0.73984375 0.24453125 0.5203125 0.4890625
1 0.20625 0.809375 0.4125 0.253125
2 0.18671875 0.5796875 0.3734375 0.18125
5 0.23984375 0.74453125 0.4796875 0.5109375
4 0.23984375 0.94453125 0.4796875 0.1109375
5 0.8484375 0.74453125 0.2 0.5109375
5 0.6625 0.74453125 0.228125 0.5109375
5 0.5203125 0.74453125 0.08125 0.5109375
3 0.6734375 0.49609375 0.053125 0.0140625
4 0.503125 0.70234375 0.046875 0.4265625
4 0.67109375 0.692418598066497 0.165625 0.3878647213558171
4 0.84921875 0.6507412700906776 0.1328125 0.3062329133513629