3 0.2856936229473917 0.09494329869558124 0.04399543969514967 0.042442030054229286
2 0.2729027314568439 0.04501602156821818 0.05024543969514968 0.04247839149054773
4 0.33248733059652225 0.21498763310273256 0.15450673458010195 0.2383908551898024
4 0.01328125 0.43828125 0.0265625 0.1390625
5 0.015625 0.4328125 0.03125 0.146875
5 0.31796875 0.22421875 0.2234375 0.4234375
6 0.5595634358845206 0.44363026268942357 0.034638620413308986 0.04551248789975162
9 0.74453125 0.31484375 0.5109375 0.6296875
3 0.4484375 0.215625 0.0375 0.071875
0 0.446875 0.1109375 0.034375 0.13125
7 0.50625 0.42109375 0.153125 0.4171875
5 0.53125 0.3359375 0.203125 0.5875