1 0.18671875 0.25625 0.3734375 0.2875
2 0.19921875 0.0734375 0.3984375 0.146875
5 0.3 0.2 0.6 0.4
5 0.99453125 0.11328125 0.0109375 0.1015625
2 0.96015625 0.20078125 0.0796875 0.1140625
2 0.8572120154198981 0.05283990527532083 0.037727258976990544 0.03949885200509069
2 0.8300222806434044 0.16096148794559345 0.11152837334017507 0.10285337468172653
2 0.7828125 0.01328125 0.034375 0.0265625
2 0.6046875 0.05390625 0.009375 0.0640625
1 0.7704569039835796 0.06009896928709306 0.033057939695149585 0.04256930800445442
1 0.708538166083828 0.09519213196213813 0.13075107201231528 0.18432155068427197
1 0.8522745305452087 0.09586319927595718 0.026735216822512696 0.02999658267027261
1 0.8037137898167867 0.2518864799490933 0.07554542154477702 0.09462270401018139
1 0.96796875 0.32734375 0.0640625 0.1296875
4 0.7828125 0.33515625 0.234375 0.1296875
4 0.70078125 0.2453125 0.2015625 0.309375
4 0.7715830667477579 0.1350807879535476 0.048882927594901204 0.07712612133990877
1 0.2296875 0.69609375 0.459375 0.3140625
2 0.21640625 0.4859375 0.4328125 0.171875
4 0.2703125 0.84921875 0.540625 0.3015625
5 0.3 0.7 0.6 0.6
1 0.6921875 0.87421875 0.184375 0.2515625
1 0.87265625 0.88359375 0.2546875 0.2328125