3 0.47421875 0.14473317867505578 0.0234375 0.022011355386194253
2 0.61640625 0.03374970599881055 0.0328125 0.029878397540672008
2 0.46953125 0.10726044975229465 0.0390625 0.033039758976990366
2 0.3015625 0.11292516335335354 0.209375 0.17309310811666875
5 0.1890625 0.17451716920708601 0.0765625 0.1160704275949012
5 0.4859375 0.225 0.171875 0.2875
5 0.63125 0.1563195975875542 0.128125 0.2960579094445287
5 0.753125 0.21328125 0.053125 0.2703125
5 0.34921875 0.184375 0.6984375 0.36875
4 0.63828125 0.1687786909716959 0.0859375 0.16299996974937897
4 0.471875 0.16349681421367518 0.06875 0.06289997579950324
1 0.6265625 0.06806561866479308 0.0265625 0.023592036104353474
9 0.88984375 0.184375 0.2203125 0.36875