3 0.2808524858566481 0.20211857454639812 0.15075449980360833 0.13056017447164336
5 0.13359375 0.0796875 0.1671875 0.159375
5 0.2796875 0.26953125 0.559375 0.5390625
4 0.26171875 0.36875 0.4140625 0.340625
6 0.7796875 0.26953125 0.440625 0.5390625
6 0.2578125 0.9828125 0.053125 0.034375
7 0.8495984615579555 0.7482895925985747 0.12355671642972936 0.2897715480082102
7 0.7084649223303441 0.7005919151018694 0.08707379488495234 0.19581246974937905
0 0.88359375 0.54375 0.0453125 0.009375
0 0.73984375 0.56875 0.0453125 0.059375
5 0.690625 0.76953125 0.175 0.4609375
5 0.8109375 0.76953125 0.321875 0.4609375
9 0.8533138140172835 0.7811248184962739 0.17439198770335979 0.1650715298578377
9 0.959375 0.78671875 0.08125 0.0953125