6 0.24453125 0.0078125 0.0484375 0.015625
6 0.1328125 0.00703125 0.028125 0.0140625
6 0.0203125 0.01328125 0.01875 0.0265625
8 0.6796875 0.11328125 0.271875 0.2265625
7 0.3 0.67734375 0.459375 0.6453125
5 0.26484375 0.675 0.5296875 0.65
3 0.21953125 0.39765625 0.0578125 0.0953125
4 0.62109375 0.7066978892510525 0.1796875 0.332295391294156
3 0.634375 0.5527143711988758 0.040625 0.05179884933607006
2 0.62109375 0.44263538925105256 0.11875 0.16944086729005098
5 0.66796875 0.67578125 0.2765625 0.6484375