6 0.11484375 0.5640625 0.0453125 0.03125
1 0.5578125 0.25234375 0.25625 0.2515625
2 0.71484375 0.05390625 0.5703125 0.1078125
5 0.71484375 0.28984375 0.5703125 0.5796875
4 0.71484375 0.46875 0.5703125 0.221875
1 0.24609375 0.75703125 0.3671875 0.1953125
4 0.21484375 0.8828125 0.4296875 0.140625
5 0.21484375 0.765625 0.4296875 0.371875
0 0.875 0.8009882447354428 0.078125 0.033267017953980994
0 0.93203125 0.7826876966290367 0.05 0.028415891490547907
3 0.9359375 0.8068837207313375 0.0359375 0.011146578258831141
3 0.89296875 0.826664955606027 0.025 0.014207945745273776
7 0.9390625 0.8646780400131784 0.0859375 0.08956246974937905
7 0.8515625 0.886280850121637 0.11875 0.11631586729005079
5 0.875 0.890625 0.16875 0.21875
5 0.94140625 0.88203125 0.1171875 0.2359375
0 0.8765625 0.6439479043763632 0.009375 0.004742042154477844
7 0.8765625 0.6533229043763631 0.015625 0.012590903590796287
5 0.875 0.6572382447354427 0.021875 0.03293976502711473
0 0.88125 0.6704831332991242 0.009375 0.004742042154477844
7 0.8765625 0.6814479043763632 0.0171875 0.01416249394987581
5 0.87890625 0.6853405188377437 0.021875 0.03450226502711473