6 0.4189160881195845 0.1876337509819587 0.047211343285945874 0.058085210772388506
6 0.06191665437636309 0.18424214803165134 0.029951120413308895 0.0454852168225127
3 0.971875 0.00390625 0.028125 0.0078125
3 0.879631395202981 0.014927504007020786 0.021993174668035208 0.020439765027114733
3 0.78359375 0.00625 0.0203125 0.0125
3 0.721875 0.009375 0.025 0.01875
3 0.64609375 0.00703125 0.0234375 0.0140625
7 0.596875 0.0671875 0.034375 0.134375
7 0.6425263049420972 0.08271094340758278 0.10094539734428025 0.16308178298109546
7 0.7229541483262388 0.08927403991498259 0.07738972267624522 0.1426329275949012
7 0.68203125 0.01796875 0.0421875 0.0359375
7 0.721875 0.00546875 0.0625 0.0109375
7 0.77734375 0.0140625 0.0734375 0.028125
7 0.7885427868899204 0.09514224483363858 0.07276585518980258 0.15354315651766245
7 0.8378433501216369 0.08079339852263061 0.05081813231716552 0.14091589149054773
7 0.85703125 0.01171875 0.0265625 0.0234375
7 0.8791677868899204 0.09461500400702079 0.08525676483072289 0.15205337939029953
7 0.934375 0.034375 0.05 0.06875
7 0.95703125 0.07890625 0.0859375 0.1546875
5 0.5984375 0.16953125 0.0375 0.3390625
5 0.60859375 0.13984375 0.0578125 0.2796875
5 0.6375 0.1890625 0.1125 0.378125
5 0.67578125 0.1578125 0.0734375 0.315625
5 0.70390625 0.13828125 0.0546875 0.2765625
5 0.71640625 0.18046875 0.1046875 0.3609375
5 0.77421875 0.1375 0.0953125 0.275
5 0.7828125 0.18046875 0.084375 0.3609375
5 0.8234375 0.165625 0.071875 0.33125
5 0.85703125 0.1515625 0.0640625 0.303125
5 0.87109375 0.1875 0.1078125 0.375
5 0.9234375 0.15 0.071875 0.3
5 0.94765625 0.18984375 0.1046875 0.3796875
5 0.98515625 0.1828125 0.0296875 0.365625
0 0.2359375 0.41875 0.0875 0.078125
3 0.20201597619228656 0.44213996468121336 0.022138620413308985 0.045439765027114734
4 0.0859375 0.5140625 0.171875 0.26875
5 0.13046875 0.68984375 0.2609375 0.6203125
0 0.67109375 0.62109375 0.1828125 0.4078125
5 0.759375 0.7046875 0.359375 0.590625