6 0.08557596916020378 0.14391466822512733 0.03621930113146821 0.04864657825883114
0 0.8032755118056608 0.10474010137917351 0.0818681444174139 0.10672269867214013
0 0.652657888269094 0.13198788172799042 0.07243860226293641 0.09729315651766242
7 0.5880237374087722 0.30191858664664645 0.14220672247985355 0.27269313231716563
7 0.794401002435887 0.32499351404515603 0.15020102966144577 0.3039885841125637
3 0.6359021803253757 0.2061066377781146 0.03302157825883114 0.03612839754067192
3 0.7833993490414825 0.17962192671113852 0.02990566861791084 0.0376727168225127
5 0.76328125 0.28671875 0.2578125 0.4859375
5 0.5671875 0.3 0.25 0.459375
8 0.6796875 0.77890625 0.640625 0.4421875
8 0.9671875 0.89609375 0.065625 0.2078125
5 0.4853032583878153 0.7460862222834617 0.06297269867214013 0.08161361436318479