3 0.06875 0.26640625 0.1375 0.1765625
2 0.078125 0.05 0.15625 0.1
4 0.1796875 0.396875 0.359375 0.065625
5 0.1796875 0.21484375 0.359375 0.4296875
0 0.7012373305965223 0.26879183609163215 0.0940954336450254 0.06046588001272664
0 0.8200782341873184 0.2857986174410859 0.13821813836728972 0.12503745735199914
3 0.7358714058302913 0.31372307542963196 0.03937157220870695 0.053579533338636055
3 0.6899185563960255 0.3374054760900413 0.051762487899751616 0.03497498400699968
4 0.771875 0.40390625 0.165625 0.0515625
5 0.665625 0.3203125 0.44375 0.21875
5 0.59921875 0.33203125 0.2953125 0.1953125
8 0.1796875 0.71484375 0.359375 0.5703125
7 0.14394246018321333 0.5910191827259518 0.05188066256778665 0.055287484006999676
5 0.14620439695149673 0.5769839547262701 0.05048178903121965 0.08339430267345413
5 0.48203125 0.5390625 0.2453125 0.21875