4 0.06796875 0.328125 0.1359375 0.265625
5 0.16484375 0.23984375 0.3296875 0.4796875
8 0.66484375 0.25 0.6703125 0.5
7 0.6829526913987698 0.45234375 0.025454533338636055 0.0390625
7 0.9039640780553612 0.378125 0.025527258672817865 0.0453125
7 0.74921875 0.0140625 0.0234375 0.028125
4 0.7803254887014529 0.2265625 0.023910214672181594 0.040625
0 0.7760192493634531 0.1921875 0.01749658267027261 0.0265625
0 0.9042453413828614 0.33515625 0.015897720003181702 0.0234375
5 0.753125 0.04921875 0.046875 0.0984375
5 0.7812430987030438 0.23828125 0.05305336935072642 0.128125
5 0.90823395472627 0.409375 0.05354426535645338 0.1703125
5 0.6852055347310425 0.44453125 0.0382454346753633 0.0640625
0 0.02265625 0.75234375 0.0453125 0.1171875
0 0.284375 0.61328125 0.090625 0.0890625
4 0.284375 0.84140625 0.090625 0.2640625
5 0.0609375 0.84609375 0.121875 0.3078125
5 0.2625 0.78125 0.134375 0.4375
3 0.29921875 0.6984375 0.0609375 0.053125
8 0.66484375 0.75 0.6703125 0.5