4 0.2140625 0.16796875 0.25 0.2265625
5 0.16953125 0.15 0.3390625 0.3
3 0.28671875 0.496875 0.1046875 0.10625
2 0.2875 0.325 0.103125 0.1125
5 0.1875 0.3984375 0.303125 0.303125
1 0.65703125 0.46875 0.3609375 0.1625
2 0.63828125 0.1421875 0.4171875 0.284375
5 0.66953125 0.275 0.6609375 0.55
8 0.16953125 0.775 0.3390625 0.45
8 0.16328125 0.8109375 0.3265625 0.378125
7 0.2828125 0.98046875 0.028125 0.0390625
4 0.23046875 0.98984375 0.0109375 0.0203125
5 0.2109375 0.96875 0.065625 0.0625
8 0.472404181601922 0.7334608980316514 0.1623828670936593 0.24937380698520073
8 0.6988894135497452 0.7454240459651068 0.2324135659621911 0.20134537314378348
8 0.701810401351301 0.6461916604264873 0.10054542154477701 0.09433178298109546
7 0.8746802747896719 0.6084684257481896 0.00945681323171641 0.014117042154477667
0 0.8747529976623089 0.5959684257481895 0.006286361436318444 0.006286361436318444
5 0.8754751603282914 0.6061201305686497 0.012690897540672097 0.032885222872636885
5 0.37094972414918315 0.9840426810127468 0.014244307181592397 0.03133181323171641