1 0.8453331423743105 0.17050756858691277 0.16620678298109545 0.10192722135581711
1 0.9859375 0.07109375 0.028125 0.0796875
1 0.5309802717646098 0.08979610729631986 0.15193520472226432 0.06582608935390813
1 0.37890625 0.06875 0.1390625 0.075
2 0.5396825851927182 0.20531201929504722 0.14085225897699036 0.040698820019090046
2 0.5640625 0.02265625 0.25 0.0453125
2 0.89296875 0.05625 0.2140625 0.103125
5 0.975 0.05 0.05 0.1
5 0.8171875 0.19765625 0.365625 0.3953125
5 0.559375 0.05390625 0.25625 0.1078125
5 0.571875 0.1828125 0.525 0.365625
8 0.1546875 0.75703125 0.309375 0.3859375
5 0.2843678504162246 0.678200795233959 0.03627384328594587 0.058230670671545325
7 0.77109375 0.51640625 0.1203125 0.2140625
7 0.5609375 0.5109375 0.125 0.203125
5 0.5625 0.6984375 0.18125 0.578125
5 0.75859375 0.703125 0.1828125 0.5875