3 0.003125 0.56640625 0.00625 0.0484375
4 0.09609375 0.615625 0.1453125 0.328125
5 0.084375 0.725 0.16875 0.55
0 0.2 0.63203125 0.0625 0.0765625
7 0.42265625 0.82421875 0.071875 0.1453125
1 0.4421875 0.74296875 0.021875 0.0375
1 0.18046875 0.7171875 0.0234375 0.05
1 0.99375 0.61171875 0.0125 0.0234375
1 0.97265625 0.590625 0.0265625 0.0203125
1 0.74453125 0.58984375 0.0265625 0.0234375
1 0.87890625 0.65 0.025 0.0234375
1 0.76640625 0.7296875 0.034375 0.0328125
1 0.54921875 0.628125 0.0359375 0.03125
2 0.5640625 0.46484375 0.0203125 0.0125
2 0.6734375 0.471875 0.015625 0.0125
2 0.99296875 0.53828125 0.0140625 0.0171875
2 0.97578125 0.553125 0.0390625 0.03125
2 0.8859375 0.61328125 0.059375 0.0453125
2 0.8921875 0.5453125 0.025 0.021875
2 0.85625 0.53828125 0.0328125 0.0265625
2 0.74140625 0.5375 0.0515625 0.0390625
2 0.76875 0.665625 0.084375 0.0640625
2 0.54375 0.56796875 0.0734375 0.0546875
4 0.53984375 0.69921875 0.08125 0.13125
4 0.565625 0.49609375 0.025 0.03125
4 0.67265625 0.50703125 0.028125 0.034375
4 0.71640625 0.6515625 0.0703125 0.1125
4 0.8125 0.828125 0.096875 0.1875
4 0.84375 0.61640625 0.053125 0.0859375
4 0.90390625 0.71875 0.0609375 0.1390625
4 0.88203125 0.58671875 0.034375 0.025
4 0.971875 0.64765625 0.05625 0.0859375
5 0.98046875 0.771875 0.0390625 0.425
5 0.99453125 0.53671875 0.0109375 0.0265625
5 0.96171875 0.74375 0.0765625 0.415625
5 0.9140625 0.79453125 0.1125 0.4109375
5 0.88828125 0.56171875 0.0578125 0.0546875
5 0.8328125 0.5890625 0.090625 0.1359375
5 0.78359375 0.81328125 0.1828125 0.3734375
5 0.71171875 0.6390625 0.1359375 0.246875
5 0.6734375 0.5296875 0.0390625 0.1296875
5 0.56015625 0.50390625 0.034375 0.0953125
5 0.534375 0.68203125 0.14375 0.284375
5 0.41484375 0.8375 0.1015625 0.325
5 0.23984375 0.7890625 0.1421875 0.421875
0 0.428125 0.69453125 0.04375 0.053125
7 0.228125 0.8640625 0.11875 0.271875