5 0.084375 0.23984375 0.16875 0.4796875
4 0.084375 0.315625 0.16875 0.328125
1 0.084375 0.10390625 0.16875 0.2078125
0 0.31875 0.02890625 0.271875 0.0578125
3 0.3523090293602715 0.0865760360439071 0.11953179734245412 0.0685692813494538
4 0.34609375 0.26328125 0.3546875 0.3640625
5 0.50546875 0.23984375 0.6734375 0.4796875
5 0.084375 0.73984375 0.16875 0.5203125
8 0.81875 0.5390625 0.140625 0.11875
8 0.6125503794159507 0.6199981580601336 0.11072041868236297 0.11689769334818116
8 0.4834168627466327 0.5989669480426344 0.06210110534690845 0.1007090720082724
9 0.20522877542167778 0.6574403300047725 0.041279528007636034 0.056722714672181596
9 0.49210097207190573 0.5397010360439071 0.028524989337999785 0.03470226400381797
9 0.4257674474060876 0.5451783293682256 0.033212489337999786 0.03475680800445424
9 0.3946901700747693 0.5596584526973167 0.022129538669636163 0.022129538669636163
9 0.29471744207508743 0.5608385973504083 0.059793170671545236 0.03662839067472703
9 0.3848248214114964 0.5845402740292714 0.03797271467218159 0.041061352005090514