2 0.11953125 0.28203125 0.2390625 0.3734375
5 0.171875 0.390625 0.34375 0.596875
4 0.1375 0.58671875 0.275 0.2046875
1 0.09481058947531676 0.5680348441697086 0.17271131303532491 0.14474993949875792
8 0.73359375 0.46953125 0.3890625 0.3828125
8 0.87734375 0.5546875 0.2453125 0.26875
2 0.7422941226528041 0.415822383495516 0.012618174668035031 0.020385222872636888
3 0.7369344569617595 0.43460419975229464 0.010982951795397966 0.007876132513557366
4 0.7331009298343965 0.44712692564999373 0.02520907825883114 0.03608294574527378
5 0.7325651195295462 0.48931897082953346 0.04001698770335978 0.16428975897699036
9 0.96953125 0.41015625 0.0609375 0.0453125
8 0.36328125 0.84453125 0.3515625 0.3109375
0 0.2735077612164856 0.888551877249 0.040861349336070066 0.040861349336070066
0 0.2336140142415477 0.8801899314055304 0.02832498789975162 0.03453862646343318
0 0.19672709259857477 0.8514973048439014 0.040870439695149585 0.04242384933607006
0 0.09219412870292834 0.8786688589022358 0.025181807181592398 0.031395445745273774
0 0.0732350504440971 0.8428404432111911 0.02831589754067192 0.032976126463433175
0 0.025992411782219716 0.9142114491631194 0.031395445745273864 0.02518180718159222
3 0.18443162567786625 0.8867262777165383 0.012572722872636888 0.012572722872636888
3 0.2384833214231401 0.9114126603282914 0.01729658430895533 0.01884999394987581
3 0.26671740573209546 0.9299990338648584 0.01885908430895533 0.01885908430895533
7 0.30078125 0.95859375 0.0671875 0.0828125
7 0.24140625 0.95546875 0.0453125 0.0890625
7 0.19453125 0.94765625 0.0640625 0.1046875
7 0.11015625 0.9859375 0.0296875 0.028125
7 0.0765625 0.94375 0.05625 0.1125
7 0.02265625 0.9671875 0.0390625 0.065625
5 0.025 0.9484375 0.046875 0.103125
5 0.06953125 0.91171875 0.0828125 0.1765625
5 0.103125 0.93125 0.0625 0.1375
5 0.19140625 0.91328125 0.0734375 0.1734375
5 0.24296875 0.9296875 0.0484375 0.140625
5 0.29296875 0.93359375 0.0859375 0.1328125
8 0.80625 0.9265625 0.3875 0.146875