5 0.2921875 0.2546875 0.29375 0.509375
4 0.35703125 0.32734375 0.1640625 0.3640625
1 0.3734375 0.1015625 0.13125 0.203125
8 0.77109375 0.14765625 0.3578125 0.2953125
8 0.76953125 0.2546875 0.4609375 0.509375
8 0.14296875 0.73828125 0.2859375 0.4578125
2 0.059709259762557386 0.6724123729473916 0.01728749394987581 0.01728749394987581
3 0.06268426883774367 0.6982118036655509 0.007876132513557366 0.010982951795397966
4 0.0625297327333902 0.724774303665551 0.040906801131468204 0.048673849336070066
5 0.07653314539937268 0.7350123668972675 0.08834540339440444 0.14582156010845856
5 0.16976603669352866 0.555861198082965 0.034847698672140125 0.08144998789975162
5 0.73125 0.7546875 0.5375 0.490625
4 0.79921875 0.878125 0.4015625 0.24375
1 0.7609375 0.57890625 0.190625 0.1390625