2 0.2359375 0.14765625 0.29375 0.2953125
5 0.29375 0.31484375 0.5875 0.6296875
4 0.22890625 0.45703125 0.4328125 0.3453125
1 0.23945546896381212 0.3927544053946336 0.19941925878059868 0.17105902936027154
5 0.8125 0.121875 0.246875 0.24375
5 0.88515625 0.3203125 0.2296875 0.453125
8 0.37890625 0.81484375 0.3828125 0.3703125
8 0.05625 0.69921875 0.1125 0.1296875
5 0.4864390323919204 0.9496873000874959 0.025372704722264317 0.06435340133672725
1 0.83515625 0.90859375 0.2921875 0.1828125
2 0.84453125 0.70546875 0.3109375 0.1515625
5 0.84453125 0.81484375 0.3109375 0.3703125