5 0.2 0.3 0.4 0.6
9 0.96328125 0.0950537967456782 0.0453125 0.04271475867281786
9 0.8484375 0.158561218730088 0.065625 0.05076361600890866
9 0.8453125 0.1303998560629971 0.0421875 0.03642839600572696
9 0.8703125 0.1470970073997242 0.0515625 0.04903748400699968
9 0.76328125 0.19272658605186122 0.0578125 0.053797709341181485
6 0.53671875 0.3166527926877718 0.0203125 0.01586135733609062
9 0.62265625 0.2457777660327712 0.059375 0.05694089067472694
8 0.7625 0.47890625 0.34375 0.2421875
5 0.11875 0.71768277474536 0.1125 0.22787155601527206
4 0.125 0.6685367500795418 0.0359375 0.05354317067154533
0 0.11328125 0.621525390077951 0.025 0.029978401336727245
3 0.11328125 0.642619140077951 0.00625 0.009447725334181811
0 0.7609375 0.7620867554105419 0.028125 0.02845226400381797
5 0.7640625 0.7675918680776328 0.03125 0.03786362667090888
4 0.42109375 0.6046875 0.0109375 0.009375
4 0.42421875 0.61484375 0.0234375 0.0296875