5 0.334375 0.24453125 0.66875 0.4890625
4 0.3703125 0.28828125 0.459375 0.4015625
1 0.31484375 0.075 0.2359375 0.15
8 0.834375 0.24453125 0.33125 0.4890625
8 0.334375 0.74453125 0.66875 0.5109375
4 0.40027517242853977 0.8262230754296318 0.059774975799503235 0.06944089067472695
2 0.37557060909862744 0.7751509240929048 0.028252265027114733 0.022202264003817973
3 0.38093027478967195 0.7939645587603138 0.023546584308955332 0.019022720003181705
5 0.4078922297083281 0.8599077320973592 0.10121810811666876 0.21053860534690863
0 0.6984375 0.86796875 0.059375 0.1015625
4 0.71484375 0.96171875 0.0921875 0.0765625
3 0.6997393621236896 0.9295527820257716 0.03773634933607006 0.041061352005090514
5 0.78046875 0.89921875 0.2234375 0.2015625