4 0.184375 0.3 0.36875 0.459375
5 0.184375 0.26484375 0.36875 0.5296875
1 0.2703125 0.084375 0.196875 0.16875
5 0.57578125 0.33852318627730416 0.046875 0.08152271077238851
8 0.65234375 0.26640625 0.5484375 0.5265625
5 0.1015625 0.66171875 0.103125 0.2640625
5 0.04765625 0.6328125 0.0921875 0.20625
5 0.184375 0.76484375 0.36875 0.4703125
5 0.3078125 0.76484375 0.121875 0.4703125
2 0.22578125 0.58671875 0.1578125 0.1140625
4 0.05703125 0.55 0.0484375 0.040625
4 0.1171875 0.58515625 0.05 0.1109375
4 0.14921875 0.94765625 0.2671875 0.1046875
1 0.3453125 0.8796875 0.046875 0.240625
1 0.1609375 0.7951231651018695 0.1390625 0.20705904195808608
8 0.7265625 0.76484375 0.546875 0.4703125
8 0.434375 0.76484375 0.13125 0.4703125