1 0.02890625 0.26328125 0.0578125 0.2328125
4 0.11796875 0.45234375 0.2359375 0.3546875
5 0.209375 0.31484375 0.41875 0.6296875
8 0.5320286455957645 0.5958953247427898 0.03942611436318479 0.06272725897699054
8 0.9707280521134269 0.5265701704646226 0.01414431323171641 0.014144313231716587
8 0.465625 0.615625 0.021875 0.028125
9 0.4867206907753042 0.5948504543294808 0.02511817466803503 0.020457945745273775
9 0.508504787184508 0.6106027193565955 0.028270445745273952 0.025163626463433175
3 0.7663996212970717 0.7755515293668582 0.09777494554888229 0.15525110226293642
7 0.8453125 0.81875 0.309375 0.3625
5 0.7890625 0.81484375 0.421875 0.3703125