1 0.028125 0.109375 0.05625 0.21875
4 0.11171875 0.340625 0.2234375 0.4375
5 0.11953125 0.2796875 0.2390625 0.559375
5 0.4325464179305397 0.15795041802873566 0.08716469847574829 0.21143746974937905
5 0.5808839239806639 0.14162650214129932 0.08566583098930565 0.22236587939029934
9 0.928125 0.284375 0.14375 0.340625
5 0.9274690742518104 0.36238547149789485 0.0492101805217672 0.13309430113146803
3 0.9258111254814745 0.34597013113881514 0.011028403590796288 0.015688632513557364
0 0.9287634086589616 0.31630081185697445 0.029914758976990186 0.0392352168225127
4 0.4166623426967707 0.11332826443793946 0.029969301131468028 0.048610216822512695
4 0.5884328035673552 0.09635945393669747 0.034738614363184796 0.06269998789975162
0 0.4156174722834617 0.06801121925839962 0.020457945745273775 0.02511817466803503
3 0.42040951141287736 0.08600724033563853 0.006295451795398144 0.007848861436318444
3 0.5796572463857628 0.06505945696175956 0.004732951795398144 0.007839771077238922
0 0.5818828217177276 0.044760592500378935 0.020448855386194252 0.023555674668035032
8 0.11953125 0.7796875 0.2390625 0.440625
8 0.61953125 0.7796875 0.7609375 0.440625
5 0.825 0.709375 0.159375 0.3
7 0.8297334726762452 0.6571474838927308 0.12124880698520046 0.16163745764913068
7 0.50234375 0.9140625 0.1796875 0.171875
0 0.5070550176593933 0.7857345295632501 0.07864315046753809 0.08951701795398082
5 0.565625 0.86171875 0.403125 0.2765625