5 0.28046875 0.26484375 0.2984375 0.5296875
4 0.33203125 0.384375 0.1953125 0.290625
1 0.38984375 0.1703125 0.0796875 0.25
1 0.5971038216195318 0.2027648890546608 0.11477154800821018 0.12253859621281223
1 0.93203125 0.059375 0.1359375 0.11875
3 0.69609375 0.015625 0.0421875 0.03125
3 0.7591225534691592 0.2533865368899204 0.07543633723582169 0.07543633723582169
2 0.78046875 0.06640625 0.1765625 0.1328125
2 0.62734375 0.04765625 0.1265625 0.0953125
4 0.79375 0.39375 0.303125 0.271875
4 0.90546875 0.26484375 0.1890625 0.5296875
4 0.5765625 0.3859375 0.2625 0.2875
5 0.48046875 0.26484375 0.1015625 0.5296875
5 0.67265625 0.0296875 0.1078125 0.059375
5 0.59453125 0.26484375 0.3296875 0.5296875
5 0.765625 0.26484375 0.45 0.5296875
5 0.9 0.26484375 0.2 0.5296875
8 0.23203125 0.70078125 0.3953125 0.3421875
8 0.11484375 0.70546875 0.2296875 0.3515625
8 0.71484375 0.76484375 0.5703125 0.4703125