4 0.16484375 0.421875 0.3296875 0.25625
5 0.26484375 0.275 0.5296875 0.55
1 0.1188260093889065 0.23808878981678666 0.2029090133672712 0.2511635659621911
2 0.146875 0.02578125 0.24375 0.0515625
8 0.76328125 0.24453125 0.4671875 0.4890625
2 0.7857964280712695 0.1036763866187739 0.023728401336727246 0.025136355386194253
3 0.7829623294079966 0.12869456733693313 0.017387494668999894 0.01728749394987581
4 0.7826447034134054 0.16854286251647296 0.028797709341181487 0.05797612646343318
5 0.7710804947485418 0.18189229020957018 0.06777039735836263 0.18475679508134385
9 0.309375 0.734375 0.440625 0.36875
3 0.2671875 0.57890625 0.121875 0.0578125
4 0.0515625 0.8046875 0.103125 0.2875
4 0.28879525342135953 0.7439388140172835 0.35812377204008905 0.2973760115110732
7 0.07578125 0.61640625 0.1515625 0.1328125
5 0.30078125 0.775 0.4578125 0.45
5 0.09296875 0.775 0.1859375 0.45
8 0.62890625 0.79296875 0.1984375 0.4140625
9 0.7653475680696786 0.937933732831586 0.05087270401018138 0.07529089149054755