1 0.06015625 0.07578125 0.1203125 0.1515625
5 0.13046875 0.31484375 0.2609375 0.6296875
3 0.98828125 0.05390625 0.0234375 0.0203125
1 0.8110824248644267 0.08134232348525323 0.07070338544042362 0.06759656615858281
1 0.5819943676828344 0.11392406109041724 0.0721477107723885 0.047293156517662416
3 0.9506200851927182 0.535983850809008 0.07063975292686635 0.05665906615858276
1 0.9828125 0.40703125 0.034375 0.0671875
1 0.8184989733636163 0.2836360765103153 0.07229315651766229 0.07229315651766247
1 0.5741722564429077 0.2499024677062755 0.07850679508134384 0.0660795179539809
1 0.5248120849963265 0.4087780188377437 0.06914997579950324 0.06914997579950324
1 0.7655365580653551 0.5245610583599427 0.06293633723582168 0.0753636143631848
2 0.428125 0.13046875 0.01875 0.0640625
2 0.46640625 0.6046875 0.0953125 0.05
2 0.5831983193800367 0.041263265910877436 0.09421360831306061 0.08023292154477706
2 0.8200170633299123 0.022698576510315344 0.06887726502711473 0.02227497579950318
2 0.8346466690106944 0.19370142291951917 0.08010565651766229 0.07233860831306052
2 0.99296875 0.33046875 0.0140625 0.0640625
2 0.9484375 0.446875 0.103125 0.09375
2 0.7567615217646099 0.42149060051442044 0.10202610831306061 0.08027837334017515
2 0.545633645104785 0.32115984416970866 0.08323065651766229 0.07235678903121974
2 0.5762529069104458 0.1608308773471959 0.09892837939029935 0.08494769262201593
4 0.971875 0.23203125 0.05625 0.2734375
4 0.9375 0.1609375 0.125 0.234375
4 0.7774381570086417 0.2245019710259252 0.1890999031980126 0.2760908430895541
4 0.51521541296057 0.178372901351301 0.07272949375348414 0.14729315651766237
4 0.734375 0.05390625 0.096875 0.1078125
4 0.56640625 0.05546875 0.1546875 0.1109375
4 0.4546875 0.0625 0.071875 0.125
4 0.43828125 0.30078125 0.0390625 0.1296875
4 0.68515625 0.584375 0.1828125 0.090625
4 0.90546875 0.58125 0.1890625 0.096875
5 0.72421875 0.09453125 0.1234375 0.1890625
5 0.8805318616327102 0.09500030250621025 0.09927381303532457 0.14432269262201589
5 0.7734375 0.20234375 0.275 0.4046875
5 0.92578125 0.1953125 0.1484375 0.328125
5 0.946875 0.23671875 0.10625 0.3921875
5 0.96640625 0.44375 0.0671875 0.2875
5 0.8671875 0.5046875 0.265625 0.25
5 0.8047222987937772 0.3688695945624921 0.2807702944921687 0.456305583916172
5 0.7046875 0.49375 0.33125 0.271875
5 0.54453125 0.45234375 0.2515625 0.3546875
5 0.56796875 0.359375 0.2984375 0.515625
5 0.56796875 0.1671875 0.2453125 0.334375
5 0.575 0.09296875 0.234375 0.1859375
5 0.47265625 0.1078125 0.1078125 0.215625
5 0.45546875 0.26328125 0.0734375 0.3359375
3 0.20859375 0.64296875 0.0421875 0.0265625
4 0.09375 0.70390625 0.1875 0.1484375
5 0.1515625 0.7984375 0.303125 0.3375
8 0.6609375 0.81484375 0.484375 0.3703125