1 0.23294132766965606 0.21502972792014 0.20923059601642038 0.24616811736154426
4 0.21875 0.3375 0.4375 0.203125
5 0.26953125 0.21953125 0.5390625 0.4390625
0 0.32418044778837735 0.930771264560823 0.09588519262201593 0.099546561346272
0 0.370564568398078 0.8458508245544596 0.07854315651766228 0.07278406667727211
0 0.19169922501393621 0.8549638372454131 0.04399543969514959 0.04269657733927268
0 0.08978726707021814 0.9303734645926397 0.052035198672140126 0.08184998400699968
0 0.028125 0.92421875 0.05625 0.0890625
7 0.2234375 0.95078125 0.0875 0.0984375
7 0.4171875 0.95546875 0.09375 0.0890625
3 0.3677531857863247 0.8997934372215506 0.03297612646343282 0.028506808004454244
3 0.20369523096586467 0.9024837272438223 0.028288626463433175 0.02845226400381797
5 0.40859375 0.9015625 0.1515625 0.196875
5 0.3375 0.93671875 0.19375 0.1265625
5 0.2171875 0.91171875 0.140625 0.1765625
5 0.109375 0.940625 0.128125 0.11875
5 0.0625 0.93828125 0.125 0.1234375
8 0.76953125 0.6859375 0.4609375 0.49375
0 0.859267999214433 0.6388922998886415 0.03143180718159257 0.031613626670909056
0 0.5703191287029283 0.6617870965945488 0.04556703005422928 0.044277258672817864
3 0.5421875 0.6875 0.00625 0.01875
3 0.566658318398078 0.7040200499284124 0.020430674668035033 0.020548857336090798
1 0.858677646755105 0.6717138905554142 0.021993174668035208 0.020567038669636162
7 0.8707827370159886 0.7379837805538234 0.06160109621281222 0.1147715720082724
7 0.6076242068635637 0.7621410852562308 0.07900676483072289 0.1524715666772721
7 0.55625 0.74453125 0.034375 0.1203125
5 0.56640625 0.815625 0.0546875 0.36875
5 0.60546875 0.8171875 0.1234375 0.365625
5 0.8616486315315987 0.7794991185550961 0.11436352361132159 0.32162155601527187