5 0.14609375 0.26171875 0.2921875 0.3765625
2 0.03828125 0.09609375 0.0765625 0.0984375
1 0.04765625 0.2375 0.0953125 0.209375
8 0.76484375 0.16875 0.4703125 0.3375
7 0.21796875 0.5462416574014253 0.1640625 0.19157948770335978
0 0.09921875 0.50234375 0.0671875 0.1046875
3 0.1265625 0.5350546934075828 0.021875 0.05637726502711473
5 0.19609375 0.68359375 0.2671875 0.4671875
8 0.69609375 0.725 0.3328125 0.55
8 0.87890625 0.77109375 0.2421875 0.4453125
7 0.84921875 0.8235485250842596 0.025 0.03764544574527377
5 0.84765625 0.8219951154433393 0.03125 0.04549430718159249