1 0.08125 0.2875 0.1625 0.265625
4 0.1359375 0.3953125 0.265625 0.228125
5 0.134375 0.2546875 0.26875 0.509375
9 0.3791293520846325 0.45277151775758917 0.12603633601209036 0.08978972872636941
3 0.7286180853755435 0.14232593890958273 0.03344884667409058 0.05487839754067192
7 0.8187254647119525 0.16550488455666076 0.19280676002545327 0.18860902380771344
0 0.7000294613701347 0.10231856244614965 0.06686133068109026 0.10663179508134393
5 0.8096146413908155 0.25528954722264324 0.2881941747294515 0.46414535499341075
1 0.134375 0.85625 0.26875 0.2875
2 0.134375 0.63203125 0.26875 0.2453125
5 0.134375 0.7546875 0.26875 0.490625
6 0.78046875 0.740625 0.4390625 0.4625
5 0.3390625 0.5375 0.0875 0.05625