2 0.28125 0.18984375 0.265625 0.3796875
5 0.23984375 0.31484375 0.4796875 0.6296875
4 0.28203125 0.503125 0.3953125 0.253125
1 0.2746888442679046 0.47184564539937257 0.18214085518980241 0.15417948165323558
8 0.73984375 0.31484375 0.5203125 0.6296875
5 0.53828125 0.0828125 0.1171875 0.165625
7 0.525 0.021875 0.090625 0.04375
7 0.8839143742239379 0.26422806723873726 0.18176010187015298 0.35729539129415605
0 0.8484682744950843 0.04569169067710832 0.07864315046753809 0.0895170179539809
5 0.81484375 0.31484375 0.3703125 0.6296875
5 0.3609375 0.81484375 0.2375 0.3703125
1 0.84609375 0.934375 0.3078125 0.13125
2 0.84453125 0.759375 0.3109375 0.184375
5 0.73984375 0.821875 0.5203125 0.35625