4 0.4203125 0.5875 0.078125 0.0375
5 0.415625 0.58984375 0.090625 0.0421875
5 0.47578125 0.784375 0.1671875 0.43125
5 0.3453125 0.784375 0.34375 0.43125
5 0.21640625 0.784375 0.2984375 0.43125
5 0.01015625 0.60234375 0.0203125 0.0671875
5 0.103125 0.784375 0.20625 0.43125
4 0.06171875 0.62890625 0.0953125 0.1203125
4 0.2125 0.646875 0.140625 0.15625
4 0.32734375 0.64609375 0.1609375 0.1546875
4 0.49765625 0.66015625 0.1234375 0.1828125
5 0.040625 0.784375 0.08125 0.43125
6 0.7065066135776178 0.7966899026098208 0.033076120413308985 0.045694308004454245
9 0.82421875 0.784375 0.3515625 0.43125
3 0.59453125 0.584375 0.0515625 0.03125
7 0.640625 0.784375 0.1625 0.43125
5 0.6609375 0.784375 0.203125 0.43125