8 0.81484375 0.2546875 0.3703125 0.509375
8 0.28515625 0.746875 0.5703125 0.475
2 0.25625 0.7625 0.059375 0.0375
3 0.346875 0.52421875 0.021875 0.0171875
3 0.25703125 0.8140625 0.0171875 0.0203125
4 0.2125 0.8546875 0.071875 0.1078125
4 0.3296875 0.58828125 0.046875 0.1015625
4 0.5890625 0.55625 0.08125 0.09375
5 0.5640625 0.6640625 0.13125 0.309375
5 0.34140625 0.6609375 0.1515625 0.303125
5 0.25078125 0.86953125 0.1859375 0.2609375
4 0.91328125 0.7859375 0.1734375 0.428125
5 0.85625 0.7546875 0.2875 0.490625