4 0.01640625 0.42421875 0.0328125 0.3015625
5 0.10078125 0.45234375 0.2015625 0.6734375
8 0.86796875 0.453125 0.2640625 0.59375
8 0.5936146863755 0.13797374043383437 0.15560562626704133 0.1587124455488822
2 0.9451565440011894 0.6735946405085891 0.01416249394987581 0.01726931323171659
3 0.949925857232906 0.6876844115858279 0.009411361436318443 0.0063045421544778435
7 0.9579156192349586 0.7181986133812261 0.034729524004104916 0.06113748789975162
5 0.95625 0.72578125 0.059375 0.1265625
2 0.26481856244614965 0.9097179719888742 0.09900110226293624 0.09744769262201594
5 0.234375 0.89453125 0.46875 0.2109375
9 0.734375 0.89453125 0.53125 0.2109375