4 0.1109375 0.14140625 0.146875 0.2828125
5 0.17734375 0.29453125 0.3546875 0.5890625
1 0.78515625 0.26875 0.4296875 0.33125
2 0.771875 0.05703125 0.45625 0.1140625
4 0.7296875 0.4640625 0.540625 0.25
5 0.7296875 0.29453125 0.540625 0.5890625
1 0.13984375 0.86953125 0.2796875 0.2609375
2 0.103125 0.66953125 0.20625 0.1609375
5 0.2296875 0.79453125 0.459375 0.4109375
0 0.46796875 0.70234375 0.0171875 0.0578125
0 0.6847317253739528 0.66484375 0.0960579346753633 0.0640625
3 0.46953125 0.73984375 0.0203125 0.0265625
3 0.6929987587125888 0.70390625 0.04091590133672707 0.025
7 0.7212697567234064 0.78359375 0.14894767202418074 0.178125
7 0.496875 0.83828125 0.075 0.1953125
5 0.51953125 0.834375 0.1203125 0.33125
5 0.74375 0.8109375 0.23125 0.378125