2 0.44453125 0.37734375 0.0640625 0.0453125
4 0.81171875 0.3640625 0.2578125 0.071875
3 0.7989611414305864 0.29453125 0.07129429201145392 0.084375
2 0.8171827880728604 0.11484375 0.11064769334818117 0.109375
5 0.81953125 0.22578125 0.3609375 0.3484375
0 0.50078125 0.625 0.1578125 0.171875
4 0.41171875 0.89609375 0.2515625 0.2078125
5 0.3921875 0.7625 0.375 0.475
3 0.4651924793920882 0.76875 0.0804692973424542 0.0671875
7 0.95078125 0.571875 0.0984375 0.31875
5 0.93046875 0.7 0.1390625 0.6
8 0.78984375 0.7 0.4203125 0.6