0 0.22265625 0.0234375 0.1703125 0.046875
4 0.1171875 0.33671875 0.234375 0.4640625
5 0.2109375 0.29453125 0.421875 0.5890625
3 0.1731973112667303 0.09357974483363858 0.08206816000954512 0.07078519867214013
4 0.98046875 0.08828125 0.0390625 0.1765625
4 0.95078125 0.07890625 0.0984375 0.1578125
4 0.89453125 0.053125 0.1140625 0.10625
4 0.78125 0.07109375 0.146875 0.1421875
4 0.5921875 0.0796875 0.165625 0.159375
7 0.92265625 0.33671875 0.1546875 0.2515625
7 0.70234375 0.38203125 0.2453125 0.4140625
1 0.6409286092457313 0.28268315144949685 0.023964758672817867 0.045448855386194253
0 0.6368683652530491 0.2288041725267357 0.05552384134309048 0.07219316256778666
0 0.5234375 0.184375 0.028125 0.103125
7 0.55859375 0.43359375 0.0984375 0.3109375
5 0.608769542568459 0.3609899586310892 0.11962489337999785 0.34442268657189173
5 0.5765625 0.36015625 0.134375 0.4578125
5 0.7546875 0.38125 0.35 0.415625
5 0.8953125 0.4015625 0.209375 0.375
5 0.78984375 0.07890625 0.1734375 0.1578125
5 0.62890625 0.08515625 0.2390625 0.1703125
8 0.2546875 0.83125 0.509375 0.3375
5 0.20302171861077536 0.8660950942679045 0.016134077339272322 0.04384090359079629
3 0.91875 0.6359375 0.1625 0.09375
7 0.746875 0.79453125 0.475 0.4109375
5 0.7546875 0.79453125 0.490625 0.4109375