2 0.41715516286237425 0.11484375 0.08647383118569749 0.0921875
0 0.25140744301479945 0.1359375 0.1037613251355733 0.109375
0 0.0109375 0.10546875 0.021875 0.1078125
3 0.01328125 0.22265625 0.0265625 0.0671875
3 0.25846089803165134 0.26640625 0.06444429508134383 0.065625
3 0.4383574762904825 0.23046875 0.056613614363184794 0.0625
7 0.4234375 0.3328125 0.13125 0.3125
4 0.29375 0.37578125 0.165625 0.2265625
7 0.08203125 0.34765625 0.1640625 0.2828125
5 0.14765625 0.259375 0.2953125 0.459375
5 0.29609375 0.27265625 0.3859375 0.4328125
5 0.40625 0.26875 0.165625 0.440625
2 0.79140625 0.128125 0.4171875 0.178125
3 0.80546875 0.365625 0.3890625 0.2375
5 0.74453125 0.24453125 0.5109375 0.4890625
7 0.05859375 0.74765625 0.1171875 0.5046875
5 0.1265625 0.74453125 0.253125 0.5109375
0 0.61015625 0.50546875 0.1828125 0.0328125
4 0.83828125 0.55625 0.3234375 0.134375
3 0.72890625 0.50390625 0.1015625 0.0296875
5 0.7578125 0.73359375 0.484375 0.4890625