3 0.2909669302271799 0.18078482904439813 0.08148634933607006 0.04109769867214012
3 0.0203125 0.21328125 0.040625 0.0328125
3 0.575 0.11875 0.06875 0.040625
0 0.55625 0.0296875 0.10625 0.059375
0 0.289635713502863 0.08625812422393793 0.16611587939029934 0.08533857806243947
0 0.028125 0.13125 0.05625 0.078125
7 0.0640625 0.3828125 0.128125 0.284375
7 0.29578221613514166 0.3370121031466991 0.30467945140261465 0.2689510296614458
7 0.5296875 0.30390625 0.159375 0.3203125
5 0.08125 0.4 0.1625 0.6375
5 0.28515625 0.3734375 0.3890625 0.690625
5 0.5140625 0.359375 0.190625 0.71875
8 0.8046875 0.41328125 0.390625 0.4796875
5 0.7808248366466465 0.44656384426790446 0.05544199980360816 0.13000566256778665
1 0.159375 0.96875 0.26875 0.0625