7 0.34375 0.08515625 0.2125 0.1703125
7 0.12265625 0.10078125 0.2453125 0.2015625
5 0.32890625 0.25 0.2421875 0.5
5 0.14921875 0.25 0.2984375 0.5
6 0.9145775981062678 0.3310696127128647 0.10181813335454457 0.15683178298109546
6 0.7772850414146781 0.14826217877325165 0.1273999360279987 0.20697722872636942
6 0.6515625 0.0703125 0.175 0.140625
6 0.97109375 0.4046875 0.0578125 0.121875
1 0.38984375 0.75625 0.1203125 0.221875
2 0.35078125 0.571875 0.1984375 0.14375
5 0.0640625 0.7875 0.128125 0.425
5 0.225 0.75 0.45 0.5
4 0.82890625 0.55859375 0.3421875 0.1171875
5 0.7484375 0.7328125 0.503125 0.465625