4 0.096875 0.31640625 0.19375 0.2453125
5 0.1703125 0.21953125 0.340625 0.4390625
2 0.5162569679344575 0.37078415691044586 0.07116702267663602 0.07384656615858276
5 0.56796875 0.3796875 0.2609375 0.11875
9 0.04609375 0.6765625 0.0921875 0.159375
9 0.20340243193032137 0.6270235039088249 0.10901246801399936 0.1037522347764936
7 0.11378594859963939 0.6080149495559029 0.14693173337045273 0.27427381303532494
3 0.08671875 0.4609375 0.0390625 0.04375
5 0.12890625 0.71953125 0.2578125 0.5609375
6 0.97109375 0.9609375 0.0578125 0.078125
6 0.8736716679662744 0.6765967779129299 0.011282945337363515 0.029751132513557366
7 0.9878074406429102 0.6025002268796577 0.006359088001272895 0.009411361436318443
7 0.9784688033100011 0.5994297690341354 0.011173857336090975 0.020376132513557365
2 0.8799313059755012 0.6085962116561513 0.006359088001272539 0.009411361436318443
2 0.9292500533100011 0.5997161153451434 0.006359088001272539 0.009411361436318443
2 0.9754983446451373 0.5861666997522946 0.004778406667727353 0.007839771077238744
5 0.8821205146403649 0.6218638261175318 0.019277258672817866 0.045421584308955334
5 0.9299222153087283 0.6090865701656035 0.016006808004454243 0.032903403590796285
5 0.9769608473106374 0.594751359393215 0.012827264003817973 0.028197722872636888
5 0.9878256219764555 0.6009377268796576 0.007976132001908809 0.014107951795397967
4 0.8828108579726376 0.629671780937992 0.012772720003181703 0.023510222872636887
4 0.9306489213080921 0.6137695249860637 0.01117385733609062 0.020376132513557365