7 0.290625 0.34453125 0.21875 0.5484375
3 0.37734375 0.03828125 0.0453125 0.0765625
5 0.24609375 0.309375 0.3078125 0.61875
8 0.80546875 0.26640625 0.3890625 0.3796875
8 0.80703125 0.4453125 0.3859375 0.346875
4 0.863045942425624 0.18238279146710665 0.012645445745273775 0.025072722872636975
2 0.862151062937129 0.16284699628756685 0.007857951795397966 0.007857951795398055
5 0.8630232165279251 0.17847654146710665 0.022120439695149586 0.04231476502711464
1 0.56328125 0.74140625 0.3265625 0.2453125
4 0.7 0.88671875 0.6 0.2265625
5 0.7 0.809375 0.6 0.38125