7 0.43671875 0.24296875 0.3265625 0.4859375
5 0.3 0.2796875 0.6 0.559375
8 0.8 0.2796875 0.4 0.559375
8 0.7453125 0.30625 0.290625 0.384375
8 0.54375 0.91875 0.1125 0.1625
8 0.99296875 0.63359375 0.0140625 0.0578125
8 0.9566884207592101 0.6322842174116878 0.03629202400410527 0.061146578258831144
8 0.9364122821955286 0.6386523920797229 0.044122704722264317 0.06431703005422947
8 0.9067293273750685 0.6396063589022357 0.047311337235821684 0.07527271077238851
8 0.8747435291704665 0.6476052112633679 0.05824883723582168 0.07533634328594588
8 0.8200242129136879 0.6424546238311544 0.04901019262201593 0.09871930113146803
8 0.8052713665044842 0.6581659822424107 0.04579428903121965 0.08307612041330899
8 0.7787452279408025 0.6645705183467644 0.039489746876741984 0.07366475897699054
9 0.7054668092246958 0.6923415152235064 0.0771806444174139 0.10669542759490121
9 0.6313298724564124 0.7068358072797882 0.04444995764913049 0.12056703005422928