0 0.2953125 0.06640625 0.146875 0.1328125
7 0.2921875 0.40546875 0.175 0.2890625
7 0.109375 0.275 0.21875 0.55
3 0.05546875 0.01015625 0.0828125 0.0203125
3 0.29899811972593787 0.24164117944161295 0.08337610226293642 0.09735678903121965
5 0.2125 0.275 0.334375 0.55
5 0.14140625 0.275 0.2828125 0.55
9 0.03671875 0.74609375 0.0734375 0.0828125
8 0.703125 0.6515625 0.271875 0.203125
8 0.565625 0.7453125 0.371875 0.390625
0 0.7072878635776177 0.6185202793668582 0.004714771077238921 0.004714771077238921
7 0.7105174027070335 0.6365072100850175 0.006368174668035032 0.020348861436318443
5 0.7105583093228918 0.6435384600850175 0.01282725292686635 0.056322722872636885
9 0.7159861527070334 0.6365390263417962 0.03779089149054791 0.05021816861791084
8 0.7580191166026798 0.6102219660369459 0.039298849336070064 0.04085225897699054
8 0.8112622912707149 0.6308435382456528 0.04873748184962743 0.051844301131468026
8 0.8651094539366975 0.6210009056338996 0.03001475292686635 0.056422716822512695
8 0.885431044295777 0.6226815803019347 0.03784543364502539 0.05959316861791084
8 0.9135287732185382 0.6181577067653677 0.03946247579950324 0.06897725897699054
8 0.9447924087571575 0.6206832639469602 0.05039997579950324 0.06904089149054773
8 0.98671875 0.60703125 0.0265625 0.0921875
8 0.99609375 0.61875 0.0078125 0.078125