0 0.15794378932580733 0.06484375 0.08962610226293624 0.096875
3 0.15334667203575636 0.18359375 0.05504202400410509 0.0609375
3 0.38125 0.2859375 0.015625 0.059375
4 0.36484375 0.43203125 0.0484375 0.2765625
7 0.1375 0.390625 0.2125 0.41875
5 0.159375 0.30546875 0.31875 0.5890625
5 0.32265625 0.34453125 0.1328125 0.5109375
3 0.4089517774219506 0.16484375 0.023692030054229284 0.04375
3 0.546819416083828 0.2359375 0.01580680718159222 0.03125
7 0.40625 0.31953125 0.034375 0.3046875
0 0.53474666296057 0.1625 0.05684087334017516 0.1015625
0 0.4140625 0.08203125 0.05 0.0859375
7 0.5719825216664141 0.3421875 0.11887830678880888 0.290625
5 0.41640625 0.31640625 0.0546875 0.5671875
5 0.56328125 0.35625 0.1515625 0.4875
8 0.19453125 0.8 0.3890625 0.4
6 0.7544899737563997 0.71953125 0.026798849336070064 0.040625
9 0.57421875 0.8 0.3703125 0.4
7 0.86640625 0.7640625 0.1984375 0.328125
5 0.86484375 0.8 0.2171875 0.4