0 0.29387091538031596 0.24735297394177538 0.16926017202418073 0.18007040268936264
4 0.390625 0.5203125 0.21875 0.259375
5 0.296875 0.38828125 0.40625 0.5234375
3 0.34389019139876975 0.3827268526018666 0.08206816000954512 0.07125792934436319
0 0.5825510600334075 0.15072451662954717 0.03326703333863605 0.03944430800445433
0 0.8736936806969986 0.1246774479233217 0.034884077339272325 0.04414998933799978
7 0.8815794533736344 0.1980331319223672 0.054234061346272 0.09593066534054513
3 0.8795169667011347 0.15508256325591266 0.014262494668999893 0.017351132001908985
5 0.8915180747135434 0.24636154392109452 0.11124877204008925 0.2965670120146357
3 0.588401618037862 0.18347338196213808 0.014280676002545433 0.018913632001908987
7 0.5960873960454979 0.2396415659611836 0.06553518801718106 0.12730793467536322
5 0.6035913607176795 0.28018474996022913 0.11915217870781625 0.3044704186823629
1 0.221875 0.79296875 0.44375 0.2859375
4 0.25 0.84921875 0.5 0.3015625
5 0.25 0.825 0.5 0.35