4 0.04296875 0.36875 0.0859375 0.340625
4 0.3528148860295987 0.31216726257164074 0.2674339814568441 0.3140283267027256
3 0.28419267193756054 0.15672633191441304 0.09402271077238851 0.04796588001272668
0 0.30727162363476274 0.08380645257800408 0.2100022347764936 0.1102487986950896
5 0.12421875 0.28515625 0.2484375 0.5078125
5 0.3328125 0.2765625 0.4125 0.525
8 0.76953125 0.26953125 0.4609375 0.5390625
8 0.6078125 0.321875 0.1375 0.434375
5 0.9570251421779188 0.11925196188736882 0.041143150467538095 0.08953521467218159
8 0.26953125 0.76953125 0.5390625 0.4609375
8 0.76953125 0.76953125 0.4609375 0.4609375
8 0.7561307835702709 0.6180365492520947 0.09914654800821028 0.12302042401336308
8 0.7855592083365016 0.6622223539147312 0.1309419695529872 0.21713405068427197
8 0.8375 0.65 0.1375 0.221875
8 0.88359375 0.6484375 0.1265625 0.21875
8 0.97578125 0.63671875 0.0484375 0.1859375