7 0.08984375 0.13125 0.1796875 0.2625
7 0.33515625 0.1 0.3078125 0.2
5 0.11171875 0.275 0.2234375 0.55
5 0.321875 0.275 0.39375 0.55
2 0.7300789063212707 0.07936270872928505 0.06121021077238851 0.04722952400410509
1 0.7562192255049156 0.14093146780447138 0.03311248184962743 0.05175339754067192
3 0.8015625 0.0390625 0.0625 0.078125
4 0.7346987495090207 0.20199623283158602 0.07084883118569749 0.09259656615858276
4 0.88046875 0.25859375 0.2390625 0.5171875
5 0.759375 0.275 0.48125 0.55
5 0.7328635387366321 0.15513032319066564 0.11527151775758923 0.20847609621281213
1 0.42421875 0.97578125 0.1515625 0.0484375
2 0.3912578217177277 0.8905224016458886 0.2505636022629364 0.09832945745273883
2 0.08359375 0.953125 0.1671875 0.09375
5 0.39296875 0.915625 0.2515625 0.16875
5 0.3203125 0.8984375 0.396875 0.203125
8 0.7171875 0.80078125 0.396875 0.3984375
8 0.8234375 0.9421875 0.171875 0.115625