0 0.028125 0.15234375 0.05625 0.0984375
0 0.2813631086076481 0.08340531411547933 0.08962610226293624 0.09739315046753823
3 0.274426786497137 0.2014104255517978 0.056604524004105095 0.06126475292686626
3 0.0234375 0.28125 0.046875 0.059375
7 0.26796875 0.2828125 0.2171875 0.171875
5 0.41015625 0.2125 0.1796875 0.3125
5 0.2421875 0.196875 0.340625 0.34375
5 0.07265625 0.2265625 0.1453125 0.284375
8 0.7921875 0.04921875 0.140625 0.0984375
8 0.7015625 0.284375 0.271875 0.16875
1 0.2375 0.6046875 0.475 0.234375
2 0.1796875 0.45859375 0.359375 0.0671875
4 0.25 0.90078125 0.5 0.1984375
5 0.25 0.7015625 0.5 0.596875
6 0.6859375 0.684375 0.371875 0.63125
4 0.86875 0.95859375 0.253125 0.0828125
3 0.8437928473911624 0.8402365762157278 0.1273806323171655 0.1413613190854491
2 0.8643654643866258 0.5268462419067723 0.17147606596219092 0.2009908491396784
5 0.75 0.70859375 0.5 0.5828125