3 0.06537203258831212 0.28383536660568465 0.08776362041330898 0.046330654678544914
3 0.35234375 0.25 0.0328125 0.046875
0 0.33828125 0.14140625 0.0609375 0.1015625
0 0.08203125 0.1828125 0.1640625 0.096875
7 0.11015625 0.434375 0.2203125 0.26875
7 0.29140625 0.42109375 0.1546875 0.2953125
5 0.12578125 0.340625 0.2515625 0.45625
5 0.265625 0.32265625 0.20625 0.4921875
8 0.75546875 0.32265625 0.4890625 0.4921875
8 0.53515625 0.4171875 0.3328125 0.303125
3 0.1210362253085239 0.7958904712762752 0.09869203005422929 0.044895424013362994
2 0.1605345416634984 0.7360518472708665 0.13001475292686618 0.057759050684271965
4 0.121875 0.89296875 0.24375 0.2140625
5 0.184375 0.84296875 0.36875 0.3140625