3 0.2765625 0.43203125 0.2 0.1140625
0 0.23359375 0.13671875 0.3109375 0.2734375
5 0.19453125 0.24453125 0.3890625 0.4890625
8 0.7015625 0.3109375 0.596875 0.35625
0 0.8346134328594585 0.4313115489901689 0.009402271077238922 0.004742042154477844
7 0.8346725201934759 0.44146779899016886 0.015697722872636887 0.012590903590796287
5 0.8370389960911752 0.4453604134515494 0.0220658975406721 0.03293976502711473
0 0.8300850141433518 0.45868257006740765 0.009402271077238922 0.004742042154477844
7 0.8340503514773694 0.46881609416970865 0.01726931323171641 0.01416249394987581
5 0.83125 0.471875 0.021875 0.034375
7 0.1796875 0.58515625 0.115625 0.1921875
5 0.178125 0.74453125 0.153125 0.5109375
8 0.69453125 0.74453125 0.6109375 0.5109375