3 0.259375 0.1814479043763631 0.0875 0.04894656010845857
0 0.2734375 0.08370984114464655 0.1765625 0.10258971057599683
7 0.0359375 0.3390625 0.071875 0.315625
7 0.23828125 0.34172687422393794 0.334375 0.30350783684303817
5 0.05703125 0.2921875 0.1140625 0.553125
5 0.21953125 0.28828125 0.4390625 0.5609375
5 0.37734375 0.284375 0.1234375 0.56875
0 0.99296875 0.09609375 0.0140625 0.0171875
5 0.9796875 0.1734375 0.040625 0.175
7 0.68203125 0.1811625998270494 0.034375 0.06426248789975161
7 0.5609375 0.29358585265571974 0.03125 0.0454943071815924
7 0.51484375 0.3086977682485685 0.0375 0.06896816861791084
7 0.5359375 0.3617000484009937 0.0390625 0.07053975897699054
0 0.5203125 0.2563222019917898 0.01875 0.02198408430895533
0 0.565625 0.2513710815784809 0.0203125 0.02511817466803503
0 0.6890625 0.12877794321119113 0.01875 0.023546584308955332
5 0.6796875 0.21086373536566877 0.05625 0.19563975292686636
5 0.55625 0.33111312373295865 0.0515625 0.18779998184962743
5 0.5328125 0.3929682291191529 0.0765625 0.1895079275949012
5 0.5078125 0.3431136748644267 0.0625 0.2019261143631848
8 0.21953125 0.784375 0.4390625 0.43125
5 0.08671875 0.8369313316766768 0.025 0.05795794574527378
7 0.08671875 0.8408375816766768 0.01875 0.03448408430895533
8 0.71953125 0.74765625 0.5609375 0.3578125