0 0.22740464795513837 0.28488145570422296 0.15505222135581712 0.1665158551898025
4 0.13671875 0.53984375 0.2421875 0.1796875
5 0.175 0.40859375 0.35 0.4421875
3 0.19141150926959388 0.4241439436039746 0.0773079346753633 0.0645079275949012
1 0.56640625 0.01796875 0.1515625 0.0359375
4 0.540625 0.1984375 0.35 0.396875
5 0.675 0.31484375 0.65 0.6296875
1 0.175 0.67265625 0.35 0.0859375
4 0.175 0.8203125 0.35 0.359375
5 0.175 0.81484375 0.35 0.3703125
7 0.7390625 0.75390625 0.3125 0.2484375
5 0.75 0.81484375 0.5 0.3703125