2 0.2817067227084526 0.023091024593280274 0.03637385200509069 0.03770907825883123
2 0.29624248472308834 0.13082625654110352 0.10737724267981755 0.0974931444174139
2 0.19921875 0.01328125 0.0328125 0.0265625
2 0.0171875 0.140625 0.034375 0.040625
2 0.03903851205440658 0.11747787060970065 0.0413522533418178 0.06273634933607006
1 0.00390625 0.16953125 0.0078125 0.0234375
1 0.20557148404677056 0.06025520218818157 0.031722714672181594 0.040806807181592394
1 0.16164930872054298 0.11285802742195065 0.12549199069063527 0.1772806383672898
1 0.2923447780474069 0.06443818725926276 0.025327264003817972 0.028270445745273865
1 0.3051095020687241 0.22140580474570548 0.07136701734563573 0.09103406615858275
4 0.190625 0.20390625 0.38125 0.1515625
4 0.23369703138922474 0.12728362090428824 0.04772952267663584 0.07371021077238851
5 0.353125 0.65625 0.1125 0.6875
5 0.24375 0.7 0.309375 0.6
5 0.11796875 0.71171875 0.2359375 0.5765625
3 0.02421875 0.57109375 0.0484375 0.0546875
3 0.18399592870781625 0.5276547629840111 0.056886346674090406 0.05501475292686635
3 0.3435067413669531 0.47125425117835035 0.05059998400699968 0.051853391490547726
2 0.35859375 0.37109375 0.1015625 0.0921875
2 0.16816129602958957 0.4425848713952676 0.06784202800763595 0.05664088544042354
2 0.02265625 0.47421875 0.0453125 0.0734375
4 0.08515625 0.7734375 0.1703125 0.390625
4 0.22189701273072435 0.69619568472518 0.17075104137490715 0.3072226684215192
4 0.3703125 0.671875 0.078125 0.39375
8 0.60859375 0.4578125 0.3984375 0.35625
7 0.9625 0.3890625 0.075 0.21875
5 0.9359375 0.465625 0.128125 0.371875