5 0.11953125 0.209375 0.2390625 0.41875
5 0.06640625 0.2453125 0.1328125 0.346875
1 0.21640625 0.10390625 0.0453125 0.1515625
4 0.14921875 0.2671875 0.1796875 0.303125
4 0.05390625 0.3328125 0.1078125 0.171875
1 0.81875 0.08984375 0.3625 0.1796875
4 0.6515625 0.2453125 0.696875 0.346875
5 0.61953125 0.209375 0.7609375 0.41875
3 0.12380409690018315 0.7333406398402278 0.03769998789975162 0.03459316861791084
3 0.06367057279788221 0.7297843686647931 0.028279536104353475 0.026726126463433177
3 0.015827970436749973 0.7620928746167215 0.028288626463433175 0.028288626463433175
0 0.11630521428843003 0.6794798416356258 0.05970225292686635 0.056595433645025395
0 0.06081373839073088 0.6837087993829523 0.04714771077238851 0.04714771077238851
0 0.01953125 0.71484375 0.0390625 0.0515625
7 0.14978481391908752 0.8331861037358742 0.1653351502711466 0.21970448770335976
7 0.07037911505055572 0.7852122120489348 0.07861587939029953 0.084829517953981
7 0.05 0.85390625 0.1 0.1984375
5 0.13515625 0.81875 0.2078125 0.3625
5 0.08671875 0.82890625 0.1359375 0.3421875
5 0.075 0.83984375 0.15 0.3203125
5 0.028125 0.8390625 0.05625 0.321875
7 0.67265625 0.7328125 0.4890625 0.534375
3 0.565625 0.46015625 0.1375 0.0828125
5 0.61953125 0.709375 0.7609375 0.58125