5 0.50546875 0.25641608811958444 0.05 0.09716589149054773
5 0.59765625 0.24806725693388695 0.025 0.05952044574527395
4 0.60078125 0.26054907621572776 0.0203125 0.03449317466803503
4 0.5046875 0.2751706332991243 0.0203125 0.03605567466803503
2 0.49921875 0.2173899495559029 0.0296875 0.0314227168225127
2 0.59609375 0.23557634729296661 0.01875 0.02198408430895542
2 0.55859375 0.2600132659108774 0.1015625 0.09746587334017516
2 0.50625 0.33515625 0.11875 0.0890625
2 0.3390625 0.2542592113615637 0.0359375 0.037709078258831144
2 0.3515625 0.3453125 0.10625 0.06875
2 0.25703125 0.24301770521324367 0.0328125 0.03144089754067192
2 0.13671875 0.17184266286237423 0.1765625 0.17758971057599685
2 0.07109375 0.365625 0.0359375 0.028125
2 0.09375 0.3484375 0.040625 0.0625
2 0.04296875 0.36328125 0.0390625 0.0328125
1 0.2625 0.29142338895646497 0.03125 0.040806807181592394
1 0.21796875 0.31640625 0.1234375 0.1265625
1 0.34921875 0.29482512402754624 0.025 0.028270445745273865
1 0.58828125 0.340625 0.0734375 0.078125
4 0.2890625 0.35078125 0.046875 0.0578125
1 0.24453125 0.7467592869881162 0.43125 0.2493839391059744
2 0.23046875 0.51328125 0.4609375 0.2671875
4 0.31953125 0.840625 0.6390625 0.31875
5 0.31953125 0.68984375 0.6390625 0.6203125
1 0.81953125 0.84375 0.3609375 0.3125
2 0.81953125 0.55859375 0.3609375 0.2953125
4 0.81953125 0.93671875 0.3609375 0.1265625
5 0.81953125 0.69375 0.3609375 0.6125