1 0.24765625 0.2890625 0.4953125 0.48125
4 0.26953125 0.38671875 0.5390625 0.2859375
5 0.26953125 0.26484375 0.5390625 0.5296875
7 0.91640625 0.18161560188577797 0.1578125 0.3612113146880899
7 0.58984375 0.20078125 0.1015625 0.2296875
0 0.6765625 0.15784393658500379 0.0921875 0.15419769867918126
3 0.9 0.023994005888005175 0.03125 0.04255112667090888
3 0.63828125 0.20438312925686714 0.03125 0.06286362667090888
5 0.62890625 0.28671875 0.1796875 0.4859375
5 0.88984375 0.26484375 0.2203125 0.5296875
1 0.259375 0.86171875 0.51875 0.2765625
2 0.26953125 0.63125 0.5390625 0.203125
5 0.26953125 0.76484375 0.5390625 0.4703125
0 0.73125 0.6372047199236398 0.0296875 0.028470445337363516
5 0.73203125 0.6434456292568671 0.03125 0.039426126670908876