1 0.346875 0.45546875 0.325 0.0890625
2 0.39296875 0.2453125 0.2328125 0.209375
5 0.2546875 0.31796875 0.509375 0.3640625
0 0.98984375 0.16484375 0.0203125 0.0828125
2 0.83671875 0.47578125 0.0546875 0.0484375
5 0.13519589672181564 0.6765625 0.018096566677272198 0.078125
7 0.13737601471990665 0.6625 0.011337489337999784 0.034375
0 0.1308987480505886 0.64296875 0.007921588001272717 0.009375
8 0.2732600654041786 0.7921875 0.165809002705271 0.284375
8 0.2546875 0.75 0.509375 0.5
5 0.10516514075426868 0.915625 0.054143154678544914 0.0875
4 0.0880140034213596 0.91875 0.01604317067154524 0.0359375
8 0.7546875 0.74921875 0.490625 0.4984375
5 0.88359375 0.51875 0.0703125 0.0375