1 0.184375 0.44375 0.36875 0.25
2 0.140625 0.153125 0.28125 0.21875
5 0.25 0.303125 0.5 0.53125
6 0.7063376226130025 0.9625 0.024110209341181486 0.0578125
6 0.8199552272835933 0.93359375 0.014553396005727137 0.0421875
6 0.8685472686187294 0.9203125 0.009774989337999784 0.034375
6 0.975 0.978125 0.03125 0.04375
6 0.996875 0.94921875 0.00625 0.0359375
6 0.5888597686187295 0.9203125 0.008121582670272609 0.0265625
6 0.5185109059516386 0.9234375 0.008121582670272609 0.0265625
6 0.6288671506206385 0.90625 0.008067038669636161 0.021875
6 0.898316584619684 0.91328125 0.008067038669636161 0.021875