1 0.1640625 0.4109375 0.328125 0.3375
2 0.0671875 0.14296875 0.134375 0.2859375
4 0.25 0.4953125 0.5 0.16875
5 0.25 0.28984375 0.5 0.5796875
9 0.54296875 0.0234375 0.0578125 0.046875
9 0.56328125 0.01875 0.0703125 0.0375
9 0.5921875 0.0140625 0.071875 0.028125
9 0.628125 0.00546875 0.0375 0.0109375
9 0.8190505027304745 0.02927284690018315 0.048692030054229375 0.044031801131468117
9 0.9550879966803503 0.045669485660256415 0.06905907220870695 0.05352497579950315
9 0.94609375 0.01796875 0.0453125 0.0359375
9 0.9292931111417309 0.04347572658507008 0.05341589149054791 0.05030907220870704
8 0.7146680506404889 0.21660519613805734 0.12431926483072289 0.1522806383672898
1 0.30703125 0.828125 0.3859375 0.34375
2 0.27734375 0.64765625 0.4453125 0.1359375
4 0.25 0.95390625 0.5 0.0921875
5 0.25 0.78984375 0.5 0.4203125