2 0.3 0.14921875 0.378125 0.1953125
5 0.24453125 0.259375 0.4890625 0.459375
3 0.2828125 0.4140625 0.371875 0.15
5 0.74453125 0.2 0.5109375 0.4
9 0.17421875 0.57421875 0.2609375 0.1703125
6 0.60390625 0.90390625 0.2296875 0.1921875
4 0.9231799874087722 0.7850911975919856 0.05023634933607006 0.04091589149054773
4 0.8653220356133742 0.7769423543060399 0.044040891490547907 0.05025453005422938
2 0.8721351169954634 0.739483260921898 0.02195681323171641 0.01418976502711473
2 0.9315555687908615 0.7476411945669235 0.02509999394987581 0.017332945745273953
5 0.9263913458200286 0.7999531283101448 0.06948631908544911 0.12696247579950315
5 0.8692828277678519 0.7863400802037388 0.05685905405833438 0.10501475292686609