2 0.24453125 0.078125 0.4890625 0.15625
1 0.27890625 0.32734375 0.4515625 0.1828125
5 0.309375 0.209375 0.61875 0.41875
8 0.9328125 0.209375 0.134375 0.41875
8 0.7984375 0.1703125 0.225 0.340625
8 0.65703125 0.11015625 0.0765625 0.1046875
1 0.2625 0.64765625 0.525 0.2953125
4 0.309375 0.87421875 0.61875 0.2515625
5 0.309375 0.709375 0.61875 0.58125
0 0.915625 0.6784548573311019 0.14375 0.07271131303532492
3 0.92578125 0.7332014446651194 0.046875 0.04402271077238851
4 0.75078125 0.7953125 0.2640625 0.209375
5 0.809375 0.8125 0.38125 0.375