1 0.44921875 0.0984375 0.1609375 0.196875
4 0.3859375 0.36875 0.2875 0.4
5 0.2921875 0.284375 0.475 0.56875
9 0.76484375 0.284375 0.4703125 0.56875
0 0.334375 0.63984375 0.14375 0.1421875
7 0.12421875 0.784375 0.2484375 0.43125
7 0.32890625 0.93203125 0.2796875 0.1359375
3 0.3410662780871778 0.8163558705840492 0.07748974801081765 0.08057838534372692
5 0.06875 0.784375 0.1375 0.43125
5 0.15390625 0.784375 0.3078125 0.43125
5 0.36484375 0.784375 0.3296875 0.43125
8 0.84296875 0.8484375 0.3140625 0.303125
7 0.88093784742995 0.9336541006126844 0.025345445337363513 0.029978401336727245
5 0.8730889847628592 0.9306200072804115 0.0426602146721816 0.04111589600572678