5 0.21484375 0.24453125 0.4296875 0.4890625
5 0.6390625 0.24453125 0.371875 0.4890625
8 0.08828125 0.6421875 0.1765625 0.290625
8 0.128125 0.84921875 0.25625 0.3015625
0 0.6039856015755652 0.5866049500715876 0.16455337939029935 0.08628404002227175
3 0.5777912611182898 0.649577117401315 0.03144998789975162 0.03473862667090906
4 0.859375 0.5046875 0.06875 0.03125
4 0.7046875 0.54921875 0.215625 0.1203125
4 0.6557531555357038 0.7567270934118145 0.23721924063022612 0.22305788136536223
5 0.84765625 0.51171875 0.0859375 0.0453125
5 0.6796875 0.6015625 0.253125 0.225
5 0.61171875 0.77265625 0.3640625 0.4484375