4 0.25390625 0.05625 0.1265625 0.1125
4 0.04140625 0.0484375 0.0828125 0.096875
5 0.23984375 0.209375 0.1984375 0.41875
5 0.053125 0.2140625 0.10625 0.428125
0 0.49296875 0.10078125 0.3078125 0.2015625
0 0.7089467113615637 0.1921875 0.17611811416679296 0.1921875
0 0.96875 0.27265625 0.0625 0.1421875
3 0.9671875 0.40859375 0.065625 0.0828125
3 0.710285976683266 0.36484375 0.10836701190385653 0.0953125
3 0.4359375 0.3859375 0.19375 0.128125
5 0.884375 0.32109375 0.23125 0.2578125
5 0.7140625 0.271875 0.36875 0.35625
5 0.49140625 0.225 0.3046875 0.45
6 0.90390625 0.71328125 0.1921875 0.5265625
2 0.78359375 0.49609375 0.1578125 0.0921875
3 0.755307064311871 0.71328125 0.11161018657189174 0.115625
4 0.75390625 0.8765625 0.2703125 0.246875
5 0.765625 0.725 0.46875 0.55