5 0.1515625 0.1109375 0.228125 0.221875
5 0.3421875 0.14296875 0.134375 0.2859375
6 0.02265625 0.5390625 0.0453125 0.409375
3 0.1326383632830302 0.9537223592950191 0.0770079275949012 0.0770079275949012
2 0.15430376414335187 0.7832780490883646 0.11783291549465283 0.11161927693097126
5 0.15 0.8421875 0.3 0.315625
6 0.5448237041330891 0.6484728196746243 0.056877234776493604 0.10813975292686635
6 0.761561231358648 0.5698655097625573 0.03161361436318479 0.06268180718159222
6 0.8809879422292324 0.5512013472929667 0.019013620413308986 0.045421584308955334
6 0.9317191952542945 0.542312160622879 0.01427157825883114 0.03601931323171659
6 0.6448231832522421 0.5135114915139889 0.011101126463433175 0.028188632513557365
6 0.572144207354543 0.5100279432111912 0.012663626463433175 0.028197722872636888
6 0.5119561410977643 0.5049091720357564 0.007957945745273953 0.025045451795398143
6 0.6861703459182245 0.503114346998379 0.011073855386194254 0.023501132513557364
6 0.9637277193565955 0.5382195582617468 0.011073855386194254 0.023501132513557364
9 0.7046875 0.80078125 0.590625 0.3984375