4 0.09375 0.07890625 0.16875 0.1578125
5 0.13046875 0.23984375 0.2609375 0.4796875
5 0.16953125 0.23984375 0.3390625 0.4796875
5 0.309375 0.1859375 0.246875 0.371875
5 0.82109375 0.06015625 0.2609375 0.1203125
1 0.20703125 0.6484375 0.4140625 0.3375
4 0.2546875 0.86953125 0.509375 0.2609375
5 0.2546875 0.73984375 0.509375 0.5203125
1 0.71640625 0.72265625 0.4140625 0.3453125
2 0.68828125 0.51328125 0.3578125 0.0671875
4 0.7546875 0.90859375 0.490625 0.1828125
5 0.7546875 0.73984375 0.490625 0.5203125