1 0.4952028948101974 0.0609375 0.02529998184962743 0.0515625
1 0.33746766286237423 0.04765625 0.03936248184962743 0.0515625
2 0.340625 0.00546875 0.053125 0.0109375
4 0.10390625 0.14140625 0.1203125 0.2828125
4 0.32568930464750956 0.1921875 0.11701582493918146 0.2390625
4 0.49296875 0.24296875 0.0515625 0.3609375
5 0.4609375 0.3328125 0.115625 0.5125
5 0.42109375 0.29453125 0.1953125 0.5890625
5 0.09375 0.29296875 0.1875 0.5859375
5 0.328125 0.29453125 0.203125 0.5890625
8 0.759375 0.3640625 0.48125 0.45
8 0.60625 0.434375 0.175 0.309375
2 0.7079149556060271 0.29921875 0.015752265027114732 0.021875
3 0.7117075761175319 0.31875 0.012554542154477665 0.009375
4 0.7139740580653552 0.33203125 0.02991475897699054 0.0390625
5 0.711371232831586 0.3765625 0.05726812021691714 0.175
3 0.1758665666495621 0.77265625 0.007885222872636887 0.0125
0 0.17285974131759713 0.75234375 0.02519089754067192 0.0328125
4 0.1608091932111911 0.809375 0.026962475799503238 0.06875
5 0.1683398920797229 0.8578125 0.07173059601642037 0.24375
0 0.842953030937992 0.93203125 0.1692863311856975 0.0921875
0 0.8378393258229444 0.73671875 0.13184087334017525 0.1015625
0 0.6143700095661656 0.7421875 0.07053066861791084 0.0375
3 0.8431353590004316 0.76640625 0.04863748789975162 0.034375
3 0.86484375 0.9890625 0.0328125 0.021875
4 0.5920950337666625 0.8109375 0.0723386083130606 0.0796875
4 0.7457922055078312 0.846875 0.22467378883482797 0.2125
5 0.6039092325369985 0.79453125 0.0945681323171657 0.140625
5 0.76953125 0.83515625 0.2734375 0.3296875
5 0.81484375 0.94296875 0.3703125 0.1140625