4 0.10546875 0.159375 0.2109375 0.31875
5 0.225 0.284375 0.45 0.56875
8 0.753125 0.33984375 0.49375 0.3640625
0 0.8796875 0.5640625 0.05 0.009375
0 0.9257109887835144 0.44451969798476904 0.007839771077238922 0.004732951795397966
7 0.9256609918085765 0.45311344798476905 0.015697722872636887 0.012590903590796287
5 0.9279820159108774 0.4570333335233885 0.022056807181592576 0.03137726502711473
0 0.9224405430382404 0.4695015172666098 0.009402271077238922 0.004742042154477844
7 0.927850205704223 0.4796895835233885 0.01570681323171641 0.014153403590796287
5 0.9254882749860638 0.482800947984769 0.0220658975406721 0.03293976502711473
2 0.36875 0.86484375 0.1625 0.1203125
5 0.225 0.88984375 0.45 0.2203125
3 0.81171875 0.94375 0.1953125 0.1125
0 0.79296875 0.6875 0.4078125 0.2375
5 0.725 0.784375 0.55 0.43125