4 0.2421875 0.1375 0.396875 0.275
5 0.29453125 0.21484375 0.5890625 0.4296875
4 0.79453125 0.21484375 0.4109375 0.4296875
5 0.79453125 0.21484375 0.4109375 0.4296875
2 0.96953125 0.44609375 0.0609375 0.0328125
2 0.7479064099300032 0.5435566408031767 0.0601204346753633 0.0644079336450254
3 0.696875 0.45 0.05 0.040625
3 0.8578632126034573 0.49419296593874995 0.04122498400699968 0.05179884933607006
3 0.9494234565961396 0.5486355471244474 0.05225339067472703 0.059674981849627426
4 0.978125 0.83046875 0.04375 0.3390625
4 0.91953125 0.74921875 0.1609375 0.3515625
4 0.8227144112428679 0.694783318398078 0.16017716804581603 0.3384090359079618
4 0.68515625 0.81796875 0.1828125 0.3640625
7 0.67265625 0.62890625 0.1671875 0.3703125
5 0.9546875 0.72890625 0.090625 0.5421875
5 0.89453125 0.71484375 0.2109375 0.5703125
5 0.81640625 0.71484375 0.2703125 0.5703125
5 0.70546875 0.7453125 0.2328125 0.509375
5 0.68984375 0.71484375 0.2015625 0.5703125