1 0.48203125 0.290625 0.2671875 0.196875
2 0.496875 0.0796875 0.278125 0.159375
5 0.38515625 0.19453125 0.5296875 0.3890625
5 0.15390625 0.19453125 0.3078125 0.3890625
5 0.825 0.19453125 0.35 0.3890625
2 0.6068261960398614 0.4470071954169052 0.06591589149054773 0.05076361600890866
2 0.18125 0.41484375 0.071875 0.0515625
1 0.15589495511504778 0.4675431306890444 0.029932939695149673 0.042532945337363334
1 0.22855016335335354 0.737156744032453 0.08001475292686626 0.05717724801081765
1 0.6228324702403583 0.5159480994191324 0.03625566256778665 0.05510567067154515
4 0.12637458499632648 0.7070596166852263 0.20385327048806365 0.39609539202736244
4 0.5881165817748727 0.5741418600811327 0.07713519262201593 0.09932838534372675
5 0.184375 0.459375 0.10625 0.140625
5 0.2171875 0.7359375 0.434375 0.528125
5 0.44609375 0.69453125 0.4078125 0.6109375
5 0.590625 0.52421875 0.11875 0.2203125
2 0.2403921540817755 0.5818152633672712 0.13696471057599685 0.1781442760184536