1 0.0234375 0.16953125 0.046875 0.1140625
1 0.2765625 0.1375 0.10625 0.075
2 0.26484375 0.25859375 0.1296875 0.0484375
2 0.23984375 0.04453125 0.1796875 0.0890625
5 0.0921875 0.2015625 0.184375 0.403125
5 0.2390625 0.078125 0.18125 0.15625
5 0.16484375 0.22109375 0.3296875 0.4421875
7 0.3625 0.12109375 0.065625 0.2421875
4 0.48515625 0.1140625 0.1578125 0.228125
7 0.77890625 0.15859375 0.2640625 0.3171875
5 0.90546875 0.309375 0.1890625 0.61875
5 0.7484375 0.309375 0.425 0.61875
5 0.496875 0.309375 0.334375 0.61875
5 0.375 0.303125 0.090625 0.60625
6 0.01171875 0.9921875 0.0234375 0.015625
9 0.16484375 0.809375 0.3296875 0.38125
4 0.55625 0.84609375 0.3625 0.3078125
4 0.934375 0.86484375 0.13125 0.2703125
3 0.6116919998036082 0.676316018543156 0.10971134328594587 0.0584488251355733
3 0.96015625 0.7234375 0.0796875 0.053125
0 0.94765625 0.665625 0.1046875 0.09375
0 0.58359375 0.6359375 0.2140625 0.034375
5 0.61171875 0.809375 0.5640625 0.38125
5 0.8671875 0.809375 0.265625 0.38125