1 0.272785976683266 0.4621344448615112 0.1819408672900508 0.11980448165323558
1 0.50546875 0.37109375 0.0484375 0.0828125
1 0.42828706382089177 0.3231906404103933 0.10208065046753809 0.08965337334017516
2 0.01953125 0.56328125 0.0390625 0.0546875
2 0.03828125 0.34375 0.0765625 0.125
2 0.3165183168459539 0.33113442973620055 0.27262040944452864 0.12970672247985346
2 0.3842466932111911 0.23855656517662416 0.13799996974937906 0.0867374515990064
2 0.49375 0.22265625 0.071875 0.1078125
5 0.49296875 0.34375 0.0734375 0.346875
5 0.42467625049097923 0.2723866645126942 0.1728567587805987 0.1697499394987579
5 0.28515625 0.43515625 0.4890625 0.4078125
5 0.04140625 0.371875 0.0828125 0.2
5 0.1359375 0.4328125 0.271875 0.4125
4 0.721875 0.071875 0.384375 0.14375
5 0.76484375 0.259375 0.4703125 0.51875
8 0.26484375 0.81953125 0.5296875 0.3609375
8 0.76484375 0.81953125 0.4703125 0.3609375