1 0.03359375 0.39375 0.0671875 0.1125
4 0.33203125 0.2671875 0.4359375 0.365625
1 0.24386012607064966 0.1273736254814745 0.0704943071815924 0.03165906615858276
5 0.325 0.25859375 0.45 0.3828125
5 0.171875 0.296875 0.34375 0.30625
2 0.06953125 0.240625 0.1390625 0.14375
8 0.74453125 0.234375 0.3890625 0.41875
0 0.70625 0.44609375 0.05 0.0078125
0 0.734508893730043 0.3258924178323439 0.007839771077238922 0.004732951795398144
7 0.736116845525441 0.3337140081914235 0.015706813231716587 0.014153403590796287
5 0.7384833214231401 0.337633893730043 0.02519089754067192 0.032957945745273776
0 0.735431044295777 0.35011571301188377 0.009402271077238922 0.004742042154477844
7 0.7409543364502547 0.35952252926866235 0.017278403590796288 0.01572499394987581
5 0.7394100171684139 0.36263843890958275 0.02519998789975162 0.03452044574527378
2 0.44898396330647117 0.7984315349260032 0.06438975292686636 0.056622704722264314
2 0.31447715309981683 0.774993514045156 0.056586343285945875 0.05813975292686635
2 0.2167436350476401 0.7611441166026799 0.06596134328594587 0.05819429508134384
2 0.15528902634179617 0.9404680022394952 0.05504202400410509 0.06125566256778683
0 0.06445897238165763 0.7704140565924172 0.08488406010845857 0.08799087939029944
3 0.0790805294650541 0.8665896198241338 0.04719316256778665 0.05496021077238851
3 0.23531234874689488 0.8643736557320956 0.03778180113146821 0.048655668617910666
3 0.33308222823539013 0.8844730531745716 0.04876475292686635 0.056531801131468384
3 0.4637009691602037 0.9110133481577197 0.04561248184962743 0.05182612041330899
4 0.371875 0.95234375 0.15625 0.0953125
4 0.26796875 0.94609375 0.1515625 0.1078125
7 0.1078125 0.934375 0.178125 0.13125
5 0.4546875 0.87890625 0.190625 0.2421875
5 0.3734375 0.86796875 0.265625 0.2640625
5 0.26640625 0.86171875 0.2640625 0.2765625
5 0.12109375 0.859375 0.2421875 0.28125
8 0.690625 0.64375 0.28125 0.3875