1 0.19840322208707004 0.17732400663929937 0.1599022408266178 0.09155221662612104
1 0.03984375 0.0671875 0.0796875 0.071875
1 0.48984375 0.11953125 0.0984375 0.0578125
2 0.4828125 0.23125 0.1125 0.03125
2 0.45234375 0.0328125 0.1734375 0.065625
2 0.1406947403356385 0.06124955474570548 0.24737496974937895 0.0873737767345796
2 0.06640625 0.0078125 0.1203125 0.015625
5 0.05234375 0.0453125 0.1046875 0.090625
5 0.196875 0.16953125 0.39375 0.3203125
5 0.453125 0.0640625 0.171875 0.128125
5 0.38125 0.16484375 0.315625 0.3296875
4 0.82265625 0.16484375 0.2859375 0.3296875
5 0.8 0.16484375 0.4 0.3296875
6 0.33043447208707005 0.6757104679026672 0.030269282981095456 0.10017271682251269
6 0.4896367552645572 0.6450957512765463 0.023864746876741803 0.07357385538619425
6 0.19594986689726746 0.5233626936039746 0.011164758976990541 0.039126132513557364
6 0.0810106681269315 0.5076245849963265 0.009584078258831142 0.03599204215447767
6 0.4257328156676035 0.5384326608192708 0.009565897540672098 0.032867042154477666
6 0.34212088494944426 0.5357939950300303 0.009574987899751619 0.03442954215447767
6 0.3365657765381879 0.5209820612868089 0.0063954457452737755 0.025036361436318443
6 0.2607481651018694 0.5151729437021705 0.007985216822512697 0.029732951795398144
6 0.13801464704969266 0.5026052868899205 0.007967036104353476 0.026607951795398144
6 0.5272271379745064 0.5261230374790956 0.00634999394987581 0.017223861436318443
6 0.01171875 0.7703125 0.0234375 0.16875
6 0.04339703863843632 0.48831150361423725 0.00800339754067192 0.032857951795398146
6 0.36546293617910824 0.519251389643836 0.007976126463433176 0.028170451795397965
6 0.4990885024358869 0.5239429139425287 0.007948855386194253 0.023482951795397965
6 0.02690443022717992 0.47356320238457333 0.006340903590796199 0.015661361436318445
6 0.05118681274073715 0.4843598018188392 0.0063772650271147315 0.021911361436318444
6 0.05900840309981685 0.48587685002344116 0.006368174668035032 0.020348861436318443
6 0.11137942417705568 0.4902598229942739 0.006368174668035032 0.020348861436318443
6 0.13171465007475475 0.49404789832623885 0.006368174668035032 0.020348861436318443
6 0.1872106711519937 0.49841269057891247 0.0063772650271147315 0.021911361436318444
6 0.23176464704969266 0.5020598653451434 0.00634999394987581 0.017223861436318443
6 0.2419163518701528 0.5012195280111259 0.00634999394987581 0.017223861436318443
6 0.22466067417705568 0.4896007719610016 0.004769313231716588 0.014089771077238921
6 0.25201805971567515 0.4917854406771083 0.004751132513557366 0.010964771077238922
6 0.28256862294739166 0.5056706786750558 0.004796584308955331 0.018777271077238922
6 0.29584078258831215 0.504030910622879 0.006359084308955332 0.018786361436318445
6 0.3310061229473916 0.5053888775435876 0.004787493949875809 0.01721477107723892
6 0.3153311259724537 0.4968860311343838 0.004760222872636888 0.012527271077238744
6 0.3419663488450907 0.5092314950300303 0.006368174668035032 0.020348861436318443
6 0.383413505460949 0.5160218505144204 0.0063863553861942535 0.023473861436318445
6 0.39434646028140924 0.5151769680008631 0.007939765027114732 0.021920451795398144
6 0.27233055971567516 0.49166726600907323 0.004760222872636888 0.012527271077238921
6 0.41074361992232955 0.5135190192305271 0.007957945745273776 0.025045451795398143
6 0.41618964402463055 0.5095809529737485 0.006359084308955332 0.018786361436318445
6 0.44436009582002856 0.5172298265103153 0.0063681746680352095 0.020348861436318443
6 0.47182202048806376 0.537383245226422 0.00797612646343282 0.028170451795398142
6 0.5342538427949666 0.5253008808632373 0.004787493949875455 0.01721477107723892
6 0.53671875 0.521875 0.0046875 0.015625
1 0.7703125 0.61953125 0.459375 0.2171875
2 0.70703125 0.40859375 0.3359375 0.1484375
4 0.76953125 0.871875 0.4609375 0.25625
5 0.76953125 0.66484375 0.4609375 0.6703125