1 0.35703125 0.33984375 0.0859375 0.1265625
4 0.11640625 0.3421875 0.2328125 0.425
1 0.07306181274073724 0.13817906329568355 0.06889544574527387 0.02579997867599957
4 0.275 0.4546875 0.25 0.165625
5 0.121875 0.33828125 0.24375 0.4421875
5 0.22265625 0.33125 0.3546875 0.421875
2 0.3 0.18515625 0.2 0.1140625
6 0.9254101079202771 0.0751570638924595 0.027035198672140125 0.0815590826702726
6 0.96875 0.01328125 0.015625 0.0265625
6 0.7853583214231401 0.3096149745783222 0.06197380093507654 0.1788340720082724
9 0.859375 0.44765625 0.28125 0.2234375
8 0.2 0.7796875 0.4 0.440625
4 0.8855522015008106 0.6165473219287305 0.07248405405833439 0.10552384134309048
5 0.9140625 0.69375 0.159375 0.26875