1 0.146875 0.26640625 0.29375 0.4859375
5 0.225 0.2546875 0.45 0.509375
6 0.5363000319860006 0.06059643340226954 0.017642033338636055 0.03926249466899989
6 0.573954573321137 0.04775153540736023 0.012863626670908878 0.03139545066836356
6 0.5990545706556369 0.039448686744087344 0.012863626670908878 0.03139545066836358
6 0.915625 0.3640625 0.15625 0.290625
6 0.6673858526416374 0.14338275608685963 0.052671561346272 0.09591248400699967
6 0.7212744686505462 0.07837592142740477 0.030378390674726852 0.059720445337363426
6 0.7458204826543642 0.05053273209735916 0.02400112133990877 0.04871022000318166
6 0.7661875266550006 0.046081589433449935 0.017660214672181596 0.040824994668999894
6 0.7726920653246367 0.024279314767631722 0.017532945337363513 0.02988749466899989
6 0.76328125 0.01484375 0.0171875 0.0296875
6 0.6178863866565913 0.032635612746632695 0.01124658267027261 0.026689769334818127
6 0.651525589990455 0.029120261417859748 0.011210220003181703 0.023564769334818124
9 0.725 0.2546875 0.55 0.509375
8 0.19140625 0.759375 0.3828125 0.48125
8 0.49296875 0.59609375 0.0859375 0.1734375
5 0.7539847819462298 0.6144561353834976 0.054524962682999244 0.12093066534054522
4 0.7470898919478206 0.6026555693825432 0.02712612133990877 0.04874658267027261
0 0.7350080626193658 0.5665726187141796 0.011064769334818082 0.011064769334818082