8 0.8640625 0.209375 0.271875 0.41875
1 0.3125 0.8234375 0.49375 0.3
2 0.27890625 0.5625 0.5578125 0.2875
5 0.2796875 0.709375 0.559375 0.58125
4 0.2796875 0.91953125 0.559375 0.1609375
9 0.6552844811622563 0.7482223139190877 0.10407039734428025 0.16309996369925486
9 0.5921875 0.72734375 0.065625 0.0984375
7 0.7263055082896195 0.735308702580965 0.14081693930236625 0.302371541958086
7 0.8676253998783631 0.7196422750842597 0.08234084308955403 0.18797269867214023
0 0.7679788821207738 0.5124024677062755 0.06457156010845858 0.08787270472226431
0 0.87299818022718 0.568824663647941 0.028397710772388507 0.047038626463433174
5 0.86015625 0.7640625 0.1578125 0.471875
5 0.7578125 0.709375 0.3375 0.58125