8 0.6265625 0.43515625 0.175 0.1078125
9 0.5984375 0.08515625 0.11875 0.1703125
0 0.775 0.1735754180287356 0.0203125 0.01886817466803503
5 0.784375 0.2533174601832133 0.0671875 0.18320338544042353
1 0.2703125 0.83125 0.5375 0.3375
2 0.26953125 0.59375 0.5390625 0.209375
4 0.26953125 0.9125 0.5390625 0.175
5 0.26953125 0.74453125 0.5390625 0.5109375
1 0.65390625 0.5538310654712117 0.084375 0.09424087939029935
7 0.678125 0.7250657160369458 0.23125 0.2950953731437835
5 0.74296875 0.74453125 0.4078125 0.5109375