2 0.4244565192305272 0.5356719388113869 0.03303975897699054 0.03925339754067192
4 0.4328125 0.6046875 0.053125 0.06875
5 0.43359375 0.5734375 0.1140625 0.13125
5 0.1640625 0.61171875 0.2125 0.0546875
1 0.5875 0.16171875 0.096875 0.2640625
4 0.7296875 0.45390625 0.38125 0.3703125
5 0.76953125 0.31953125 0.4609375 0.6390625
8 0.22109375 0.81953125 0.4421875 0.3609375
8 0.32734375 0.9 0.4234375 0.2
1 0.7765625 0.703125 0.446875 0.128125
4 0.76953125 0.85078125 0.4609375 0.2984375
5 0.76953125 0.81953125 0.4609375 0.3609375