9 0.1265625 0.21094078405472477 0.103125 0.09026246801399936
9 0.26796875 0.23992994474058751 0.215625 0.1525090240292714
0 0.4015625 0.06101569875872306 0.034375 0.047274989337999784
0 0.24375 0.01875 0.0625 0.0375
7 0.40234375 0.19305603942549573 0.08125 0.1587579293443632
7 0.225 0.21286745806808777 0.1328125 0.27810791335136287
3 0.403125 0.10009638009226847 0.0265625 0.02687158267027252
5 0.2234375 0.29453125 0.225 0.5890625
5 0.4046875 0.2796875 0.1625 0.559375
5 0.7390625 0.07578125 0.1375 0.1515625
8 0.171875 0.73828125 0.34375 0.2984375
8 0.2578125 0.7551100494111782 0.28125 0.3142101400381801
9 0.50546875 0.92734375 0.0671875 0.0421875
7 0.66171875 0.69296875 0.2078125 0.2078125
5 0.6921875 0.79453125 0.30625 0.4109375