3 0.1631567173774525 0.10226349941082483 0.03030566534054522 0.0532977168225127
7 0.084375 0.140625 0.16875 0.175
0 0.1829601400381801 0.05863167407885985 0.057449968013999354 0.10345225292686626
5 0.1171875 0.14609375 0.234375 0.2859375
8 0.4171875 0.51640625 0.365625 0.4546875
8 0.2375 0.7015625 0.475 0.596875
4 0.8978151700747693 0.6067116675377563 0.13523061736154424 0.20858518052176755
4 0.7072538047421784 0.6110713937300429 0.11479084802672598 0.19752950585373236
2 0.6930714840467707 0.39928446603694584 0.07905224801081764 0.0801420179539809
3 0.6973146360598155 0.49539639675510505 0.055287484006999676 0.05188066256778665
5 0.7546875 0.64140625 0.309375 0.5921875
5 0.90390625 0.7296875 0.1921875 0.540625
5 0.98046875 0.640625 0.0390625 0.525