9 0.109375 0.02421875 0.06875 0.0484375
9 0.06484375 0.0296875 0.0890625 0.059375
8 0.090625 0.11709166725018565 0.0671875 0.10234429734245412
8 0.10546875 0.1796875 0.2109375 0.359375
0 0.3609375 0.05300879654682369 0.0078125 0.009465906667727175
0 0.32890625 0.02213151388450534 0.009375 0.011046588001272718
4 0.3046875 0.06694457455445972 0.0140625 0.039226132001908984
2 0.3046875 0.032569574554459725 0.009375 0.011046588001272718
5 0.30859375 0.0653366212205961 0.0234375 0.0768352200031817
7 0.33203125 0.04865765121741443 0.01875 0.03459317600254534
7 0.3515625 0.06796163454809637 0.0140625 0.022038632001908986
5 0.35234375 0.06482754388132364 0.021875 0.02994203866963625
5 0.334375 0.049411629217096256 0.021875 0.07056703866963625
7 0.315625 0.08556730521964155 0.009375 0.017296588001272716
5 0.31640625 0.07852696455286887 0.0125 0.03452045066836353
8 0.68984375 0.21875 0.6203125 0.340625
5 0.13515625 0.98515625 0.0484375 0.0296875
8 0.28671875 0.85 0.1796875 0.3
8 0.18984375 0.69453125 0.3796875 0.6109375
9 0.0171875 0.8046875 0.034375 0.10625
7 0.10703125 0.7525864612905929 0.0140625 0.039226132001908984
0 0.115625 0.730611463956093 0.009375 0.011046588001272539
5 0.11015625 0.766612598623502 0.0234375 0.08621022000318171
5 0.61796875 0.69453125 0.4765625 0.6109375
4 0.5875 0.83125 0.396875 0.3375
1 0.578125 0.45859375 0.1875 0.1390625