8 0.334375 0.225 0.45 0.45
2 0.6078125 0.3875 0.096875 0.096875
5 0.74609375 0.2953125 0.3734375 0.309375
5 0.27421875 0.725 0.5484375 0.55
4 0.18984375 0.77890625 0.3796875 0.4421875
1 0.1078125 0.571875 0.215625 0.24375
3 0.7167723992282321 0.88203125 0.007994313335454351 0.015625
2 0.9097956932288686 0.87734375 0.01266363200190881 0.0140625
2 0.9363309212285502 0.8796875 0.011082950668363623 0.0125
2 0.7053354598981865 0.8578125 0.015861357336090797 0.0203125
2 0.7153371685630503 0.87109375 0.012699994668999893 0.0171875
3 0.9080968332272775 0.8890625 0.00793976933481808 0.0109375
3 0.9338053578930958 0.8953125 0.007903406667727353 0.0078125
4 0.7021553685550961 0.9296875 0.02901588534372692 0.0765625
4 0.6936434345560505 0.92265625 0.01956816000954511 0.0703125
4 0.6899008165579595 0.90859375 0.022784066677272286 0.078125
2 0.7067343278962775 0.871875 0.009556813335454351 0.015625
5 0.68671875 0.921875 0.0609375 0.15625
5 0.6921875 0.93125 0.065625 0.1375
5 0.70859375 0.93203125 0.0671875 0.1359375
5 0.925 0.934375 0.05 0.13125
5 0.903125 0.934375 0.05625 0.13125