5 0.744516685908686 0.3688155732888615 0.020657945337363516 0.02980567466803503
7 0.7476144139083678 0.37114114257070224 0.011173857336090798 0.020376132513557365
8 0.7286553285725953 0.3892189768796577 0.19422490404199805 0.31048402380771345
9 0.88515625 0.0203125 0.1296875 0.040625
9 0.7875 0.01953125 0.1 0.0390625
9 0.70546875 0.01640625 0.0921875 0.0328125
8 0.6953125 0.17421875 0.2125 0.3484375
7 0.51171875 0.6015625 0.0203125 0.025
5 0.49453125 0.64375 0.0703125 0.109375
8 0.325 0.78515625 0.528125 0.3921875
5 0.7729518632638668 0.670442747564113 0.014535214672181596 0.040706813231716585
8 0.85 0.678125 0.13125 0.178125
8 0.79453125 0.79453125 0.4109375 0.4109375