6 0.5947842174116879 0.2421875 0.009593168617910663 0.0375
6 0.7433717083365016 0.21640625 0.009574987899751619 0.034375
6 0.7769972745932803 0.2109375 0.009556807181592398 0.03125
6 0.6355228469001831 0.22265625 0.009565897540671919 0.0328125
6 0.7887251149523599 0.209375 0.007985216822512697 0.0296875
6 0.9412143106976337 0.184375 0.00793067466803521 0.0203125
6 0.8771245396203948 0.1890625 0.006359084308955687 0.01875
6 0.8185035185431561 0.19375 0.006359084308955332 0.01875
6 0.7660734101318998 0.20859375 0.0063772650271147315 0.021875
6 0.7505029522863774 0.19921875 0.006359084308955332 0.01875
6 0.6996989763886784 0.203125 0.00634999394987581 0.0171875
6 0.6870535306434045 0.228125 0.011128397540672097 0.0328125
6 0.6910234131569618 0.2171875 0.0063772650271147315 0.021875
6 0.6933853438751211 0.2140625 0.004796584308955331 0.01875
6 0.6520154553114395 0.2078125 0.006340903590796287 0.015625
6 0.6269518227978821 0.21875 0.0063772650271147315 0.021875
6 0.6183444372592628 0.22109375 0.006368174668035032 0.0203125
1 0.359375 0.5296875 0.440625 0.271875
2 0.33828125 0.36640625 0.4828125 0.0328125
4 0.28984375 0.8453125 0.5796875 0.309375
5 0.28984375 0.675 0.5796875 0.65
4 0.8765625 0.83671875 0.190625 0.3265625
3 0.8840143681738137 0.62578125 0.05347043364502539 0.059375
2 0.8838012656162899 0.528125 0.07227497579950323 0.06875
5 0.8515625 0.74296875 0.225 0.5140625