0 0.078125 0.16171875 0.15625 0.3234375
5 0.07890625 0.29453125 0.1578125 0.5890625
8 0.684375 0.3 0.63125 0.6
8 0.55546875 0.27265625 0.3734375 0.5453125
0 0.5103765021412994 0.2856350564942213 0.015706813231716587 0.01415340359079611
3 0.5096816105525557 0.3004742613146815 0.011001132513557365 0.011001132513557365
4 0.5050850141433518 0.3160719902374426 0.02363748789975162 0.03451135538619425
5 0.4980764900410509 0.3199373336215844 0.05364315046753809 0.08937157220870695
0 0.184375 0.87109375 0.36875 0.2546875
5 0.184375 0.84609375 0.36875 0.3078125
6 0.5660543304001305 0.8078600353187866 0.03938066256778665 0.05491475897699054
9 0.89453125 0.8 0.2109375 0.4
9 0.5015625 0.8 0.265625 0.4