8 0.275 0.4953125 0.55 0.609375
8 0.38828125 0.153125 0.3234375 0.30625
7 0.9196564315037261 0.35457178698811626 0.015752265027114732 0.02196590359079629
5 0.9189160881195845 0.3475450821676561 0.020576120413308984 0.045430674668035034
8 0.775 0.365625 0.45 0.73125
8 0.7984375 0.3140625 0.403125 0.603125
1 0.16640625 0.9 0.3328125 0.2
5 0.275 0.9 0.55 0.2
8 0.775 0.9 0.45 0.2
8 0.928125 0.92734375 0.14375 0.1453125
5 0.55859375 0.97109375 0.0171875 0.0578125
8 0.7285234131569618 0.945324052015231 0.14278746369925485 0.10395222267624504