8 0.57109375 0.328125 0.1828125 0.20625
8 0.9015625 0.50078125 0.196875 0.4046875
8 0.73984375 0.3953125 0.5203125 0.646875
3 0.628125 0.30941292407885984 0.009375 0.010992042154477666
2 0.62578125 0.2929930385402404 0.0140625 0.018831813231716586
4 0.62265625 0.33203735782208116 0.01875 0.03760908430895551
5 0.62890625 0.3258237192583996 0.0375 0.08771816861791085
8 0.13359375 0.8629419241770556 0.2 0.205851065962191
8 0.23984375 0.859375 0.4796875 0.28125
3 0.1984375 0.8437879240788598 0.009375 0.010992042154477489
2 0.19609375 0.8273680385402404 0.0140625 0.01883181323171641
4 0.19296875 0.8664123578220811 0.01875 0.037609084308955334
5 0.19921875 0.8601987192583996 0.0375 0.08771816861791101
8 0.6515625 0.77421875 0.34375 0.1109375