6 0.04438788777811462 0.13521689997655884 0.03621930113146821 0.04864657825883114
9 0.24453125 0.21484375 0.4890625 0.4296875
5 0.05234375 0.21484375 0.1046875 0.4296875
1 0.5640625 0.31171875 0.15 0.1265625
1 0.8949736950579028 0.31449235128097774 0.16769656010845857 0.08847266842151917
2 0.853125 0.41484375 0.153125 0.0296875
2 0.8734375 0.20703125 0.253125 0.1359375
2 0.56640625 0.17578125 0.1546875 0.1390625
5 0.6359375 0.24765625 0.29375 0.3640625
5 0.86875 0.23671875 0.2625 0.2109375
5 0.7671875 0.253125 0.465625 0.353125
7 0.0890625 0.6453125 0.178125 0.340625
3 0.07645848175143151 0.5007777465821543 0.04572156615858276 0.07057612041330899
0 0.10859375 0.46796875 0.1140625 0.0765625
5 0.12421875 0.71484375 0.2484375 0.5703125
9 0.7942242613146815 0.49574637557967033 0.11621587334017507 0.10223518657189175
9 0.63984375 0.49609375 0.2421875 0.1328125
7 0.69296875 0.52265625 0.1640625 0.1859375
5 0.66796875 0.7078125 0.3078125 0.55625
5 0.5453125 0.6 0.1125 0.340625