8 0.18984375 0.42578125 0.3796875 0.4859375
8 0.68984375 0.4125 0.6203125 0.5125
0 0.8961643893492484 0.3917376785885036 0.03455680718159222 0.031649989337999784
3 0.8936342869881162 0.4237962005888217 0.01731476502711473 0.02207499466899989
7 0.9122297508837628 0.4501405245862764 0.06300906010845857 0.08822725334181776
5 0.8940291967272325 0.49019335992204904 0.10761355386194253 0.23561133068109025
7 0.15625 0.834375 0.3125 0.33125
5 0.165625 0.834375 0.33125 0.33125
9 0.683246232831586 0.748750199912504 0.034556807181592396 0.031649989337999784
9 0.7270189587292851 0.7443348725732315 0.029842036104353476 0.026907945337363515
9 0.7567473653451433 0.7369581772358681 0.03453862646343318 0.028524989337999785
8 0.8487166967272326 0.7733854785566868 0.03462043969514994 0.04258748933799979
0 0.7832098713952675 0.7538365945655956 0.02210225897699054 0.039317038669636165
0 0.7631877420049682 0.8384388612349136 0.02210225897699054 0.039317038669636165
4 0.7657905672387373 0.7938803392345954 0.030078385440423537 0.06753294533736351
4 0.7549889017440844 0.9049360179026408 0.02860678903121965 0.08313976400381798
5 0.7633513684684013 0.8103138612349137 0.054006764830722885 0.15218066534054522
5 0.7453125 0.90859375 0.075 0.1828125
3 0.7614661607210749 0.865800792568459 0.010992042154477666 0.00950226933481808