4 0.5484375 0.03984375 0.15625 0.0796875
5 0.55078125 0.26953125 0.2171875 0.5390625
0 0.8482799813586481 0.22109375 0.007848861436318444 0.00625
0 0.8553294120768072 0.22421875 0.007867042154477843 0.009375
7 0.8507009994108248 0.234375 0.009465903590795932 0.015625
7 0.8593174753085238 0.23828125 0.012627265027114731 0.021875
5 0.8601078156676035 0.23984375 0.017432939695149585 0.0421875
5 0.849965201206223 0.2421875 0.022165891490547908 0.05
1 0.415625 0.875 0.4875 0.25
2 0.3703125 0.65625 0.578125 0.234375
5 0.3296875 0.76953125 0.659375 0.4609375
8 0.8292764930661131 0.73359375 0.048855656517662285 0.071875
6 0.9022281797362005 0.784375 0.007903403590796287 0.015625
6 0.9300400832288009 0.86484375 0.009511355386194253 0.0234375
6 0.955916781999137 0.88125 0.011101126463433175 0.028125
6 0.9320111285065366 0.80078125 0.00791249394987581 0.0171875
7 0.9854224748175445 0.85 0.00945681323171641 0.0140625
7 0.9674355440993854 0.846875 0.007885222872636887 0.0125
7 0.9611946344584649 0.8484375 0.009465903590796288 0.015625
0 0.9830150923039872 0.8390625 0.006286361436318444 0.00625
5 0.9870122458947833 0.8546875 0.015843168617910665 0.0375
5 0.9698156555357038 0.853125 0.015834078258831142 0.0359375
5 0.9627980410743232 0.85546875 0.01584316861791102 0.0375
5 0.8680804387131911 0.8234375 0.014226126463433176 0.028125
0 0.7929213574292977 0.79609375 0.004705680718159222 0.003125
5 0.7945293092246958 0.80390625 0.012627265027114731 0.021875
6 0.8952741977883774 0.79765625 0.009456813231716765 0.0140625
6 0.9412861345566608 0.78359375 0.00791249394987581 0.0171875
7 0.8872389839909267 0.759375 0.0063045421544778435 0.009375
5 0.8888242098886258 0.76328125 0.011064765027114731 0.021875
8 0.9058708093228918 0.7390625 0.028370439695149584 0.0421875
9 0.8768418394753169 0.71796875 0.028270445745273775 0.025
9 0.8590094448615112 0.74140625 0.032985216822512695 0.0296875
7 0.6723821193331544 0.89140625 0.0063045421544778435 0.009375
5 0.6723912096922341 0.89296875 0.011064765027114731 0.021875