5 0.209375 0.259375 0.41875 0.51875
2 0.66015625 0.078125 0.4828125 0.15625
3 0.675 0.3421875 0.5125 0.265625
5 0.709375 0.259375 0.58125 0.51875
8 0.21953125 0.896875 0.3703125 0.20625
8 0.29355962334017516 0.5998479255517978 0.1602749455488821 0.15561471662612103
4 0.30638791802873566 0.9247842930382404 0.015761355386194255 0.023528403590796287
2 0.3101759933607006 0.9044490671405414 0.007867042154477666 0.009420451795397966
5 0.30557030659241724 0.9185388382177802 0.02991475897699054 0.0392352168225127
7 0.877422580694718 0.8292132386853185 0.036337475799503235 0.06895907825883114
0 0.889545330792914 0.7642967658126816 0.022093168617911017 0.037627265027114734
5 0.85390625 0.86796875 0.1015625 0.2640625
8 0.7203125 0.759375 0.559375 0.48125