7 0.384375 0.17109375 0.109375 0.1953125
3 0.38836142397359213 0.08046875 0.031795440006363404 0.046875
0 0.38359375 0.0203125 0.0515625 0.040625
5 0.3953125 0.3046875 0.0875 0.609375
8 0.6830268446053664 0.371875 0.4531282840547247 0.403125
8 0.5578125 0.45859375 0.2375 0.3015625
8 0.21953125 0.80390625 0.4390625 0.3890625
7 0.45930808127786615 0.79921875 0.014389764003817973 0.028125
0 0.45800921061427513 0.7765625 0.006359088001272717 0.009375
5 0.4567916086091845 0.8140625 0.01973179201145392 0.084375
5 0.8256881539624562 0.6671875 0.006540901336727245 0.025
8 0.818629631962138 0.66953125 0.06210110534690836 0.1
9 0.7894142992918656 0.69609375 0.022293170671545327 0.0359375
9 0.7508785106222293 0.71796875 0.0477113413430903 0.071875
7 0.8111711206238201 0.70625 0.0064681760025454334 0.01875
5 0.8110711232893202 0.71484375 0.008430665340545217 0.053125
8 0.61484375 0.88515625 0.1671875 0.2296875
8 0.6171875 0.8046875 0.35625 0.390625
8 0.9390625 0.6203125 0.01875 0.021875
9 0.8953125 0.61328125 0.0125 0.0078125
9 0.884375 0.6171875 0.0125 0.015625
9 0.8745892779678652 0.62734375 0.01587953866963616 0.021875
9 0.8590460939688196 0.6203125 0.014280676002545433 0.01875