8 0.84453125 0.209375 0.3109375 0.41875
4 0.1078125 0.77421875 0.215625 0.4515625
5 0.1734375 0.709375 0.346875 0.58125
0 0.9581271591499411 0.6934889839909267 0.07842498184962743 0.05201701795398091
0 0.7041481862773041 0.6795118006404889 0.09251475292686635 0.056786331185697494
0 0.99296875 0.69375 0.0140625 0.021875
3 0.9388322584860112 0.7340003545024315 0.039198855386194255 0.02366475897699054
3 0.6996970356133743 0.72010952956325 0.039198855386194255 0.02366475897699054
7 0.6814288246445939 0.8028129452542945 0.13536584913967822 0.17109427088084708
7 0.9421875 0.83125 0.115625 0.1875
4 0.98984375 0.75234375 0.0203125 0.0703125
5 0.9921875 0.721875 0.015625 0.078125
5 0.93125 0.83125 0.1375 0.3375
5 0.6640625 0.8234375 0.190625 0.353125