8 0.19453125 0.2046875 0.3890625 0.409375
0 0.77089077956325 0.15078125 0.03458407825883114 0.0359375
0 0.8576640717177277 0.16015625 0.037727258976990544 0.0390625
0 0.9498970235131257 0.16796875 0.039280668617910665 0.0375
0 0.7170845235131258 0.16796875 0.03615566861791084 0.0375
0 0.49651749345889645 0.12421875 0.03614657825883114 0.0359375
0 0.5510913639704013 0.1046875 0.03303066861791084 0.0375
0 0.8156583788993201 0.19140625 0.039307939695149584 0.0421875
0 0.5833589633064713 0.1453125 0.03460225897699054 0.0390625
0 0.6794708940246306 0.1484375 0.03303066861791084 0.0375
0 0.8853214391059744 0.2140625 0.040843168617910666 0.0375
0 0.6457544241770556 0.12734375 0.03303066861791084 0.0375
0 0.43736975243588694 0.16328125 0.04737496974937905 0.0859375
0 0.6240975927949666 0.16484375 0.03619203005422929 0.04375
0 0.9673572342855141 0.21484375 0.047129530054229464 0.04375
3 0.9566606288011241 0.25625 0.02509999394987581 0.0171875
3 0.9422845114128773 0.20234375 0.02200226502711473 0.021875
3 0.8761555173648057 0.25 0.02041249394987581 0.0171875
3 0.8523998547970191 0.1953125 0.02667158430895533 0.01875
3 0.8096447282353901 0.23203125 0.028252265027114733 0.021875
3 0.766416903001621 0.1875 0.023555674668035032 0.0203125
3 0.7126333728491959 0.20859375 0.02981476502711473 0.021875
3 0.6749833819243822 0.1828125 0.023546584308955332 0.01875
3 0.6443782765381878 0.159375 0.020430674668035033 0.0203125
3 0.6204322373105764 0.20625 0.026707945745273777 0.025
3 0.5765186108471433 0.178125 0.022011355386194253 0.0234375
3 0.5473941922292325 0.140625 0.023564765027114732 0.021875
3 0.5266367855151783 0.1984375 0.023564765027114732 0.021875
3 0.4920617976154267 0.1640625 0.02512726502711473 0.021875
3 0.4615066892041703 0.14921875 0.01884999394987581 0.0171875
3 0.43672940300162094 0.1875 0.02200226502711473 0.021875
3 0.39765625 0.16484375 0.0171875 0.0203125
0 0.4046875 0.1234375 0.03125 0.0375
0 0.44192998740877226 0.14140625 0.03928066861791084 0.0375
0 0.4659760205862595 0.11171875 0.033003397540672094 0.0328125
0 0.533436231358648 0.15859375 0.03928975897699054 0.0390625
7 0.4046875 0.23203125 0.03125 0.1453125
7 0.43046875 0.265625 0.0828125 0.159375
7 0.4648180415653025 0.18125 0.029932939695149586 0.0421875
7 0.4760827944921687 0.2375 0.07585449375348415 0.146875
7 0.5161401679305397 0.27421875 0.08994426483072289 0.1515625
7 0.5374697463857627 0.18046875 0.0628545240041051 0.0609375
7 0.5699009721852659 0.24921875 0.07415563836728971 0.1234375
7 0.6169441438282389 0.278125 0.10085449375348396 0.146875
7 0.6484708788993201 0.19140625 0.026707945745273777 0.025
7 0.6634418939264346 0.21328125 0.059674981849627426 0.0515625
7 0.7005197131100795 0.275 0.09453177088084708 0.134375
7 0.7574736950579029 0.26171875 0.08040563836728971 0.1234375
7 0.8511055203898679 0.24140625 0.03299430718159222 0.03125
7 0.9277680143397437 0.25859375 0.05200792759490121 0.0765625
7 0.9515625 0.3359375 0.096875 0.146875
7 0.8773958304983264 0.32890625 0.08995335518980241 0.153125
5 0.9265625 0.27734375 0.13125 0.2640625
5 0.9375 0.3 0.125 0.21875
5 0.87109375 0.3015625 0.1203125 0.215625
5 0.83359375 0.27421875 0.0953125 0.2703125
5 0.8 0.2875 0.13125 0.24375
5 0.74609375 0.26875 0.1203125 0.28125
5 0.69609375 0.275 0.1421875 0.26875
5 0.65546875 0.26640625 0.1078125 0.2859375
5 0.6467038458200287 0.15625 0.04901928298109546 0.1
5 0.6046875 0.27265625 0.146875 0.2734375
5 0.56171875 0.265625 0.1046875 0.2875
5 0.5427339633064714 0.1453125 0.07414654800821019 0.121875
5 0.5140625 0.2703125 0.1375 0.278125
5 0.46953125 0.2546875 0.1109375 0.309375
5 0.4375 0.24921875 0.096875 0.3203125
5 0.4359375 0.26328125 0.09375 0.2921875
5 0.41953125 0.25703125 0.0609375 0.3046875
8 0.10859375 0.73203125 0.2171875 0.4859375
8 0.28125 0.78671875 0.215625 0.4265625
5 0.04907084259857477 0.76640625 0.015779536104353474 0.0265625
5 0.3422441256778662 0.8015625 0.020530668617910842 0.0375
8 0.834375 0.52578125 0.203125 0.2328125
8 0.828125 0.7046875 0.34375 0.590625