4 0.01484375 0.30859375 0.0296875 0.2859375
5 0.05 0.296875 0.1 0.525
6 0.6064720073997243 0.2695612587125888 0.28581460940481485 0.5298169587046345
2 0.7022759507479053 0.3800362293920882 0.09327838001272681 0.09482269867918128
3 0.64375 0.52890625 0.084375 0.0609375
5 0.66796875 0.43828125 0.3828125 0.2421875
8 0.35859375 0.68828125 0.0828125 0.2578125
6 0.2626771014083147 0.6840879300604518 0.024382929344363192 0.0815227200031817
8 0.22734375 0.59375 0.1890625 0.06875
5 0.8171875 0.72265625 0.33125 0.3265625
5 0.6921875 0.7796875 0.425 0.440625
7 0.725 0.59296875 0.290625 0.0671875
7 0.875 0.5875 0.153125 0.05625