5 0.3328125 0.2234375 0.665625 0.446875
8 0.834375 0.3 0.33125 0.6
6 0.5754288095192834 0.7741672758991409 0.05689541549465282 0.11159202800763594
6 0.3754691952542945 0.6491416459261853 0.030051114363184795 0.06284544533736351
6 0.259375 0.6140625 0.01875 0.028125
6 0.061111779465054104 0.7363989346355924 0.052253367290050964 0.11934998400699967
6 0.08871862899751592 0.6470091706317744 0.03793633723582168 0.07543635200509069
6 0.0671875 0.609375 0.01875 0.01875
6 0.5042027284317818 0.617954185908686 0.011101126463433175 0.02825226933481808
6 0.5784942013044188 0.6295905725652774 0.011101126463433175 0.02825226933481808
6 0.6387004482793568 0.6374843412237777 0.007967036104353297 0.026653406667727177
6 0.46484375 0.6046875 0.0109375 0.009375
9 0.334375 0.84140625 0.66875 0.3171875
8 0.8592402072563472 0.8562354359086861 0.20002831283893308 0.27574652936027144