7 0.31328125 0.08046875 0.1515625 0.1609375
5 0.3546875 0.275 0.2125 0.55
5 0.9921875 0.1515625 0.015625 0.23125
8 0.27734375 0.7984375 0.5546875 0.403125
8 0.62578125 0.88828125 0.1328125 0.1796875
9 0.73359375 0.676838193309387 0.028125 0.032976126463433175
9 0.75859375 0.6727864975641131 0.028125 0.029851126463433176
9 0.7828125 0.6648330969983791 0.028125 0.03453862646343318
9 0.80625 0.6584467416121847 0.028125 0.031413626463433
9 0.840625 0.6504342537124332 0.0296875 0.032985216822512695
9 0.865625 0.6448200579671592 0.028125 0.031413626463433174
9 0.88984375 0.6399916574014253 0.028125 0.031413626463433174
9 0.9140625 0.6343820068356911 0.028125 0.031413626463433174
9 0.93359375 0.628799627347196 0.028125 0.031413626463433174
9 0.95390625 0.623212702679161 0.028125 0.029851126463433176
9 0.96953125 0.6199967990883647 0.028125 0.031413626463433174
9 0.98671875 0.615625 0.0265625 0.03125
5 0.9828125 0.98984375 0.015625 0.0203125
8 0.9015625 0.93046875 0.1375 0.1390625
8 0.80546875 0.79453125 0.3890625 0.4109375