7 0.128125 0.03515625 0.1625 0.0703125
5 0.10234375 0.22421875 0.2046875 0.4484375
5 0.82734375 0.234375 0.3453125 0.46875
5 0.3857985402095701 0.908698673416587 0.0220568071815924 0.031504538669636165
7 0.3889144498504905 0.910297536083678 0.011055674668035032 0.02043976933481808
8 0.36640625 0.88203125 0.2171875 0.2359375
9 0.49296875 0.58359375 0.0328125 0.0828125
9 0.4534779613615637 0.5563372894254958 0.09261474687674216 0.07451019867918127
9 0.1904876028521115 0.5032737347230883 0.07068520472226432 0.06488066000954511
9 0.23025408479993476 0.5170186087284971 0.09107042759490121 0.07761701734563572
8 0.19074615720503346 0.5931265753898611 0.07715337334017516 0.10245338534372692
8 0.27578125 0.66875 0.4671875 0.4
4 0.00859375 0.5109375 0.0171875 0.0375
2 0.014043277520146535 0.48090674403245304 0.009429542154477666 0.009484088001272716
5 0.0109375 0.509375 0.021875 0.071875
8 0.7546875 0.734375 0.490625 0.53125
8 0.703125 0.5625 0.3875 0.1875