9 0.23797961596913772 0.12890625 0.26079423870145285 0.25625
9 0.42109375 0.1625 0.1765625 0.259375
3 0.560842761935094 0.29375 0.05381589067472703 0.059375
2 0.5658580732813661 0.1984375 0.07269316000954511 0.0703125
5 0.60625 0.2765625 0.19375 0.246875
8 0.13046875 0.7 0.2609375 0.6
5 0.080875640634956 0.51640625 0.025836341343090475 0.071875
8 0.6140625 0.67734375 0.209375 0.3734375
0 0.6579915766231839 0.53125 0.020476132001909165 0.0140625
7 0.6566830679503659 0.5765625 0.03819089067472685 0.059375
5 0.6456546612826387 0.584375 0.06706132535009016 0.1234375