7 0.18828125 0.19140625 0.3765625 0.3828125
5 0.325 0.24453125 0.65 0.4890625
8 0.825 0.13046875 0.35 0.2609375
0 0.6640625 0.32109375 0.028125 0.0265625
3 0.6625 0.34296875 0.025 0.0109375
7 0.67578125 0.3953125 0.0515625 0.084375
5 0.71328125 0.396875 0.1265625 0.184375
7 0.26875 0.84765625 0.29375 0.3046875
5 0.240625 0.74453125 0.375 0.5109375
0 0.2796875 0.54453125 0.171875 0.1109375
3 0.26640625 0.6726697194064057 0.0828125 0.13533861067790856
5 0.753125 0.74453125 0.20625 0.5109375
5 0.9234375 0.74453125 0.153125 0.5109375
3 0.903125 0.5772037727561777 0.03125 0.06286362667090888
3 0.7546875 0.6114140460693605 0.05 0.04901930267345413
2 0.7578125 0.51640625 0.075 0.0546875
2 0.9421875 0.50078125 0.084375 0.0234375
4 0.940625 0.8 0.11875 0.4
4 0.74296875 0.8140625 0.1578125 0.371875