3 0.28887108157848085 0.14493316657480737 0.017451120413308985 0.04541249394987581
3 0.4244540575743758 0.20507980533488065 0.03144998789975162 0.034556807181592396
0 0.4327438014260558 0.12300310353948252 0.06766928903121965 0.08320338544042354
0 0.29006594291660354 0.07383487139526757 0.07561814441741391 0.10668633723582163
7 0.24187284085005895 0.3006700821676561 0.14089875253408266 0.316434041958086
7 0.4284370547457055 0.32614628425764175 0.13436695140261462 0.26796018052176757
5 0.21953125 0.29453125 0.2328125 0.5703125
5 0.40703125 0.328125 0.2140625 0.503125
8 0.775 0.28984375 0.45 0.5796875
4 0.275 0.80234375 0.55 0.3953125
5 0.275 0.78984375 0.55 0.4203125
1 0.68515625 0.63984375 0.2703125 0.1203125
4 0.775 0.82421875 0.45 0.3515625
5 0.775 0.78984375 0.45 0.4203125