3 0.34278310526736666 0.28055212587425793 0.15252720536281678 0.21806017447164336
0 0.3765625 0.06953125 0.28125 0.1390625
7 0.4296875 0.4140625 0.340625 0.271875
5 0.39140625 0.275 0.4171875 0.55
5 0.946875 0.275 0.10625 0.55
2 0.3986358526416375 0.7014145925985747 0.10915791868236298 0.1162522347764936
3 0.41904780263368335 0.7601310624461496 0.06498974801081765 0.08006020472226423
7 0.4578125 0.86875 0.14375 0.2625
5 0.49609375 0.5703125 0.0640625 0.040625
5 0.44609375 0.815625 0.3078125 0.36875
5 0.7546875 0.74296875 0.309375 0.3859375