0 0.02421875 0.17734375 0.0484375 0.0984375
3 0.01476828795354752 0.22821798711418467 0.019368165340545217 0.05323408430895542
5 0.0234375 0.21640625 0.046875 0.1890625
8 0.709375 0.2546875 0.58125 0.509375
7 0.940625 0.01953125 0.065625 0.0390625
5 0.92734375 0.028125 0.0984375 0.05625
6 0.250876868594867 0.8104810412707149 0.047656797342454024 0.06746021077238851
8 0.6828125 0.8390625 0.546875 0.321875
0 0.5520575605904126 0.9518776800307881 0.007867044000636269 0.004732951795397966
7 0.5511672225891399 0.9612481348512484 0.014207950668363622 0.012581813231716765
5 0.548787109922049 0.9643594993126289 0.02067612667090888 0.03136817466803521
0 0.5541104092536855 0.9768913155694076 0.009411362667090728 0.0031795421544778433
7 0.5493138212524128 0.9862390444921687 0.015770450668363623 0.012590903590795932
5 0.55078125 0.98671875 0.0234375 0.0265625