3 0.42873457493918143 0.03320196554596651 0.04093407220870695 0.05336134933607006
7 0.40625 0.2296875 0.10625 0.33125
5 0.3734375 0.29453125 0.171875 0.5890625
9 0.7296875 0.29453125 0.540625 0.5890625
4 0.1603890959182245 0.8083448068870048 0.05180793969514967 0.04248748184962743
4 0.21975500555914484 0.8071277405320302 0.04561248184962743 0.05182612041330899
2 0.21562604176169425 0.7688237646343312 0.02195681323171659 0.01418976502711473
2 0.15547888212077385 0.7700362858097659 0.02666249394987581 0.017342036104353475
5 0.15579249950902066 0.8239425358097658 0.07575449980360834 0.1301238372358217
5 0.21433625253408278 0.8156896742752515 0.06155564441741399 0.106604524004105
0 0.6895094902374426 0.9263771894005621 0.006304542154477666 0.009411361436318443
7 0.6857077793668582 0.944323213502863 0.007939765027114732 0.021920451795397967
5 0.6864753938282389 0.9419840086824027 0.01427157825883132 0.03601931323171641