4 0.42109375 0.20703125 0.1765625 0.3828125
0 0.3578125 0.071875 0.096875 0.14375
5 0.33125 0.2546875 0.35625 0.509375
4 0.7546875 0.44140625 0.490625 0.1359375
1 0.6703125 0.2234375 0.321875 0.3625
5 0.7546875 0.2546875 0.490625 0.509375
5 0.303125 0.7546875 0.4125 0.490625
4 0.346875 0.9359375 0.325 0.128125
2 0.43984375 0.59140625 0.1390625 0.1640625
1 0.42578125 0.8515625 0.1671875 0.1875
5 0.703125 0.7484375 0.0890625 0.2109375
5 0.55625 0.728125 0.0859375 0.221875
4 0.71953125 0.70390625 0.0296875 0.0484375
4 0.5484375 0.6828125 0.034375 0.0625
0 0.72109375 0.65859375 0.0203125 0.025
3 0.715625 0.67734375 0.00625 0.0078125
3 0.5578125 0.65234375 0.0046875 0.0078125
0 0.5546875 0.63125 0.021875 0.0234375