9 0.5214143742239379 0.28597087889932 0.10206246974937905 0.08652837334017516
9 0.6705422206331417 0.3024640081914235 0.217996541958086 0.1403260599120669
0 0.7951478317748727 0.10240089655871332 0.033085210772388504 0.04706589754067192
0 0.6266705425472612 0.05454413777811462 0.05980224687674198 0.07378293364502549
7 0.8076245849963264 0.24075941461089007 0.07437380698520073 0.16136474687674215
7 0.6234375 0.27265625 0.11875 0.2734375
3 0.7996035276183424 0.14227191763595215 0.026717036104353387 0.026717036104353477
5 0.6296875 0.2046875 0.16875 0.409375
5 0.815625 0.20625 0.121875 0.40625
1 0.184375 0.88984375 0.36875 0.2203125
2 0.184375 0.66953125 0.36875 0.1171875
5 0.184375 0.8046875 0.36875 0.390625
6 0.73046875 0.47578125 0.2015625 0.1328125
6 0.91875 0.7046875 0.1625 0.465625