7 0.4765625 0.175 0.159375 0.35
5 0.50859375 0.175 0.2421875 0.35
0 0.510021457256347 0.646875 0.03153180113146803 0.0484375
0 0.48334078258831215 0.6265625 0.050345433645025396 0.059375
0 0.3383277435570923 0.54375 0.09591246369925485 0.103125
0 0.2126373971478886 0.559375 0.0911431504675381 0.0890625
0 0.25928111387220537 0.65390625 0.0298783975406721 0.0328125
0 0.1630600988450907 0.63203125 0.03615566861791084 0.0375
0 0.10761861992232954 0.63671875 0.03617384933607006 0.040625
3 0.11015326746300165 0.66953125 0.01729658430895533 0.01875
3 0.4820464481811609 0.67265625 0.0251545361043533 0.0265625
3 0.5070918999765588 0.68046875 0.01414431323171641 0.0140625
3 0.33570271330647133 0.6296875 0.048710210772388504 0.046875
3 0.20767770725634715 0.646875 0.04402271077238851 0.046875
5 0.09286629439397291 0.78671875 0.07388396935659554 0.3453125
5 0.1382106106507516 0.7921875 0.0973941922292326 0.3578125
5 0.26008054459036456 0.65703125 0.033085210772388504 0.046875
5 0.518765719062008 0.80703125 0.09122600546094901 0.371875
5 0.46015625 0.79921875 0.1015625 0.4015625
5 0.36796875 0.74375 0.2359375 0.5125
5 0.19140625 0.75390625 0.2109375 0.4921875
7 0.0964498366466465 0.73125 0.05228972872636941 0.125
7 0.19140625 0.8203125 0.1984375 0.359375
7 0.1431430294650541 0.7 0.06455337939029934 0.084375
7 0.3733168636758137 0.78359375 0.21763396935659535 0.3453125
7 0.4621611950579029 0.74609375 0.07760789129415606 0.1796875
7 0.5175072252103281 0.725 0.06794199980360816 0.1296875