8 0.85625 0.20703125 0.2875 0.4140625
8 0.26953125 0.7546875 0.5390625 0.490625
6 0.85234375 0.85 0.046875 0.0828125
6 0.803125 0.8078125 0.0265625 0.05
6 0.8421875 0.7671875 0.0203125 0.0421875
6 0.79609375 0.77890625 0.0203125 0.0359375
6 0.54765625 0.8125 0.0171875 0.046875
6 0.60390625 0.79140625 0.025 0.04375
6 0.68671875 0.77421875 0.01875 0.0359375
6 0.765625 0.76171875 0.015625 0.034375
6 0.83828125 0.753125 0.01875 0.0390625
6 0.94609375 0.75625 0.021875 0.05
9 0.86875 0.678125 0.103125 0.0984375
9 0.746875 0.70078125 0.153125 0.1203125
9 0.76953125 0.92890625 0.4609375 0.1421875
2 0.87578125 0.640625 0.0109375 0.009375
3 0.875 0.65078125 0.00625 0.009375
4 0.878125 0.6703125 0.01875 0.0328125
5 0.88203125 0.69140625 0.0375 0.1125