7 0.24609375 0.3875 0.2453125 0.3625
5 0.2296875 0.284375 0.278125 0.56875
0 0.2515625 0.06328125 0.190625 0.1265625
3 0.2773635733609078 0.19293082592114014 0.10016472668681722 0.14901019262201592
8 0.684375 0.284375 0.63125 0.56875
8 0.4375 0.4234375 0.1375 0.290625
9 0.11112314473263334 0.9172354134515495 0.09858404535327185 0.14743860226293642
7 0.0421875 0.87265625 0.084375 0.2546875
7 0.22725612738699752 0.8259286365205781 0.08166926535645339 0.17077610831306062
3 0.00859375 0.73046875 0.0171875 0.0453125
3 0.22206809337204367 0.7157951124182771 0.009665901336727067 0.025054542154477666
0 0.20294537603436202 0.6838729467272325 0.052362478675999566 0.06904998184962743
0 0.009375 0.6640625 0.01875 0.059375
5 0.0796875 0.784375 0.159375 0.43125
5 0.23046875 0.79140625 0.1515625 0.4171875
5 0.91875 0.784375 0.1625 0.43125
2 0.828125 0.58359375 0.11875 0.0296875
2 0.67109375 0.58515625 0.1078125 0.0328125
1 0.53359375 0.59296875 0.1203125 0.0484375
1 0.6752038260661788 0.6465148890546608 0.06980451734563572 0.09102497579950324
1 0.91328125 0.58671875 0.0734375 0.0359375
1 0.8754129114019513 0.6633200730924698 0.09518632535009033 0.12398292154477701
4 0.95078125 0.778125 0.0984375 0.39375
4 0.890625 0.8625 0.21875 0.275
4 0.73515625 0.83125 0.2109375 0.3375
4 0.54765625 0.784375 0.3578125 0.43125