7 0.64296875 0.09921875 0.0921875 0.1984375
7 0.3453125 0.15835948418731843 0.190625 0.21517152380771343
0 0.45390625 0.08008501414335187 0.0890625 0.14583065046753826
3 0.434375 0.13309638465485668 0.03125 0.05955680718159222
5 0.38515625 0.1765625 0.3421875 0.346875
5 0.62734375 0.175 0.1234375 0.35
4 0.23671875 0.4421875 0.3171875 0.184375
5 0.253125 0.675 0.50625 0.65
0 0.74375 0.5671875 0.109375 0.0875
3 0.7265625 0.6205680718159237 0.0484375 0.04715680113146803
4 0.88046875 0.653125 0.2390625 0.234375
5 0.84453125 0.71796875 0.3109375 0.5640625