8 0.57578125 0.53203125 0.1078125 0.0953125
8 0.31484375 0.28984375 0.6296875 0.5796875
5 0.17147029873486047 0.15209026170746495 0.030378390674726852 0.0595477168225127
7 0.17072541140195135 0.15521071652792512 0.02385567067154515 0.03607385538619425
6 0.7140272320178174 0.0736748910977643 0.01767839600572696 0.04228749394987581
9 0.96328125 0.140625 0.0734375 0.28125
3 0.6815050860120904 0.03130103873663215 0.020530676002545434 0.01886817466803503
0 0.69375 0.01640625 0.065625 0.0328125
7 0.6796875 0.09375 0.1 0.1875
5 0.6875 0.23671875 0.115625 0.4734375
5 0.271875 0.628125 0.228125 0.096875
6 0.8 0.63046875 0.340625 0.1015625