9 0.596875 0.28515625 0.04375 0.0703125
9 0.35717773750696813 0.24835239994432073 0.06911361436318479 0.06329997867599957
9 0.3963084152000652 0.25961661660568464 0.08948974687674216 0.07447383601209037
9 0.1434101532962086 0.16724040197327397 0.2633544937534841 0.14992946403563473
8 0.36082543315404614 0.33815978727722984 0.07401928298109564 0.10085452267663593
8 0.41953125 0.290625 0.3984375 0.378125
7 0.0796067285299777 0.21251708664863722 0.020530668617910842 0.0377363573360908
5 0.07884365924813692 0.2156511773154099 0.028524975799503194 0.06907726400381797
5 0.07983853268650794 0.2523608366486372 0.017314765027114643 0.02207499466899989
7 0.07986125858420698 0.2562670866486372 0.015706813231716542 0.01424431333545444
0 0.08493457796424361 0.18823470198122813 0.007876132513557321 0.011028406667727263
0 0.08371296642972928 0.24684663331477355 0.0078579517953981 0.007903406667727176
0 0.12903910196834872 0.24866312464195567 0.00786704215447771 0.009465906667727175
0 0.16171524658215447 0.22484381663750136 0.007876132513557366 0.011028406667727175
4 0.17680898145684393 0.26763984396881957 0.01896816861791084 0.037718176002545255
2 0.18131921945479137 0.23711654996818332 0.009429542154477666 0.009484088001272716
5 0.1736748910977643 0.2661137066359105 0.03166815651766246 0.07223862667090888
7 0.15481580678880888 0.24758188263845585 0.022065897540672008 0.03306703866963625
7 0.13458966520006527 0.26266198997454665 0.01418067466803503 0.020476132001908988
5 0.13457148448190603 0.25953698997454666 0.023610216822512742 0.029960220003181704
5 0.1532623971478885 0.2491625639720013 0.030069295081344018 0.06597044533736343
7 0.16361863504764013 0.2834193853039559 0.0110284035907962 0.015752269334818082
5 0.16435897843178182 0.27637904463718316 0.015806807181592396 0.03143181333545444
8 0.70390625 0.14296875 0.1703125 0.2515625
8 0.3296708819243821 0.8474626092855022 0.19647606596219108 0.2022726666931806
8 0.309375 0.78984375 0.61875 0.4203125
3 0.3905356590517452 0.8342535372772298 0.007876132513557366 0.011028406667726998
2 0.389663505460949 0.8186376279440026 0.01416249394987581 0.017351132001908808
4 0.3836134933607006 0.8530853532781844 0.020521578258831143 0.03617385733609098
5 0.3898453126425414 0.8498876279440026 0.04110678903121965 0.0832852146721816
5 0.809375 0.73984375 0.38125 0.5203125
4 0.809375 0.8640625 0.38125 0.271875
1 0.89375 0.659375 0.2125 0.25