7 0.225 0.21171875 0.45 0.4234375
5 0.359375 0.26484375 0.71875 0.5296875
9 0.834375 0.07890625 0.175 0.1578125
3 0.73125 0.0625 0.025 0.121875
4 0.79921875 0.2890625 0.1609375 0.48125
5 0.94609375 0.26484375 0.1078125 0.5296875
5 0.80859375 0.0875 0.1796875 0.175
5 0.81953125 0.26484375 0.2015625 0.5296875
1 0.26315242233034397 0.7815873850476402 0.10106357201231528 0.18339428298109556
2 0.30703125 0.5953125 0.1953125 0.13125
4 0.37734375 0.9265625 0.3078125 0.146875
5 0.27578125 0.76484375 0.5234375 0.4703125
8 0.859375 0.76484375 0.28125 0.4703125
8 0.859375 0.58359375 0.28125 0.1078125