5 0.08403254889197295 0.14296875 0.048982921544777014 0.09375
8 0.15703125 0.1875 0.3140625 0.375
9 0.7 0.22890625 0.6 0.3796875
3 0.7167546661820239 0.30703125 0.10270788524403188 0.196875
0 0.753125 0.10078125 0.225 0.2015625
5 0.715625 0.209375 0.56875 0.41875
7 0.71640625 0.3375 0.4734375 0.1625
8 0.2 0.74375 0.4 0.5125
8 0.27578125 0.76953125 0.2484375 0.4609375
5 0.07645185304850322 0.809375 0.07558178298109555 0.1
2 0.9937575277165382 0.4828125 0.006286361436318444 0.00625
2 0.9765882084346973 0.4796875 0.007867042154477843 0.009375
2 0.7930989975641131 0.46171875 0.014207945745274042 0.025
2 0.776479124125742 0.4984375 0.020448855386194252 0.0234375
3 0.7836830909482548 0.46875 0.01418976502711473 0.021875
3 0.7803217416121847 0.509375 0.007867042154477666 0.009375
4 0.9897285578689633 0.50390625 0.015797716822513054 0.0296875
4 0.9741217385871227 0.50078125 0.01578862646343282 0.028125
4 0.7692660669441497 0.5296875 0.02836134933607006 0.040625
4 0.7579063861277946 0.46796875 0.05038179508134384 0.065625
5 0.7536910639190877 0.52109375 0.09323289129415616 0.1796875
5 0.7683757326351943 0.5484375 0.05386131908544911 0.1265625
5 0.9741490096643617 0.49609375 0.023692030054229464 0.04375
5 0.9890625 0.49921875 0.021875 0.0453125