1 0.39453125 0.440625 0.2296875 0.278125
2 0.40234375 0.11328125 0.2140625 0.2265625
5 0.2546875 0.28984375 0.509375 0.5796875
8 0.8109981499765588 0.16953125 0.21986811416679294 0.1921875
8 0.6046875 0.27734375 0.190625 0.4203125
7 0.8293441498783631 0.234375 0.011010222872636888 0.0125
5 0.8277634691602038 0.23125 0.01418067466803521 0.0203125
8 0.8341452793668582 0.25390625 0.09595791549465282 0.1109375
2 0.542462294295777 0.340625 0.009429542154477843 0.009375
5 0.5386196768093343 0.3515625 0.02209316861791084 0.0375
8 0.08203125 0.8640625 0.1640625 0.26875
8 0.0921875 0.9546875 0.184375 0.090625
5 0.1176441014773694 0.9140625 0.01729658430895533 0.01875
7 0.11767591773414807 0.91953125 0.014126132513557366 0.0109375
5 0.6203125 0.78984375 0.221875 0.4203125
5 0.8234375 0.67578125 0.353125 0.1921875