3 0.07090896028140925 0.20109732904439817 0.009429542154477843 0.009429542154477666
0 0.06767033079291399 0.18158425976255735 0.020448855386194252 0.023555674668035032
4 0.06163849941082482 0.21912062119887582 0.03619203005422929 0.04395907825883114
4 0.14300667407885986 0.23896042252673572 0.033185204722264314 0.06425339754067191
5 0.14845724336070062 0.23580360626995703 0.06638859016268786 0.131631795081344
5 0.07348451443793946 0.24092744350577872 0.07740790339440444 0.1457579275949012
8 0.76484375 0.2796875 0.4703125 0.559375
8 0.1828125 0.80859375 0.365625 0.3828125
8 0.92109375 0.65546875 0.1578125 0.1921875
8 0.91796875 0.7671875 0.1640625 0.21875
5 0.8985759389095828 0.6705467658126816 0.01885908430895533 0.01885908430895533
7 0.8993799148072817 0.6744484706331417 0.014126132513557366 0.011019313231716588