3 0.6890625 0.01796875 0.153125 0.0359375
7 0.73984375 0.26953125 0.5203125 0.5390625
5 0.659375 0.26953125 0.68125 0.5390625
0 0.2546875 0.60078125 0.128125 0.1234375
7 0.265625 0.884375 0.10625 0.23125
7 0.13359375 0.76953125 0.2671875 0.4609375
3 0.0328125 0.55546875 0.065625 0.0328125
3 0.2875 0.765625 0.0625 0.109375
5 0.1640625 0.76953125 0.309375 0.4609375
5 0.159375 0.76953125 0.31875 0.4609375
7 0.5453125 0.87890625 0.271875 0.2421875
0 0.5042998853834977 0.801345966024817 0.11313744135899881 0.1903533746817267
5 0.58203125 0.840625 0.3796875 0.31875