5 0.065625 0.21484375 0.13125 0.4296875
8 0.49296875 0.29375 0.1265625 0.271875
4 0.4078125 0.51328125 0.04375 0.1671875
5 0.38359375 0.71484375 0.0921875 0.5703125
5 0.890625 0.799230363224096 0.034375 0.08946248933799979
4 0.89921875 0.7600678658895961 0.0109375 0.011064769334818082
3 0.8984375 0.7694519565563687 0.0046875 0.009429544000636447
4 0.90078125 0.7858309345560506 0.0109375 0.023564769334818082
9 0.93515625 0.5963684452180507 0.0359375 0.017605670671545327
9 0.97734375 0.5911900492123238 0.040625 0.019222714672181597
9 0.86640625 0.6573246738940502 0.01875 0.018968176002545432
9 0.9296875 0.6542445798854598 0.0234375 0.015897720003181702
9 0.94140625 0.6595769698838689 0.0265625 0.01905908267027261
8 0.6015625 0.7400939099300032 0.1421875 0.11884200135263541
8 0.4765625 0.73125 0.09375 0.29375
8 0.57734375 0.9515625 0.2953125 0.096875
8 0.74765625 0.759375 0.5046875 0.48125
9 0.9453125 0.6689065165500054 0.015625 0.012681813335454529
9 0.72578125 0.6659922439131403 0.0296875 0.025345445337363513
9 0.7375 0.6806996339115495 0.025 0.017478401336727067
9 0.7484375 0.6821348645767313 0.0265625 0.01280908267027261
9 0.76328125 0.6772746419080498 0.025 0.015915901336727066
9 0.77265625 0.683415553906777 0.021875 0.008067038669636161