5 0.23828125 0.02109375 0.1515625 0.0421875
3 0.05737512100248412 0.21664312021691717 0.02364657825883123 0.03607385538619425
0 0.05391429859738537 0.14005789431921817 0.08035109621281214 0.11452610831306051
0 0.3390625 0.440625 0.075 0.096875
7 0.43984375 0.42421875 0.1609375 0.1296875
7 0.0421875 0.34375 0.084375 0.290625
5 0.0546875 0.284375 0.109375 0.409375
5 0.42890625 0.42265625 0.2515625 0.1328125
8 0.89140625 0.146875 0.2171875 0.29375
8 0.5265625 0.76484375 0.484375 0.4703125
7 0.05357691354974527 0.6724704185197149 0.03952610831306049 0.07991475897699055
2 0.047704163451549396 0.6075903070833965 0.01884999394987581 0.01729658430895533
3 0.05070189842443475 0.6294834878015557 0.01567954215447771 0.009465903590796288
5 0.05805533529091407 0.7084351895969538 0.08097833098930574 0.2223386083130606
5 0.7515625 0.71640625 0.034375 0.2109375
8 0.884375 0.74453125 0.23125 0.5109375
4 0.8470143379231928 0.8355709030998169 0.02531816256778683 0.05483294574527413
2 0.8410734101318997 0.7824095416634984 0.012590903590795932 0.015697722872636887
5 0.8478955818730686 0.8183879482793566 0.03647383118569749 0.09239657825883114
8 0.9828125 0.78828125 0.034375 0.0953125