9 0.26484375 0.29765625 0.1078125 0.0828125
7 0.325 0.234375 0.109375 0.209375
7 0.11875 0.26484375 0.090625 0.1484375
3 0.31640625 0.1168814103282914 0.0359375 0.04708407825883114
3 0.090625 0.17131996721529621 0.0109375 0.026626132513557367
0 0.1 0.1329841750608185 0.0578125 0.07377384328594587
0 0.29921875 0.049012654278167235 0.05 0.06435339149054778
5 0.290625 0.16953125 0.178125 0.3390625
5 0.140625 0.1828125 0.184375 0.3125
8 0.18984375 0.54296875 0.3796875 0.4078125
1 0.54296875 0.546875 0.3265625 0.303125
2 0.60625 0.41015625 0.453125 0.1421875
4 0.68984375 0.81171875 0.6203125 0.3765625
5 0.68984375 0.66953125 0.6203125 0.6609375