5 0.475 0.06171875 0.096875 0.1234375
8 0.79453125 0.259375 0.4109375 0.51875
5 0.61953125 0.02578125 0.0609375 0.0515625
8 0.20625 0.78828125 0.334375 0.4234375
8 0.25169502860441195 0.9160632780111259 0.09849313868554468 0.13962610226293642
8 0.03515625 0.9046875 0.0703125 0.125
0 0.7505159786362287 0.6966472201421624 0.14831132535009006 0.12429199375348396
0 0.9104807772915475 0.7793046631569618 0.15672380935709002 0.1758999455488822
0 0.64453125 0.81484375 0.1109375 0.1171875
0 0.857918303946548 0.8655421450065891 0.17496473201781731 0.1322590298578376
0 0.9234375 0.96796875 0.153125 0.0640625
5 0.8359375 0.559375 0.171875 0.08125
5 0.8258250613065012 0.6696483829063408 0.16960561736154425 0.208785168421519
4 0.8161409786362286 0.6962654250608186 0.12812609468490832 0.1351113190854491
2 0.7968920866486371 0.6049773497288535 0.0785977146721816 0.041079517953980904
4 0.83828125 0.5546875 0.1546875 0.071875
0 0.77109375 0.54375 0.1515625 0.05
5 0.7796875 0.540625 0.165625 0.04375
5 0.67734375 0.546875 0.1203125 0.05625
5 0.6514335886378195 0.6855057079437181 0.11132040268936265 0.16782382513557312
4 0.6443659759707285 0.6886716145595765 0.09206132535009015 0.12396474082661779
4 0.66796875 0.5265625 0.0921875 0.015625
0 0.9390625 0.52890625 0.121875 0.0203125
5 0.9 0.83359375 0.2 0.2953125
0 0.7599449752944109 0.7590881328081449 0.19355219470081658 0.2526715238077134
0 0.6796875 0.875 0.18125 0.25
4 0.7481711339513204 0.8310267653217022 0.12639996268299925 0.1210397287263695
4 0.6578125 0.93203125 0.1375 0.1265625
4 0.9580728452816842 0.8516791120254936 0.08139654535327168 0.14733860831306062
4 0.77890625 0.95703125 0.1828125 0.0859375
5 0.9234375 0.965625 0.153125 0.06875
5 0.81640625 0.89453125 0.2578125 0.2109375