3 0.0859375 0.12890625 0.171875 0.2203125
0 0.06015625 0.128125 0.1203125 0.25625
7 0.1625 0.3546875 0.325 0.128125
5 0.25234375 0.209375 0.5046875 0.41875
0 0.2776828413828614 0.7820878756778662 0.18632040268936265 0.168260162371395
3 0.21352089139081548 0.8403043757760621 0.08833634134309029 0.07238406010845858
4 0.22265625 0.90546875 0.2921875 0.1890625
5 0.26171875 0.78515625 0.4921875 0.4296875
2 0.771875 0.4375 0.09375 0.0375
5 0.83125 0.63515625 0.3375 0.4328125
5 0.73984375 0.8765625 0.1609375 0.246875
4 0.79609375 0.50078125 0.2078125 0.1640625