3 0.31139850390882484 0.2341725504440971 0.01738748789975162 0.03447499394987581
0 0.3483717839630541 0.1906361738824681 0.08214994554888229 0.15516019867214012
7 0.2453125 0.16875 0.175 0.2
7 0.6265625 0.134375 0.046875 0.26875
5 0.25 0.16640625 0.275 0.2046875
8 0.825 0.1109375 0.35 0.221875
8 0.878125 0.17578125 0.24375 0.1859375
2 0.7507796873574586 0.025911119431350292 0.01416249394987581 0.01726931323171659
7 0.7264836693052819 0.03905146886561619 0.029923849336070063 0.040797716822512695
5 0.7334831030485033 0.044561125481474485 0.048810204722264314 0.0643443011314682
8 0.325 0.60234375 0.65 0.6671875
8 0.796875 0.4 0.28125 0.2625
5 0.8405825307416004 0.45959122784260664 0.018913626463433177 0.028234084308955333
8 0.81875 0.56640625 0.3375 0.5953125