8 0.59765625 0.1875 0.6171875 0.375
9 0.14453125 0.809375 0.2890625 0.38125
8 0.5046875 0.809375 0.43125 0.38125
6 0.3 0.93359375 0.021875 0.1328125
6 0.3953125 0.9390625 0.090625 0.121875
6 0.65546875 0.946875 0.1140625 0.10625
0 0.9140625 0.6697246765595504 0.0359375 0.03166817067154533
0 0.7859375 0.6884030459102768 0.040625 0.0426602146721816
7 0.43125 0.65078125 0.0625 0.0640625
7 0.91796875 0.7728042232256869 0.0703125 0.1258181600095451
7 0.76796875 0.7839246312460495 0.0828125 0.14002611067790854
3 0.78203125 0.7181359992441404 0.0171875 0.023637494668999892
3 0.915625 0.700956495226005 0.0234375 0.022147720003181704
5 0.43125 0.65078125 0.09375 0.0640625
5 0.77109375 0.83125 0.1140625 0.3375
5 0.9109375 0.825 0.1375 0.35
5 0.9671875 0.809375 0.065625 0.38125