9 0.50546875 0.40859375 0.0484375 0.2828125
9 0.16015625 0.3734375 0.3203125 0.353125
7 0.41484375 0.421875 0.2296875 0.25625
5 0.4078125 0.31484375 0.24375 0.4703125
3 0.43684705678880886 0.28125 0.06288179508134384 0.065625
0 0.4446272196511831 0.14140625 0.11949540944452863 0.128125
0 0.8972760175611973 0.1390625 0.029951120413308985 0.0453125
0 0.8713902284317818 0.12109375 0.04720225292686635 0.05625
0 0.7296021833504378 0.05546875 0.09275110226293641 0.096875
0 0.6133413790957117 0.08046875 0.08799087939029934 0.084375
0 0.6646135084860111 0.16484375 0.028306807181592397 0.03125
0 0.5731299904338344 0.1515625 0.03458407825883114 0.0359375
0 0.534375 0.16171875 0.009375 0.0390625
3 0.53203125 0.190625 0.0046875 0.01875
3 0.8732027133064714 0.1640625 0.023582945745273774 0.025
3 0.8974578247427898 0.1703125 0.01414431323171641 0.0140625
3 0.7339765868430381 0.1359375 0.04713862041330898 0.0453125
3 0.6161669181269315 0.16328125 0.040888620413308985 0.0453125
5 0.54296875 0.30078125 0.0265625 0.3234375
5 0.56953125 0.30234375 0.0796875 0.3359375
5 0.6654129392041703 0.16796875 0.031504530054229284 0.04375
5 0.9192333516737612 0.2875 0.09109874043383429 0.35
5 0.8671875 0.3234375 0.103125 0.453125
5 0.7859375 0.275 0.2375 0.55
5 0.62890625 0.29140625 0.1984375 0.5171875
7 0.53671875 0.25078125 0.0140625 0.1171875
7 0.6203125 0.3328125 0.18125 0.35
7 0.559375 0.21640625 0.059375 0.0796875
7 0.7816742643397436 0.27734375 0.20972147540671954 0.328125
7 0.8611117794650541 0.234375 0.0744192587805987 0.16875
7 0.9117521288993201 0.21015625 0.0647715480082102 0.121875
6 0.52109375 0.5796875 0.0171875 0.040625
9 0.26484375 0.775 0.5296875 0.45
6 0.70390625 0.575 0.0328125 0.05