8 0.2046875 0.74375 0.409375 0.36875
7 0.2708428285725953 0.7307309505188518 0.022202264003817973 0.028252265027114733
2 0.2656831612428679 0.7041366342620732 0.011046588001272539 0.009438632513557366
2 0.20041105521964156 0.8748622247193488 0.014207950668363622 0.01258181323171641
2 0.12486616255573235 0.8541088423039873 0.014262494668999893 0.01726931323171641
3 0.12861787122059615 0.8674128182016861 0.009447725334181811 0.0063045421544778435
3 0.20489856055064165 0.8920769957965874 0.00948408800127254 0.009429542154477843
5 0.26141328457195884 0.7353639083643742 0.047747704010181025 0.07527271077238851
5 0.21694402721200562 0.9312122186692244 0.06560791335136287 0.1331852047222643
7 0.13528549454968725 0.8987037248175446 0.03508407200827222 0.06113748789975162
7 0.21942413721359647 0.9195071042078439 0.03986247867599957 0.06897725897699054
7 0.3421531125477781 0.9139706973955939 0.03820907200827221 0.06115566861791066
0 0.34573264588641417 0.8749263781137533 0.014226132001908809 0.01414431323171641
5 0.3412900465468237 0.9209974022160541 0.05132723734881743 0.1143533914905479
5 0.1328125 0.92109375 0.059375 0.1578125
8 0.7453125 0.909375 0.509375 0.18125
8 0.7046875 0.7796875 0.590625 0.440625