5 0.284375 0.23984375 0.56875 0.4796875
8 0.903125 0.12734375 0.19375 0.2546875
8 0.784375 0.23671875 0.43125 0.4734375
8 0.30390625 0.75390625 0.5296875 0.4921875
8 0.1546875 0.85078125 0.309375 0.2984375
0 0.3998134747374058 0.710926846998379 0.031577264003817974 0.02830680718159222
3 0.40015892007476933 0.740614346998379 0.015861357336090797 0.020403403590796287
7 0.38167254941117823 0.7633796813073344 0.05873974801081765 0.08002384328594588
5 0.3969708327498143 0.8023558228960781 0.09782152402927125 0.21617951190385662
4 0.80078125 0.91171875 0.1890625 0.1765625
3 0.7947190841024498 0.7712103620254936 0.06795111600890866 0.06601588544042372
2 0.7928282254137236 0.6087103620254937 0.102671561346272 0.09590337334017515
5 0.8265625 0.77421875 0.346875 0.4515625