8 0.6984375 0.25 0.596875 0.5
9 0.96015625 0.42109375 0.0796875 0.1578125
8 0.2 0.75 0.4 0.5
4 0.07402576893593951 0.9497944251590142 0.056631795081344014 0.06595225292686635
2 0.07982631704234558 0.8927313589022358 0.028243174668035033 0.020476126463433175
3 0.08205189237431054 0.9130302233636162 0.02353749394987581 0.017323855386194253
5 0.07734375 0.9390625 0.0890625 0.121875
0 0.665625 0.55078125 0.0875 0.1015625
0 0.9640625 0.5515625 0.071875 0.103125
0 0.8116358950065893 0.556070654474559 0.09120678298109546 0.10052724082661779
2 0.543503518543156 0.5857546510567134 0.08790906615858277 0.07082156010845857
2 0.9234375 0.5375 0.06875 0.075
3 0.5468370759211402 0.6841694251590142 0.04571247579950324 0.06901362041330898
3 0.6815029674116879 0.6333876542781672 0.04555793969514958 0.042451120413308986
3 0.8322160397185907 0.6442291846269841 0.04873748184962743 0.05184430113146821
3 0.9627075156162899 0.639563889643836 0.0519261143631848 0.06279998184962743
4 0.98359375 0.8265625 0.0328125 0.346875
4 0.8649780218628058 0.7870024919067722 0.1453862646343313 0.28208631303532483
4 0.6955058591968233 0.7778325458669109 0.15467945140261463 0.2680783551898025
4 0.5234375 0.84921875 0.159375 0.3015625
4 0.434375 0.81875 0.06875 0.3625
5 0.4609375 0.75 0.121875 0.5
5 0.57265625 0.76875 0.3046875 0.4625
5 0.70625 0.75 0.284375 0.5
5 0.8765625 0.75 0.246875 0.5
5 0.94296875 0.75 0.1140625 0.5