8 0.775 0.2296875 0.45 0.459375
5 0.39609375 0.81875 0.3078125 0.3625
5 0.23046875 0.7953125 0.3546875 0.409375
5 0.10703125 0.74921875 0.2140625 0.5015625
3 0.0109375 0.67421875 0.021875 0.0484375
3 0.1498853287498106 0.6704382023845733 0.04257838544042354 0.06743293969514959
3 0.28774387705260834 0.7422899556060271 0.05970225292686635 0.056595433645025395
3 0.45481320238457335 0.761629787184508 0.05813975292686635 0.056586343285945875
2 0.4740540817748727 0.6771457028755525 0.06908634328594587 0.05821247579950324
2 0.3094012293155446 0.6452922357584523 0.08636474687674198 0.07393746974937905
2 0.138821084603543 0.5580063800776704 0.09898292154477702 0.09432269262201594
2 0.0234375 0.584375 0.046875 0.075
4 0.075 0.83515625 0.15 0.3296875
4 0.246875 0.8734375 0.225 0.253125
4 0.42421875 0.88828125 0.1796875 0.2234375