3 0.33544505796715923 0.1895850467456782 0.17474651170746505 0.2270181280235443
0 0.35390625 0.0359375 0.3109375 0.071875
7 0.203125 0.30859375 0.40625 0.3421875
5 0.27578125 0.23984375 0.5515625 0.4796875
6 0.76171875 0.01640625 0.0578125 0.0328125
9 0.78984375 0.23984375 0.4203125 0.4796875
8 0.346875 0.81015625 0.465625 0.3796875
7 0.5306666543763632 0.9026690387889488 0.02051248789975162 0.03461135733609098
5 0.5204331363241863 0.9158321101209035 0.03802724082661797 0.09106135200509051
7 0.69375 0.553125 0.225 0.146875
5 0.7078125 0.73984375 0.25625 0.5203125