6 0.0859375 0.01484375 0.034375 0.0296875
9 0.30625 0.209375 0.5875 0.41875
5 0.071875 0.209375 0.14375 0.41875
8 0.725 0.17578125 0.25 0.3515625
8 0.6875 0.209375 0.175 0.41875
0 0.68125 0.18887685526736667 0.0046875 0.006304544000636269
7 0.6796875 0.20842628660091211 0.0109375 0.023564769334818082
5 0.678125 0.21625696793445756 0.021875 0.06275453866963616
9 0.68515625 0.20914390193350307 0.046875 0.05835794000636341
8 0.73671875 0.1913564179265034 0.046875 0.048982940006363405
8 0.7859375 0.22750245591982185 0.059375 0.06162839067472685
8 0.8453125 0.229155315245095 0.040625 0.0645352146721816
8 0.865625 0.2367314579090042 0.0484375 0.06775112133990877
8 0.89609375 0.237939421904868 0.0515625 0.07872498400699968
8 0.928125 0.24772295456718646 0.0625 0.07885225334181775
8 0.978125 0.2453125 0.04375 0.103125
8 0.98671875 0.26171875 0.0265625 0.0890625
4 0.74609375 0.65625 0.2921875 0.384375
3 0.7765625 0.465858073281366 0.109375 0.06689769334818116
0 0.75703125 0.434375 0.2109375 0.03125
5 0.8 0.709375 0.4 0.58125
5 0.9125 0.709375 0.175 0.58125