0 0.4108482353596351 0.12348952144331311 0.025272720003181703 0.023728401336727156
0 0.29952892735518083 0.08938614676158654 0.019077264003817974 0.028343176002545344
7 0.42265625 0.1828125 0.0328125 0.078125
7 0.3303703946928624 0.12177193276572273 0.04923747867599957 0.06931362133990877
5 0.32605561203054406 0.15374863876508638 0.0722397213558171 0.166443160009545
5 0.4015625 0.20859375 0.075 0.2015625
8 0.9 0.1828125 0.2 0.253125
4 0.9281908240372255 0.16277655140036057 0.014317038669636161 0.022038632001908986
2 0.9248203760343621 0.1416464387332697 0.011064769334818082 0.011064769334818082
5 0.9304436673694984 0.15499132340067873 0.028634077339272323 0.04407726400381797
0 0.38359375 0.45546875 0.1109375 0.1890625
0 0.153125 0.4 0.178125 0.18125
3 0.15931464938731574 0.5737129567154523 0.10485222668681722 0.14963746801399935
3 0.4046875 0.65703125 0.06875 0.1171875
4 0.3875 0.859375 0.103125 0.28125
4 0.15703125 0.80234375 0.3046875 0.3953125
5 0.17578125 0.6546875 0.3515625 0.690625
5 0.35078125 0.67734375 0.1765625 0.6453125
8 0.790625 0.83359375 0.41875 0.3328125