3 0.49646943725926274 0.10546875 0.009429542154477666 0.009375
0 0.4958063619272979 0.08515625 0.01887726502711473 0.021875
4 0.48387853366846656 0.12109375 0.029923849336070063 0.040625
4 0.5610313861277947 0.15390625 0.022238614363184795 0.0625
5 0.5672904764868743 0.15234375 0.04760222872636941 0.125
5 0.4915546782822723 0.14453125 0.057068132317165524 0.140625
8 0.89453125 0.1875 0.2109375 0.375
8 0.89453125 0.23359375 0.2109375 0.4671875
0 0.33203125 0.70390625 0.2046875 0.2703125
7 0.64296875 0.83046875 0.2921875 0.3390625
3 0.43115298858712264 0.75703125 0.10559653590796181 0.15625
5 0.50625 0.784375 0.565625 0.43125
0 0.8296875 0.64140625 0.08125 0.1453125
5 0.89453125 0.76171875 0.2109375 0.3859375