6 0.24576910147736938 0.2109375 0.03151362041330898 0.0453125
9 0.1328125 0.275 0.265625 0.55
7 0.3796875 0.2609375 0.21875 0.521875
5 0.36640625 0.275 0.2453125 0.55
8 0.7703125 0.3140625 0.459375 0.3875
0 0.9754384207592102 0.4390625 0.009402271077238922 0.0046875
7 0.9747117129136879 0.4484375 0.01726931323171641 0.0140625
5 0.977078188811387 0.45234375 0.02363748789975162 0.034375
0 0.9693429568635636 0.465625 0.009402271077238922 0.0046875
7 0.973312839377121 0.4765625 0.017278403590796288 0.015625
5 0.97021056527482 0.48046875 0.02363748789975162 0.034375
0 0.0671875 0.85 0.134375 0.209375
5 0.13203125 0.86953125 0.2640625 0.2609375
8 0.74453125 0.775 0.5109375 0.45