9 0.2919249213483853 0.18213760128900205 0.282868083916172 0.2813976400381801
9 0.10234375 0.23515625 0.2046875 0.2828125
9 0.07578125 0.384375 0.1515625 0.35
8 0.31015625 0.69765625 0.2984375 0.2765625
6 0.5086821919346448 0.8269142992918657 0.0396806444174139 0.10670453333863605
6 0.631923728333586 0.6575001332750027 0.015861349336070064 0.04080681333545435
6 0.7473851018701528 0.6280297145926397 0.01428066861791084 0.03766363200190899
6 0.8908942073545429 0.5849507819064589 0.01427157825883114 0.03610113200190899
6 0.48285951443793945 0.6857989506285926 0.01427157825883132 0.03610113200190899
6 0.4866703156676035 0.669347247294729 0.007967036104353476 0.026653406667727354
6 0.563932252435887 0.6543847712842294 0.011119307181592398 0.03137726933481808
6 0.6887958970496927 0.629492764600594 0.011101126463433175 0.02825226933481808
6 0.8575060321955286 0.8892661119112313 0.06666130093507654 0.17888861600890876
6 0.9236567103796052 0.5759752239020045 0.012681807181592574 0.03139545066836362
6 0.7847487464839585 0.6041558625875492 0.01269089754067192 0.03295795066836362
6 0.93359375 0.5734375 0.0109375 0.028125
6 0.9625 0.56171875 0.009375 0.0046875
6 0.9119288700205255 0.5745490839035954 0.009502265027114732 0.021984088001272717
6 0.8953125 0.56796875 0.009375 0.0171875
6 0.8463129603796051 0.576875199912504 0.00791249394987581 0.017278406667727175
6 0.8370924964839584 0.6035467879137767 0.01426248789975162 0.034538632001908987
6 0.8393680687908613 0.5918007659134585 0.007948855386194253 0.023528406667727174
6 0.8416936380727023 0.5886484939131403 0.0063681746680352095 0.02038522533418181
6 0.8002782977136226 0.5875677992520947 0.007903403590796198 0.015715906667727174
6 0.7761368157657993 0.6011308599220491 0.007939765027114732 0.021965906667727176
6 0.7683379513044188 0.6035655165897762 0.007930674668035032 0.020403406667727175
6 0.7144862434588964 0.6135677725970942 0.007930674668035032 0.020403406667727175
6 0.6934243097156751 0.6192819705999576 0.007930674668035032 0.020403406667727175
6 0.6372333970496926 0.6300927486075937 0.007939765027114732 0.021965906667727176
6 0.5919708940246305 0.6392137572804115 0.00791249394987581 0.017278406667727175
6 0.5818100988450907 0.6385506859484569 0.00791249394987581 0.017278406667727175
6 0.5973578307929139 0.6250876226130024 0.006331813231716587 0.014135225334181812
6 0.5700458970496927 0.6308745459500478 0.0063227228726368875 0.01257272533418181
6 0.5404583909995685 0.6484074912874112 0.006368174668035032 0.02038522533418181
6 0.5263958909995685 0.6485711232893202 0.007921584308955332 0.018840906667727177
6 0.48969986689726747 0.6529046346276381 0.00634999394987581 0.01726022533418181
6 0.5052612343837102 0.6417853212921838 0.0063227228726368875 0.01257272533418181
6 0.47957088797450637 0.6577103132956836 0.007930674668035032 0.020403406667727175
6 0.5489566922292324 0.6319012439529113 0.0063227228726368875 0.01257272533418181