8 0.271875 0.35859375 0.515625 0.3421875
6 0.94765625 0.26484375 0.1046875 0.5296875
2 0.8296875 0.12332685304850326 0.1515625 0.14306926483072288
3 0.84921875 0.363056973560008 0.1078125 0.1131272347764936
4 0.87578125 0.46484375 0.2484375 0.1296875
5 0.8140625 0.26484375 0.371875 0.5296875
1 0.24609375 0.73203125 0.4921875 0.3078125
4 0.26484375 0.89140625 0.5296875 0.2171875
5 0.26484375 0.76484375 0.5296875 0.4703125
8 0.7265625 0.8703125 0.39375 0.259375
7 0.9578125 0.7748166301758663 0.015625 0.02196590359079611
5 0.9578125 0.7677853801758662 0.01875 0.045421584308955334
8 0.86640625 0.76484375 0.2671875 0.4703125
8 0.92265625 0.76484375 0.1546875 0.4703125