1 0.8625 0.015625 0.071875 0.03125
7 0.8407447373105764 0.14548275516636142 0.17328400565734087 0.24318743949875793
5 0.81328125 0.23984375 0.3734375 0.4796875
3 0.07518843588452065 0.5895811713483854 0.014226126463433176 0.028206813231716588
0 0.09077252926866235 0.5826408249391815 0.026835210772388506 0.047029536104353654
7 0.04564638162979455 0.6144084545258727 0.07417381908544902 0.12698974687674217
5 0.05234375 0.69296875 0.1046875 0.2953125
7 0.52734375 0.70078125 0.1359375 0.3109375
3 0.56015625 0.4953125 0.0421875 0.03125
5 0.61171875 0.73984375 0.3046875 0.5203125
8 0.7296875 0.73984375 0.540625 0.5203125