0 0.659375 0.23125 0.040625 0.06875
4 0.6415406646108901 0.3243514927593594 0.06629768657189175 0.11638861600890885
3 0.6685344357863248 0.2645134160964046 0.014153403590796287 0.015788632001909164
5 0.625 0.346875 0.109375 0.30625
8 0.921875 0.25859375 0.15625 0.4828125
8 0.83984375 0.325 0.3203125 0.35
1 0.36484375 0.92265625 0.4203125 0.1546875
2 0.43359375 0.6359375 0.4828125 0.271875
5 0.33984375 0.75 0.6796875 0.5
1 0.83984375 0.9359375 0.3203125 0.128125
2 0.83984375 0.67734375 0.3203125 0.3546875
5 0.83984375 0.75 0.3203125 0.5