9 0.46796875 0.40625 0.0828125 0.0875
0 0.323695322724361 0.3500150554330765 0.01110113200190881 0.014126132513557366
7 0.3247765647278609 0.37579176025353667 0.02229317067154497 0.03606476502711473
5 0.3273021280633152 0.39140312471491717 0.043369286680454165 0.10180793969514959
3 0.3238225920591791 0.36095255543307647 0.006322725334181811 0.006286361436318444
0 0.4943890833863612 0.31464466111385836 0.009520450668363623 0.012554542154477665
5 0.4883572593889067 0.33343102255017687 0.033376121339908596 0.048628397540672094
4 0.48361521538827007 0.3287707936274157 0.019040901336727246 0.02510908430895542
9 0.890625 0.07890625 0.16875 0.1578125
2 0.61015625 0.08984375 0.2015625 0.1796875
3 0.7577516020448616 0.07521206079582968 0.10757723734881744 0.11468064441741407
3 0.58984375 0.31015625 0.1609375 0.1796875
4 0.78359375 0.25390625 0.3265625 0.3921875
5 0.66171875 0.225 0.3046875 0.45
5 0.86171875 0.08828125 0.1828125 0.1765625
5 0.753125 0.225 0.4875 0.45
8 0.2328125 0.85546875 0.465625 0.2890625
1 0.85625 0.7515625 0.2875 0.33125
2 0.796875 0.5359375 0.40625 0.171875
4 0.7546875 0.90625 0.490625 0.1875
5 0.7546875 0.725 0.490625 0.55