9 0.5684549340785873 0.06200717983439645 0.030087489337999783 0.034547716822512696
9 0.2820907200827235 0.09080784894328664 0.017660214672181596 0.04072499394987581
9 0.31738333008431435 0.10273113202257803 0.08859088001272664 0.09425906010845857
9 0.3620054867520415 0.11080270725634715 0.017660214672181596 0.04072499394987581
9 0.3892310580839961 0.1008055385402404 0.052253390674726855 0.059674981849627426
4 0.7515625 0.10234375 0.225 0.2046875
4 0.86640625 0.1328125 0.2671875 0.265625
5 0.8390625 0.2296875 0.321875 0.459375
5 0.81171875 0.2296875 0.3453125 0.459375
5 0.68828125 0.16953125 0.0984375 0.3390625
3 0.14031920138445217 0.6565601139704013 0.2794896947008166 0.2531714935570923
0 0.109375 0.63046875 0.21875 0.3421875
7 0.23203125 0.91328125 0.4640625 0.1734375
5 0.31953125 0.7296875 0.6390625 0.540625