0 0.25 0.02578125 0.075 0.0515625
3 0.35859375 0.02836497457832223 0.0265625 0.03780908267027261
3 0.225 0.06429447859645779 0.0203125 0.034611357336090796
7 0.16953125 0.1625 0.1671875 0.29375
7 0.38671875 0.16328125 0.1703125 0.2921875
5 0.3484375 0.1546875 0.296875 0.309375
5 0.14921875 0.1546875 0.2765625 0.309375
3 0.64453125 0.18359375 0.1890625 0.2515625
4 0.775 0.25 0.45 0.11875
5 0.775 0.1546875 0.45 0.309375
4 0.12734375 0.4546875 0.2546875 0.290625
4 0.45546875 0.46953125 0.1890625 0.3203125
5 0.20625 0.6546875 0.4125 0.690625
5 0.375 0.6546875 0.35 0.690625
7 0.6203125 0.6296875 0.140625 0.328125
3 0.6640625 0.4035558785805494 0.04375 0.0505090773392725
2 0.6875 0.33359375 0.08125 0.0484375
5 0.64296875 0.6546875 0.1859375 0.690625
8 0.775 0.6546875 0.45 0.690625