1 0.4448953852440319 0.03903314539937264 0.033057939695149585 0.042378397540672005
1 0.47225277078265127 0.04121781411547933 0.014144313231716587 0.014144313231716544
1 0.5679879724798534 0.11331955221162264 0.03471134328594587 0.05801248789975162
0 0.5583448068870048 0.06728034436610035 0.056704517953980724 0.07845225292686626
0 0.37874821047780094 0.08395073566025638 0.05672269867214012 0.08157725292686617
0 0.4328125 0.00625 0.04375 0.0125
0 0.4625 0.015625 0.03125 0.03125
7 0.4514135508368805 0.08509053396305415 0.09430451190385672 0.09585792154477701
7 0.3404629361791082 0.21777174463724686 0.12158515027114661 0.21944995764913058
7 0.5921875 0.165625 0.034375 0.209375
5 0.56875 0.25859375 0.08125 0.5078125
5 0.4875 0.0640625 0.075 0.128125
5 0.453125 0.07109375 0.1375 0.1421875
5 0.3688651921310366 0.2652643681738137 0.201028252337691 0.4464669756031114
8 0.653125 0.38203125 0.0875 0.3359375
5 0.8046875 0.775 0.390625 0.45
4 0.8046875 0.840625 0.390625 0.31875