0 0.2703125 0.05 0.015625 0.025
0 0.32734375 0.06328125 0.015625 0.0234375
3 0.26953125 0.06796875 0.00625 0.009375
4 0.25859375 0.08203125 0.028125 0.0390625
4 0.3328125 0.1109375 0.021875 0.059375
5 0.33671875 0.109375 0.04375 0.11875
5 0.26484375 0.1015625 0.0515625 0.13125
6 0.8609375 0.05 0.015625 0.0421875
6 0.6640625 0.034375 0.021875 0.0453125
9 0.7546875 0.29453125 0.490625 0.5890625
8 0.3203125 0.67890625 0.29375 0.1578125
8 0.071875 0.73515625 0.14375 0.2921875
8 0.2640625 0.925 0.265625 0.15
8 0.703125 0.79375 0.3875 0.409375
7 0.515625 0.78359375 0.0125 0.0328125
5 0.52109375 0.7984375 0.0234375 0.0875