5 0.190625 0.25546875 0.38125 0.5109375
8 0.8360304871141846 0.49129067973620055 0.13516586123992685 0.13671927088084707
8 0.60859375 0.53203125 0.0984375 0.1109375
6 0.20368666148763212 0.9063833728491959 0.02542724687674198 0.07358294574527377
0 0.6799122973208391 0.8117571949597069 0.17242042154477702 0.0947499394987581
3 0.6451105713249442 0.8724901618804155 0.033030668617910666 0.0376908975406721
4 0.9521185745463981 0.7359997126191002 0.07547269867214013 0.08168633723582168
4 0.79140625 0.77109375 0.2296875 0.1640625
4 0.7109375 0.9359375 0.253125 0.128125
5 0.94296875 0.7390625 0.0953125 0.1
5 0.76328125 0.82265625 0.2765625 0.2671875
5 0.709375 0.88125 0.3 0.2375