6 0.03284469808240527 0.40546875 0.03177725867281787 0.0453125
9 0.1984375 0.234375 0.38125 0.43125
9 0.93515625 0.07890625 0.1296875 0.1578125
7 0.65546875 0.11796875 0.1796875 0.2359375
5 0.6625 0.225 0.359375 0.45
0 0.35234375 0.71015625 0.0734375 0.1734375
5 0.26953125 0.80703125 0.2390625 0.3859375
3 0.37890625 0.86328125 0.0203125 0.0671875
8 0.69453125 0.725 0.6109375 0.55
8 0.66484375 0.79375 0.4171875 0.4125
8 0.959375 0.759375 0.08125 0.109375
0 0.6592526567472691 0.88125 0.015770450668363623 0.0125
3 0.6563003794159508 0.89609375 0.00948408800127254 0.009375
4 0.6572725334181779 0.9125 0.020712489337999785 0.034375
5 0.662804918085587 0.91796875 0.04474997334499946 0.0859375