8 0.2046875 0.125 0.409375 0.25
8 0.14296875 0.6375 0.2859375 0.403125
8 0.33203125 0.5796875 0.1546875 0.378125
6 0.8371479376520462 0.75546875 0.07289312021691714 0.175
6 0.7035547085328934 0.62109375 0.034920421544777015 0.09375
6 0.6195387777165383 0.559375 0.02538179508134384 0.065625
6 0.5501575186413519 0.53359375 0.019049981849627428 0.0515625
6 0.5049268318730685 0.51953125 0.015897710772388506 0.046875
6 0.4417092143866258 0.50859375 0.017442030054229462 0.04375
5 0.57734375 0.96640625 0.3046875 0.0671875
9 0.7046875 0.8265625 0.590625 0.346875