2 0.2956605380492611 0.6269759587444055 0.02832498789975162 0.03470226400381797
2 0.038366188516799314 0.7130385387094071 0.040861349336070066 0.041097714672181596
4 0.29453125 0.70703125 0.0421875 0.0859375
5 0.29765625 0.678125 0.0953125 0.14375
5 0.06015625 0.70078125 0.1203125 0.0984375
1 0.58125 0.4234375 0.384375 0.284375
2 0.584375 0.1421875 0.390625 0.159375
4 0.69453125 0.65546875 0.6109375 0.1890625
5 0.69453125 0.4046875 0.6109375 0.690625
4 0.19453125 0.89140625 0.3890625 0.2171875
5 0.19453125 0.875 0.3890625 0.25
5 0.57265625 0.875 0.3671875 0.25