7 0.49765625 0.23977244702182016 0.1 0.31776928298109547
7 0.11875 0.32244560909862746 0.15 0.21024767447164336
0 0.23359375 0.2647462177062755 0.065625 0.12694429508134383
0 0.465625 0.03359375 0.075 0.0671875
3 0.4671875 0.09151220902387269 0.0234375 0.032948855386194256
3 0.20390625 0.31804393452878826 0.01875 0.03292158430895533
5 0.13984375 0.41875 0.2546875 0.440625
5 0.4828125 0.31953125 0.125 0.6390625
9 0.609375 0.44375 0.11875 0.190625
0 0.87421875 0.388973537184508 0.0203125 0.04386817466803503
4 0.87578125 0.4194331968254284 0.0328125 0.04862839754067192
5 0.8796875 0.4412854709277294 0.05 0.1565408914905479
4 0.24921875 0.81953125 0.2546875 0.3609375
0 0.1234375 0.7 0.084375 0.121875
5 0.19609375 0.81953125 0.3921875 0.3609375
8 0.728125 0.81953125 0.35625 0.3609375