4 0.6751980471244474 0.4597629029034252 0.12420109016268785 0.1319681383672897
2 0.6606264870159888 0.3721810896717086 0.04231476502711473 0.022120439695149586
5 0.66640625 0.496875 0.1828125 0.284375
5 0.65625 0.03125 0.13125 0.0625
2 0.14881072560311148 0.6992248578220812 0.058067030054229286 0.04408634328594587
1 0.12573229478675635 0.7608072524358869 0.03154089149054773 0.050181807181592396
3 0.07421875 0.66953125 0.0609375 0.0609375
4 0.15029647843178182 0.8203231530016211 0.06613406010845857 0.08788179508134411
4 0.0578125 0.81953125 0.115625 0.3609375
5 0.19453125 0.81953125 0.3890625 0.3609375
5 0.14924706283893308 0.7742248578220812 0.10742265632127079 0.2021806444174139
2 0.6723482195529873 0.7532770744482022 0.3854749334486337 0.1912987283335859
5 0.69453125 0.81953125 0.6109375 0.3609375