9 0.0609375 0.18203125 0.121875 0.3640625
9 0.37578125 0.2 0.2078125 0.4
7 0.16015625 0.2 0.3078125 0.4
5 0.1671875 0.2 0.334375 0.4
3 0.16875 0.009375 0.06875 0.01875
1 0.49453125 0.04509939744247608 0.028125 0.020476126463433175
1 0.73046875 0.05428454166349841 0.028125 0.025163626463433175
1 0.5890625 0.11127436416679296 0.0265625 0.025154536104353475
1 0.70234375 0.19787091520006528 0.0359375 0.03458407825883123
1 0.93046875 0.10154185762568946 0.0390625 0.03303975897699045
2 0.49609375 0.01171875 0.0328125 0.0234375
2 0.58359375 0.07218004791001431 0.0625 0.050363614363184706
2 0.57890625 0.00625 0.0265625 0.0125
2 0.615625 0.0046875 0.034375 0.009375
2 0.73671875 0.01015625 0.0546875 0.0203125
2 0.703125 0.13225046037960508 0.0890625 0.07083065046753827
2 0.9390625 0.03987310460062736 0.078125 0.05982951795398091
4 0.93828125 0.17658730942108752 0.0890625 0.13958065046753818
4 0.75703125 0.11928282776785189 0.0765625 0.11919542759490129
4 0.6515625 0.29835672852997774 0.10625 0.1990556444174139
4 0.6265625 0.07789878278470379 0.0578125 0.09096134328594588
4 0.56015625 0.18063744252382005 0.06875 0.14571247579950314
4 0.58828125 0.04486356898725319 0.0359375 0.02677157825883114
4 0.50078125 0.103125 0.0421875 0.090625
5 0.49296875 0.20390625 0.0265625 0.3921875
5 0.51328125 0.2 0.0671875 0.4
5 0.54609375 0.22265625 0.1328125 0.3546875
5 0.58203125 0.02421875 0.0609375 0.0484375
5 0.63984375 0.0609375 0.0984375 0.121875
5 0.68125 0.24296875 0.203125 0.3140625
5 0.7625 0.11796875 0.15 0.2359375
5 0.80546875 0.03046875 0.0453125 0.0609375
5 0.925 0.0109375 0.0375 0.021875
5 0.9328125 0.1578125 0.134375 0.3
3 0.33984375 0.5607810231203423 0.03125 0.0548693071815924
7 0.4046875 0.60390625 0.15 0.1828125
0 0.3203125 0.516136143631847 0.059375 0.10503293364502539
5 0.36953125 0.68984375 0.2203125 0.4578125
8 0.7546875 0.6696691680287357 0.3890625 0.4163259994108248
0 0.88203125 0.5219725322937245 0.021875 0.01731476502711473
7 0.87890625 0.5696106015755653 0.0421875 0.06430793969514959
5 0.86640625 0.5773503787029283 0.075 0.13481133723582167