4 0.68671875 0.090625 0.2234375 0.18125
5 0.6390625 0.175 0.415625 0.35
8 0.21484375 0.675 0.4296875 0.65
8 0.21484375 0.53515625 0.4296875 0.3703125
5 0.36875 0.454221808163551 0.0421875 0.05805793969514976
4 0.36328125 0.4581598744203297 0.028125 0.031413626463433174
4 0.03046875 0.7116586209042882 0.0125 0.03913522287263689
5 0.053125 0.7185580606976337 0.071875 0.14885565651766228
1 0.65546875 0.74921875 0.4515625 0.3171875
2 0.69140625 0.4515625 0.5234375 0.203125
4 0.71484375 0.9 0.5703125 0.2
5 0.71484375 0.675 0.5703125 0.65