7 0.05016034794718429 0.384375 0.025545440006363405 0.046875
5 0.06607570194145725 0.4265625 0.0805249360279987 0.20625
8 0.2 0.34453125 0.4 0.6890625
6 0.595255219287093 0.1234375 0.025654528007635947 0.05625
6 0.7276046426241383 0.09609375 0.022420440006363406 0.046875
6 0.8594449886219111 0.1125 0.02082157733927268 0.04375
6 0.958245567950366 0.1484375 0.02558180267345449 0.05
6 0.97421875 0.353125 0.0515625 0.1375
9 0.6328125 0.43125 0.465625 0.515625
5 0.4046875 0.025 0.009375 0.05
4 0.2828125 0.75234375 0.234375 0.1265625
5 0.2546875 0.84453125 0.290625 0.3109375
6 0.9942376119510022 0.8609375 0.004960220003181704 0.0234375
6 0.974815449952275 0.8515625 0.008085220003181704 0.0234375
6 0.9693830626193659 0.8484375 0.008085220003181348 0.0234375
6 0.9581086606063209 0.94453125 0.02561816534054522 0.053125
6 0.90546875 0.975 0.0453125 0.05
6 0.8827006752864566 0.8453125 0.01280908267027243 0.0265625
6 0.874779087285184 0.8546875 0.016006808004454597 0.0328125
6 0.7936927192870931 0.840625 0.019149989337999784 0.034375
6 0.654793851289002 0.8265625 0.0223840773392725 0.04375
6 0.517130219287093 0.840625 0.02561816534054522 0.053125
6 0.8119705519573654 0.8140625 0.011210220003181703 0.0234375
9 0.590625 0.94609375 0.38125 0.1078125
6 0.7559750906270019 0.7921875 0.011173857336090798 0.0203125
6 0.721009744629229 0.77578125 0.009593176002545434 0.01875
9 0.7440205306333652 0.7453125 0.033321577339272504 0.04375