8 0.2697086845958214 0.3 0.02848862667090888 0.03125
9 0.29847857459423055 0.31171875 0.031577264003817974 0.028125
0 0.2359375 0.34453125 0.01875 0.0296875
4 0.378125 0.33125 0.025 0.05625
0 0.3799831132638668 0.28984375 0.014298857336090797 0.0203125
5 0.37890625 0.31875 0.0390625 0.08125
4 0.7 0.1796875 0.6 0.359375
5 0.7 0.1796875 0.6 0.359375
5 0.190625 0.97734375 0.04375 0.0453125
4 0.184375 0.98828125 0.01875 0.0234375
8 0.32734375 0.85078125 0.1453125 0.2984375
8 0.2 0.7 0.4 0.6
9 0.05 0.79140625 0.1 0.0984375
7 0.1710722846117298 0.7453125 0.01293635200509069 0.0375
0 0.17990239194782057 0.725 0.009484088001272716 0.009375
5 0.1740336526098208 0.759375 0.02282042934436319 0.08125
8 0.7 0.6984375 0.6 0.453125
2 0.5061638052594125 0.56015625 0.03310340133672707 0.025
3 0.5042922225891399 0.58671875 0.01733295066836362 0.0125
4 0.4882126892505038 0.62578125 0.04160679201145392 0.084375
5 0.5176547412476402 0.646875 0.1039260733609078 0.203125