9 0.36484375 0.4 0.0703125 0.378125
9 0.06328125 0.3765625 0.1265625 0.525
7 0.2671875 0.4359375 0.25625 0.40625
5 0.26953125 0.325 0.2609375 0.628125
3 0.28652681069763375 0.21417016441449835 0.06131929508134384 0.06597952400410509
0 0.30376937373295865 0.07051561318483432 0.11636131908544911 0.1272351865718917
8 0.66640625 0.31953125 0.5328125 0.6390625
8 0.89453125 0.4125 0.2109375 0.453125
5 0.48100299766230903 0.2244692557555366 0.03487496974937905 0.08613748789975162
6 0.09610075683569112 0.8128328398681003 0.028724963699254768 0.10328862646343318
6 0.2390625 0.6578125 0.0125 0.0375
6 0.3578125 0.65 0.009375 0.021875
6 0.0015625 0.66875 0.003125 0.034375
6 0.08678991023009557 0.6674612525340828 0.009574987899751619 0.03442954215447784
6 0.0921875 0.6515625 0.00625 0.025
6 0.1703125 0.65078125 0.00625 0.0234375
6 0.29765625 0.64453125 0.0078125 0.0109375
6 0.06171875 0.65078125 0.0078125 0.0234375
6 0.14765625 0.6421875 0.0046875 0.00625
6 0.134375 0.64140625 0.00625 0.0046875
6 0.09765625 0.64140625 0.0046875 0.0046875
6 0.0859375 0.64453125 0.00625 0.0109375
6 0.04375 0.6484375 0.00625 0.01875
6 0.0328125 0.646875 0.00625 0.015625
6 0.015625 0.646875 0.00625 0.015625
6 0.009375 0.64296875 0.00625 0.0078125
8 0.7 0.81953125 0.6 0.3609375