1 0.884375 0.175 0.23125 0.221875
2 0.80625 0.04921875 0.3875 0.0984375
4 0.734375 0.47890625 0.53125 0.2609375
5 0.734375 0.3046875 0.53125 0.609375
5 0.86875 0.8046875 0.215625 0.390625
5 0.67109375 0.8046875 0.1796875 0.390625
5 0.54609375 0.8046875 0.1546875 0.390625
3 0.5596896591499411 0.7066504966803503 0.047120439695149584 0.042460210772388506
3 0.7118106953524904 0.6692555566906131 0.03162270472226432 0.0642443071815924
3 0.8659532946885605 0.7107759570599554 0.051844301131468026 0.04873748184962743
2 0.8640625 0.625 0.078125 0.03125
2 0.5453125 0.628125 0.078125 0.0375
4 0.55 0.865625 0.109375 0.26875
4 0.66328125 0.8453125 0.1328125 0.309375
4 0.875 0.865625 0.159375 0.26875