5 0.384375 0.2140625 0.2625 0.309375
6 0.540625 0.21328125 0.003125 0.0171875
6 0.5479123426967707 0.2015625 0.007885222872636887 0.0125
6 0.552568026439992 0.19609375 0.0063227228726368875 0.0125
6 0.5572237101832134 0.190625 0.0063136325135573655 0.0109375
6 0.5618748487468949 0.184375 0.007894313231716587 0.0140625
6 0.7285174480829649 0.225 0.023655668617910842 0.0375
6 0.6768367734149299 0.2046875 0.014198855386194253 0.0234375
6 0.6580413216195318 0.196875 0.012618174668034854 0.0203125
6 0.6314151891059745 0.1859375 0.007885222872636887 0.0125
6 0.6235845083878153 0.1828125 0.0063136325135573655 0.0109375
6 0.6196646228491958 0.18046875 0.006304542154477666 0.009375
6 0.6165168969514967 0.1765625 0.00476931323171641 0.0140625
6 0.9904174843837101 0.121875 0.0063045421544778435 0.009375
6 0.9381100958200286 0.128125 0.0062954517953983215 0.0078125
6 0.5642231439264347 0.18515625 0.0031795421544778433 0.009375
6 0.5673345083878153 0.1828125 0.004723861436318444 0.00625
6 0.5766958728491958 0.18046875 0.004723861436318444 0.00625
6 0.5922981469514967 0.1765625 0.004723861436318444 0.00625
6 0.6086862162333375 0.1734375 0.0031613614363184437 0.00625
6 0.6204140565924172 0.175 0.003170451795397966 0.0078125
6 0.6227487162333375 0.1734375 0.003170451795397966 0.0078125
6 0.6313288306947181 0.17109375 0.004723861436318444 0.00625
6 0.6422526951560987 0.16875 0.004723861436318444 0.00625
6 0.6656629240788599 0.1640625 0.004723861436318444 0.00625
6 0.699229403001621 0.159375 0.004732951795397966 0.0078125
6 0.7281083819243822 0.1546875 0.004732951795397966 0.0078125
6 0.758554406026683 0.15078125 0.004732951795397966 0.0078125
6 0.8061606590517453 0.1421875 0.004723861436318444 0.00625
6 0.787437930128984 0.146875 0.004723861436318444 0.00625
6 0.815540204231285 0.14296875 0.004732951795397966 0.0078125
6 0.8428566831540462 0.13828125 0.0031613614363184437 0.00625
6 0.8600396379745063 0.1375 0.006295451795397966 0.0078125
6 0.8873515717177277 0.13203125 0.004732951795397966 0.0078125
6 0.9006328217177277 0.13203125 0.004732951795397966 0.0078125
6 0.928726005460949 0.1265625 0.004732951795397966 0.0078125
6 0.9802521440246306 0.1203125 0.004742042154477844 0.009375
9 0.76953125 0.30078125 0.4609375 0.1359375
9 0.11796875 0.38515625 0.2359375 0.0328125
8 0.37337997530852385 0.43203125 0.07559996369925477 0.103125
8 0.384375 0.5171875 0.309375 0.296875
7 0.050501011511073224 0.39375 0.020539758976990452 0.0390625
5 0.04921875 0.4015625 0.0265625 0.065625
5 0.06323736084714329 0.434375 0.017323855386194253 0.0234375
7 0.06482258674484233 0.43828125 0.015715903590796176 0.015625
0 0.046875 0.37109375 0.009375 0.0046875
0 0.06554020423128501 0.42734375 0.0078579517953981 0.0078125
0 0.11156123135864807 0.41484375 0.00786704215447771 0.009375
0 0.13636124345889647 0.38046875 0.00943863251355732 0.0109375
4 0.1647089572563471 0.41875 0.01897725897699045 0.0390625
2 0.16061180971567515 0.3859375 0.009438632513557366 0.0109375
5 0.1615748668972675 0.4171875 0.030123837235821682 0.075
7 0.13729248438371017 0.40625 0.022074987899751618 0.034375
7 0.12179020423128502 0.42734375 0.015743174668035032 0.0203125
5 0.12020952351312578 0.42421875 0.025181807181592353 0.03125
5 0.13573452956325 0.40703125 0.03008747579950315 0.06875
7 0.15779133674484233 0.43828125 0.011037493949875809 0.0171875
5 0.15619247530852384 0.43203125 0.01581589754067201 0.0328125
8 0.76953125 0.684375 0.4609375 0.63125