5 0.30234375 0.26484375 0.5328125 0.5296875
0 0.6500933652469475 0.19554937021691715 0.06904998184962743 0.051962475799503235
2 0.6852455909482548 0.06215560811666876 0.0642443071815924 0.03162270472226432
4 0.6426308440715127 0.13534766842151907 0.08496587334017516 0.10205337939029935
3 0.6898149162802197 0.08249537919390768 0.03134999394987581 0.01736930718159222
5 0.66328125 0.17421875 0.1890625 0.2609375
5 0.90078125 0.06328125 0.1984375 0.1265625
8 0.35234375 0.76484375 0.4328125 0.4703125
8 0.8140625 0.74140625 0.371875 0.4234375
2 0.8568296994577069 0.6382565833269969 0.01885908430895533 0.01885908430895533
3 0.8590234585328933 0.6640514688656162 0.007876132513557366 0.010982951795398144
4 0.8635518772490001 0.691422489942855 0.04561248184962743 0.05182612041330899
5 0.8517558591968232 0.7046355622497579 0.0946408551898024 0.153670421544777
5 0.72109375 0.55703125 0.0390625 0.0546875