0 0.14921875 0.10429363202257799 0.075 0.10668633723582163
0 0.30234375 0.15127823721238054 0.0671875 0.09726588544042358
7 0.315625 0.3359375 0.046875 0.278125
7 0.13515625 0.33546181879086145 0.125 0.31322722872636943
3 0.3125 0.23102482454639803 0.03125 0.034556807181592396
3 0.16171875 0.18561635489521494 0.028125 0.03766362646343309
5 0.1546875 0.271875 0.18125 0.45625
5 0.30390625 0.2984375 0.0703125 0.403125
4 0.703125 0.26055778844204464 0.134375 0.14140677088084708
2 0.678125 0.1705685926967707 0.0453125 0.025263620413308985
5 0.69921875 0.3027225625443455 0.1984375 0.3027169756031114
2 0.76328125 0.8054026558302914 0.453125 0.13544870413308913
3 0.76953125 0.978125 0.4609375 0.04375
5 0.66953125 0.85703125 0.6609375 0.2859375