0 0.1703125 0.1140625 0.31875 0.228125
3 0.2078125 0.3078125 0.1078125 0.1640625
7 0.16171875 0.35546875 0.3234375 0.3265625
5 0.2 0.259375 0.4 0.51875
8 0.61796875 0.14921875 0.1578125 0.1953125
8 0.76953125 0.115625 0.4609375 0.23125
0 0.465625 0.553125 0.146875 0.06875
3 0.50546875 0.65078125 0.0671875 0.0953125
3 0.28125 0.7625 0.196875 0.178125
4 0.20546875 0.91328125 0.4109375 0.1734375
4 0.48125 0.8578125 0.115625 0.284375
5 0.453125 0.759375 0.171875 0.48125
5 0.25 0.759375 0.5 0.48125
5 0.76953125 0.75703125 0.4609375 0.4765625