8 0.16015625 0.184375 0.3203125 0.36875
0 0.58203125 0.04453125 0.1390625 0.0890625
3 0.559735489078102 0.140895627249 0.07376475292686635 0.056677246876741985
7 0.5857798386105638 0.22980359114464655 0.2668794695529872 0.2171703610435351
5 0.58984375 0.184375 0.3421875 0.36875
8 0.1921875 0.68984375 0.384375 0.6203125
5 0.04695577147002226 0.568357031036188 0.029951120413308985 0.0454852168225127
0 0.6993580879231927 0.520420021666414 0.23296807786604773 0.2966578731437835
7 0.90390625 0.71875 0.1921875 0.43125
3 0.7848956121236895 0.588670051917035 0.12124880698520073 0.16163745764913068
5 0.7734375 0.65703125 0.453125 0.5765625