8 0.096875 0.17265625 0.19375 0.3453125
3 0.2631459846833174 0.028359408560765863 0.030287484006999675 0.0517352168225127
7 0.2735942307049527 0.18778440553570377 0.2144828600413618 0.3059146984757485
5 0.24296875 0.209375 0.3203125 0.41875
8 0.709375 0.209375 0.58125 0.41875
8 0.55703125 0.2015625 0.2765625 0.403125
2 0.924303302713225 0.09541509835411141 0.01424431333545435 0.015706813231716587
3 0.9159186380489978 0.11333385137917355 0.007957950668363623 0.012545451795398144
4 0.9154101080521795 0.13676680619963372 0.023946577339272322 0.04388635538619425
5 0.9060078360518613 0.13436851404515598 0.057486330681090436 0.10657725292686626
1 0.31796875 0.59921875 0.2015625 0.3609375
4 0.209375 0.790625 0.41875 0.41875
5 0.209375 0.709375 0.41875 0.58125