8 0.25078125 0.209375 0.5015625 0.41875
0 0.07162411611170061 0.3984375 0.011019313231716588 0.0140625
7 0.07265625 0.41171875 0.0140625 0.0140625
5 0.0765625 0.40546875 0.025 0.0265625
2 0.9671875 0.14140625 0.065625 0.0859375
3 0.97578125 0.2921875 0.0484375 0.140625
5 0.8421875 0.2328125 0.315625 0.371875
8 0.40390625 0.61015625 0.5515625 0.3828125
8 0.33125 0.78046875 0.6625 0.4390625
7 0.22210940856076586 0.88203125 0.03144998789975162 0.034375
7 0.6630964602814092 0.54140625 0.0298783975406721 0.0328125
2 0.2164497610200939 0.84921875 0.01572499394987581 0.0171875
2 0.6597987434588964 0.51171875 0.01572499394987581 0.0171875
5 0.65234375 0.55234375 0.0546875 0.0984375
5 0.22204123086766875 0.8703125 0.040979524004105095 0.0609375
3 0.7898867401392468 0.54609375 0.01728749394987581 0.0171875
2 0.7826555022394952 0.51171875 0.02511817466803503 0.0203125
4 0.7996253545024314 0.60859375 0.0662522347764937 0.1078125
5 0.80614806527482 0.65546875 0.10966693325224205 0.31875