0 0.19030333401436775 0.09315494207508745 0.0693681444174139 0.10704997867599957
0 0.0890625 0.0265625 0.075 0.053125
3 0.08404424365528822 0.0903561113939972 0.02519998789975162 0.03466590133672716
3 0.19227035499341075 0.16270437340863292 0.018940897540672096 0.03303067600254535
7 0.20934474638576273 0.2777390274108601 0.15327148750696812 0.29551358935390815
7 0.04453125 0.21953125 0.0890625 0.3140625
5 0.06640625 0.25 0.1328125 0.5
5 0.1890625 0.265625 0.25 0.46875
8 0.76484375 0.25 0.4703125 0.5
7 0.1171875 0.80390625 0.234375 0.3921875
7 0.35078125 0.85234375 0.2453125 0.2953125
7 0.4671875 0.83984375 0.125 0.3203125
0 0.41868740924813697 0.5910282733927245 0.1021897347764936 0.10899428668045381
0 0.16640625 0.5140625 0.1203125 0.028125
3 0.1453362676593933 0.6026902900222717 0.07537270472226432 0.06493520401018138
3 0.406024303665551 0.6971237320575883 0.056595433645025395 0.060029528007635946
5 0.45703125 0.75 0.1453125 0.5
5 0.3296875 0.75546875 0.346875 0.4890625
5 0.15234375 0.75 0.3046875 0.5
8 0.8140625 0.75 0.371875 0.5