5 0.3249475413689108 0.19439645725634716 0.017432939695149675 0.04228749394987581
8 0.38828125 0.15546875 0.1234375 0.2734375
8 0.225 0.225 0.45 0.45
1 0.7426072191602037 0.2492703096174793 0.22965218032537563 0.2638271924256241
4 0.7953125 0.3484375 0.409375 0.203125
5 0.725 0.225 0.55 0.45
8 0.225 0.73046875 0.45 0.5390625
8 0.22421875 0.725 0.4484375 0.55
9 0.5570050206844555 0.5940010266363838 0.04555793969514958 0.042451120413308986
9 0.6899584212501895 0.6189924571581512 0.0674783914905479 0.05039088544042354
9 0.6827635447867564 0.5908265505422929 0.04239657825883114 0.03618293969514976
9 0.6649356953524904 0.6149407614128773 0.05184430113146821 0.04873748184962743
9 0.7837356923274283 0.6242253787029284 0.05812157220870695 0.05346134328594587
9 0.9368970537637468 0.6313662338927308 0.06126475292686599 0.056604524004105095
8 0.47578125 0.77109375 0.0515625 0.1453125
8 0.85546875 0.88984375 0.2890625 0.2203125
8 0.453125 0.47578125 0.00625 0.0359375
9 0.5001823280624395 0.4952362737095175 0.026707945745273777 0.025154536104353475
9 0.5196953973442803 0.49222490319801276 0.025145445745273776 0.025145445745273776
9 0.5594664244716434 0.479956707354543 0.012627265027114731 0.02194772287263689
9 0.544654490728422 0.48533909894328653 0.032967036104353475 0.026753397540672096