9 0.25859375 0.37265625 0.2015625 0.2015625
0 0.08182906596118364 0.17454794370217042 0.0794340560152719 0.1129545179539809
3 0.060235329288683914 0.21763941354974525 0.033594297342454026 0.06737839754067192
0 0.0140625 0.22265625 0.028125 0.0546875
7 0.0421875 0.346875 0.084375 0.18125
7 0.1 0.3765625 0.171875 0.265625
5 0.12890625 0.265625 0.2578125 0.4875
5 0.07890625 0.315625 0.1578125 0.3875
8 0.87265625 0.09375 0.2546875 0.1875
8 0.23203125 0.6625 0.2546875 0.30625
8 0.0515625 0.690625 0.103125 0.259375