9 0.21796875 0.234375 0.4359375 0.46875
7 0.43515625 0.3234375 0.1484375 0.290625
5 0.42421875 0.234375 0.1703125 0.46875
1 0.7296875 0.3546875 0.440625 0.228125
2 0.753125 0.153125 0.4875 0.259375
5 0.7546875 0.234375 0.490625 0.46875
7 0.31484375 0.73515625 0.3890625 0.5296875
5 0.2546875 0.734375 0.509375 0.53125
8 0.7546875 0.734375 0.490625 0.53125
8 0.5671875 0.84453125 0.115625 0.3109375
2 0.8475850897699043 0.7619615852909141 0.01258181323171641 0.014135222872636887
3 0.8414396288993201 0.7799666967272325 0.0063136325135573655 0.010973861436318445
4 0.8423481439264346 0.8018371515476928 0.02054884933607006 0.04074317466803494
5 0.8329685987468949 0.8011104437021703 0.04745678298109546 0.1002727107723885