1 0.73359375 0.08515625 0.5328125 0.1703125
4 0.634375 0.21640625 0.73125 0.1265625
5 0.634375 0.13984375 0.73125 0.2796875
1 0.10546875 0.61328125 0.2109375 0.4984375
1 0.21953125 0.6671875 0.0984375 0.35
6 0.77421875 0.6570161385662319 0.04375 0.1255090773392725
6 0.965625 0.4360389252069149 0.00625 0.02507272533418181
6 0.97421875 0.426563927872415 0.00625 0.02351022533418181
6 0.98046875 0.41867870253823314 0.0046875 0.018804544000636268
6 0.984375 0.41394574920436955 0.0046875 0.015679544000636446
6 0.9296875 0.46223834587846013 0.01875 0.06740567600254525
6 0.93671875 0.4551252798775057 0.0125 0.061082950668363625
6 0.93515625 0.4715497112110511 0.0078125 0.040715906667727175
6 0.89609375 0.48606674454968724 0.0171875 0.04707499466899989
6 0.92265625 0.4560701618794146 0.009375 0.034484088001272714
6 0.88125 0.4471769672183689 0.009375 0.029796588001272717
6 0.8234375 0.4392559265595504 0.0078125 0.026653406667727177
6 0.7546875 0.43458715523554997 0.0078125 0.025090906667727175
6 0.684375 0.432280315245095 0.00625 0.02351022533418181
6 0.6078125 0.43629620058882174 0.0078125 0.023528406667727174
6 0.534375 0.44027572326545766 0.00625 0.02351022533418181
6 0.48203125 0.44635354793923004 0.00625 0.02351022533418181
6 0.46875 0.49728933927436636 0.015625 0.04705681333545453
6 0.4328125 0.4555200099459116 0.009375 0.028234088001272716
6 0.4078125 0.4831546612826386 0.0125 0.03920795066836362
6 0.40234375 0.4675932959500478 0.009375 0.034484088001272714
6 0.5984375 0.5067177885900944 0.0171875 0.05488749466899989
6 0.75859375 0.5017292019016864 0.0171875 0.05332499466899989
6 0.8578125 0.5521371872215506 0.025 0.07529090133672707
6 0.5390625 0.5574086792648213 0.028125 0.08001476400381798
6 0.3234375 0.5294489532940927 0.021875 0.06431703866963616
6 0.2703125 0.49765625 0.003125 0.0453125
6 0.290625 0.47592451129854707 0.0109375 0.03762726933481808
6 0.35078125 0.45569327995704745 0.009375 0.029796588001272717
6 0.4265625 0.44387398528009336 0.0078125 0.023528406667727174
6 0.496875 0.4352433252705484 0.00625 0.021947725334181812
6 0.59296875 0.4286564232575035 0.00625 0.021947725334181812
6 0.6921875 0.42672065857736774 0.0078125 0.021965906667727176
6 0.78359375 0.4287820505649592 0.0078125 0.021965906667727176
6 0.8765625 0.4331690112190053 0.0078125 0.023528406667727174
6 0.96015625 0.44000880987432395 0.009375 0.028234088001272716
6 0.39609375 0.95859375 0.0484375 0.0828125