7 0.0109375 0.0328125 0.021875 0.065625
5 0.58203125 0.06328125 0.1078125 0.1265625
5 0.1109375 0.0375 0.059375 0.075
5 0.03046875 0.1 0.0609375 0.2
8 0.875 0.34296875 0.25 0.6859375
9 0.6370524888817102 0.7459456998504905 0.02832498789975162 0.03453862646343318
9 0.4971496515476927 0.7569155369881162 0.025181807181592398 0.031395445745273774
9 0.2097950972929666 0.733588163058766 0.011173849336070064 0.040688632513557366
9 0.2417127178044714 0.7529330606976338 0.07549087939029935 0.08481133723582168
9 0.2845860190341354 0.7690893258229443 0.011173849336070064 0.040688632513557366
9 0.31196613047045385 0.762680244539051 0.045621572208706954 0.05338862041330898