6 0.56328125 0.28984375 0.3671875 0.5796875
4 0.775 0.4609375 0.278125 0.2375
3 0.7102315772768726 0.2770554629136878 0.1430965359079618 0.15707722267624522
2 0.66953125 0.02890625 0.1953125 0.0578125
5 0.67890625 0.28984375 0.5984375 0.5796875
4 0.50234375 0.965625 0.1234375 0.06875
4 0.6578125 0.94375 0.140625 0.1125
4 0.93984375 0.9171875 0.1203125 0.165625
2 0.4771044181269315 0.8250924662333375 0.08173178903121983 0.08328519867214013
3 0.49171688485124837 0.9197055294650541 0.05499657220870695 0.05344316256778647
3 0.6906492885402404 0.8716458002477054 0.04092498184962743 0.05179884933607006
5 0.8515625 0.86328125 0.296875 0.2734375
5 0.68359375 0.8984375 0.2390625 0.203125
5 0.51484375 0.884375 0.2703125 0.23125