8 0.39296875 0.16953125 0.3921875 0.3390625
5 0.932843056055043 0.11093038454809637 0.03702838001272681 0.09416817067154523
4 0.9425265913828614 0.070187205880051 0.011082950668363623 0.012627269334818081
3 0.9410913607176795 0.08114288721359642 0.004814769334818081 0.010992044000636358
4 0.9436260147199068 0.09752186521327824 0.011228401336727246 0.02512726933481808
8 0.646875 0.05 0.115625 0.1
8 0.79453125 0.159375 0.4109375 0.31875
5 0.1234375 0.39609375 0.08125 0.1140625
6 0.87578125 0.81796875 0.2484375 0.3640625
4 0.65078125 0.4859375 0.1234375 0.29375
4 0.71171875 0.40390625 0.1421875 0.1296875
5 0.703125 0.61953125 0.228125 0.5609375
5 0.67265625 0.66953125 0.1671875 0.6609375