8 0.04609375 0.284375 0.0921875 0.171875
9 0.15209939668204475 0.08178908605186126 0.026944308004454333 0.03312158267027256
9 0.17785337468172652 0.0797453280553611 0.028470445337363516 0.030014764003817973
9 0.2027806493475448 0.0737862293920882 0.026962489337999784 0.034684082670272565
9 0.2269539460136812 0.0701617900620426 0.02848862667090888 0.031577264003818016
9 0.2628096300127266 0.06354871073358784 0.030051126670909055 0.03159544533736343
9 0.2893357673456358 0.0607327934038604 0.02692612667090888 0.03155908267027256
9 0.31351815467854494 0.057889604073814785 0.02848862667090888 0.031577264003818016
9 0.33924486067790854 0.05350209607731462 0.028470445337363516 0.030014764003818018
9 0.3603113386775904 0.051403794080178124 0.028470445337363516 0.030014764003818018
9 0.38057838534372673 0.04773390141626891 0.026907945337363515 0.029996582670272564
9 0.39615793200986316 0.04400946475172336 0.02692612667090888 0.03155908267027256
9 0.4172335006763177 0.042692412754586864 0.031613626670908876 0.031613626670908876
9 0.4398442973424542 0.039049792090995815 0.030069308004454242 0.03315794533736345
5 0.3882032653962243 0.4344890140833598 0.014517033338636054 0.039226132001909164
8 0.30596293006045183 0.41556574407222396 0.12794537603436212 0.2545795066836355
8 0.29453125 0.35 0.5296875 0.7
8 0.24765625 0.85 0.4953125 0.3
8 0.48828125 0.9359375 0.1421875 0.128125
2 0.91015625 0.84375 0.1796875 0.1875
5 0.7796875 0.8625 0.440625 0.275