8 0.21484375 0.1515625 0.4296875 0.175
8 0.14453125 0.11953125 0.2890625 0.2390625
0 0.209375 0.7124058092775479 0.2171875 0.25721470536281676
3 0.26484375 0.8742603719366848 0.0421875 0.059865896005727136
0 0.03515625 0.53203125 0.0703125 0.2015625
4 0.23046875 0.9421875 0.2296875 0.115625
4 0.08671875 0.8265625 0.1734375 0.346875
5 0.10546875 0.70859375 0.2109375 0.5828125
5 0.23984375 0.78359375 0.3671875 0.4328125
0 0.92890625 0.3437717985757769 0.0390625 0.044204533338636144
0 0.8296875 0.47148881325591263 0.0296875 0.044095445337363516
0 0.7875 0.6415109592616396 0.028125 0.039389764003817974
0 0.871875 0.5936541672501857 0.03125 0.044113626670909054
3 0.921875 0.37354111457673145 0.0171875 0.015824994668999892
0 0.76875 0.8581353852641851 0.025 0.036228401336727244
0 0.7046875 0.8846620699395482 0.021875 0.03619203866963616
7 0.71171875 0.8908302539385937 0.046875 0.0630454400063634
7 0.79453125 0.6554916432606852 0.04375 0.06457157733927232
7 0.86796875 0.6116683705840492 0.0703125 0.09144316000954511
7 0.83515625 0.4964251785885036 0.0578125 0.08504770934118148
7 0.91875 0.4040462272438223 0.0890625 0.11978633601209036
5 0.91640625 0.43922974924414043 0.128125 0.23430336935072654
5 0.83515625 0.5331439285885036 0.09375 0.17609088001272663
5 0.85703125 0.6375768899188674 0.1078125 0.1418795120146356
5 0.79140625 0.677403005927776 0.075 0.11337270401018137
5 0.77421875 0.8760405005967759 0.0484375 0.0911886213399086
5 0.7140625 0.9056467319382755 0.0546875 0.09438634667409077