5 0.515625 0.36875 0.046875 0.134375
7 0.5151939072645032 0.343294586131403 0.03344884667409076 0.05506930800445424
0 0.5140132152689574 0.3104639047978576 0.012645450668363622 0.012645450668363622
5 0.24035009062700183 0.12522364942708658 0.006522720003181703 0.02351022533418181
8 0.2340728186266837 0.12749467409290477 0.06206474267981754 0.09758407200827239
9 0.20487566728995654 0.1521583194223141 0.022274989337999783 0.03462953866963625
9 0.16792055995386573 0.17204355808399613 0.04611247867599957 0.06927725867281787
7 0.22585123862191114 0.16256001742517762 0.008030676002545433 0.018840906667727177
5 0.2257512412874112 0.1711537674251776 0.008394302673454136 0.05009090666772718
8 0.0578125 0.36953125 0.115625 0.3078125
8 0.10703125 0.284375 0.2140625 0.56875
6 0.5020211979233217 0.4009616354630395 0.006722714672181595 0.04069772533418181
8 0.35031598396722885 0.07571509277526775 0.01918635200509069 0.037718176002545255
9 0.29042336330363766 0.05235886143376813 0.009556813335454351 0.01573408800127272
9 0.3092733606381376 0.04398328743631343 0.004778406667727353 0.00786704400063636
9 0.3099091599697741 0.05649237810308616 0.009538632001908987 0.014171588001272717
9 0.30817393730109244 0.0713179467695407 0.014262494668999893 0.017351132001908985
9 0.29795405263368335 0.0766685181014953 0.014317038669636161 0.022038632001908986
9 0.28765235196531974 0.08905033943344995 0.01587953866963616 0.02205681333545444
9 0.2728904179662742 0.08184636676476824 0.014262494668999893 0.017351132001908985
8 0.76953125 0.284375 0.4609375 0.56875
5 0.096875 0.784375 0.19375 0.43125
5 0.31640625 0.784375 0.3265625 0.43125
5 0.4671875 0.784375 0.14375 0.43125
3 0.4834824726289108 0.6738349667806766 0.06675224267981754 0.09763861600890866
2 0.26640625 0.6359375 0.1515625 0.134375
2 0.05078125 0.6203125 0.1015625 0.103125
4 0.4796875 0.85859375 0.11875 0.2828125
1 0.2484375 0.88828125 0.140625 0.2234375
1 0.0265625 0.8359375 0.053125 0.19375
1 0.871875 0.7078125 0.25625 0.275
4 0.76953125 0.92265625 0.4609375 0.1546875
5 0.76953125 0.784375 0.4609375 0.43125