8 0.15423596458301753 0.21015625 0.2777351563212707 0.2015625
8 0.39609375 0.18515625 0.5546875 0.3703125
5 0.878125 0.2 0.24375 0.4
4 0.921875 0.28203125 0.15625 0.2359375
4 0.35218310607356534 0.82890625 0.20778627068445524 0.2640625
2 0.12892741325515766 0.79765625 0.22040444535249043 0.284375
3 0.24407062422393794 0.88046875 0.0615647347764936 0.1078125
5 0.33984375 0.80625 0.6796875 0.3875
8 0.778125 0.703125 0.196875 0.278125
5 0.769992774789672 0.76875 0.018913626463433177 0.028125
8 0.8046875 0.71875 0.25 0.5625