5 0.04369351707021814 0.5562745352880476 0.017351126463433175 0.028324994668999893
7 0.04058215260883755 0.5586546479551384 0.007930674668035032 0.02040340666772735
8 0.07265625 0.57421875 0.1453125 0.2984375
9 0.0140625 0.2015625 0.028125 0.06875
9 0.06345500858420694 0.1927387466184113 0.0862920240041051 0.06193747334499946
9 0.3346396621750031 0.2052092852482766 0.06438066256778666 0.055432934675363296
9 0.2932515928931624 0.20881609058723088 0.08319429508134384 0.06658861067790856
8 0.31328281264254143 0.2945263239179129 0.06461701190385653 0.0960579346753633
8 0.209375 0.28828125 0.41875 0.4546875
0 0.6282209696511831 0.13189270062859265 0.04728406615858276 0.07085794000636332
1 0.6302061713483853 0.20453076929504724 0.012672716822512697 0.029832950668363622
4 0.5942510115110732 0.33620803063336513 0.08115104781181852 0.25248974801081764
4 0.4328125 0.259375 0.028125 0.16875
5 0.43671875 0.33359375 0.0359375 0.3546875
5 0.6025725716195318 0.423617123965638 0.13193386045435992 0.6561783693507264
8 0.209375 0.89453125 0.41875 0.2109375