4 0.8877662248175445 0.3001479074014252 0.12576359016268804 0.1319772287263694
2 0.9083554598886258 0.21330643755385034 0.04387726502711473 0.022129530054229286
5 0.8921875 0.3328125 0.184375 0.271875
3 0.5157174662333375 0.53213318472518 0.02199317466803503 0.020439765027114733
3 0.49983339099956847 0.4876928383159761 0.01729658430895533 0.01884999394987581
3 0.4655765656676035 0.5082053262157278 0.020421584308955333 0.01886817466803503
3 0.4187697433607006 0.5201967869881162 0.02199317466803503 0.020439765027114733
3 0.35630155961747934 0.526029151351301 0.023564765027114732 0.022011355386194253
3 0.31315554761542674 0.4958103862259905 0.020430674668035033 0.020430674668035033
3 0.02180838494944424 0.5076619881943392 0.034547716822512745 0.029887487899751618
3 0.0787623668972675 0.4940489400879331 0.025127265027114643 0.022020445745273776
3 0.12891235782208116 0.5195392985973853 0.025145445745273866 0.025145445745273953
3 0.19754872833358594 0.4996080727978822 0.028252265027114642 0.022038626463433176
3 0.2797026981811609 0.5202245789462022 0.023582945745273774 0.025136355386194253
0 0.12421875 0.48203125 0.0453125 0.0265625
0 0.19609375 0.47265625 0.0390625 0.0078125
0 0.28046875 0.4796875 0.0390625 0.021875
0 0.35625 0.48515625 0.0375 0.0328125
0 0.42109375 0.48515625 0.0359375 0.0328125
0 0.4625 0.47890625 0.034375 0.0203125
0 0.5203125 0.4890625 0.0375 0.040625
7 0.03828125 0.60625 0.0765625 0.196875
7 0.07986632464459391 0.5495131449083933 0.06605224687674208 0.07381929508134384
7 0.125533348648699 0.6101870244950843 0.11198289129415606 0.18033291549465283
7 0.19722199628756684 0.577737617977422 0.10244426483072289 0.15215337334017515
7 0.2359375 0.4984375 0.059375 0.059375
7 0.27626460167376116 0.6007160548439012 0.10096357806243947 0.16620678298109545
7 0.35755550828961946 0.6072746061717612 0.07739881303532492 0.1441954275949012
7 0.3164487192583996 0.5246984555078312 0.0441045240041051 0.06119203005422928
7 0.35694645423128507 0.5025871061717612 0.06280907220870695 0.05348861436318462
7 0.4125 0.5078125 0.075 0.078125
7 0.4247793697259379 0.6131337207313375 0.07277494554888211 0.15510565651766228
7 0.4746975564942213 0.5987803292407898 0.05238972267624522 0.14248748184962742
7 0.4937833788993201 0.5221041997522946 0.02677157825883114 0.03609203610435348
7 0.50546875 0.61171875 0.0671875 0.1546875
5 0.05 0.70078125 0.1 0.4640625
5 0.07421875 0.65859375 0.0734375 0.3796875
5 0.12109375 0.69375 0.1390625 0.45
5 0.19375 0.66484375 0.115625 0.3921875
5 0.2359375 0.63359375 0.075 0.3296875
5 0.271875 0.68359375 0.1125 0.4296875
5 0.31171875 0.65234375 0.0734375 0.3671875
5 0.33828125 0.6328125 0.0546875 0.328125
5 0.3515625 0.67578125 0.10625 0.4140625
5 0.4109375 0.63203125 0.09375 0.3265625
5 0.41796875 0.67578125 0.0859375 0.4140625
5 0.46015625 0.66015625 0.0734375 0.3828125
5 0.49375 0.64609375 0.065625 0.3546875
5 0.496875 0.6828125 0.084375 0.428125
8 0.76953125 0.7609375 0.4609375 0.478125