0 0.34396220354391394 0.19190257358344914 0.012572722872636888 0.012572722872636888
4 0.340625 0.2046875 0.01875 0.009375
9 0.2171875 0.18046875 0.2375 0.0578125
5 0.34140625 0.196875 0.0234375 0.025
8 0.73984375 0.1046875 0.5203125 0.209375
8 0.9125 0.1046875 0.175 0.209375
8 0.12265625 0.6328125 0.2453125 0.5375
8 0.23515625 0.775 0.4703125 0.45
7 0.06220158079291398 0.4926899314055303 0.02990566861791084 0.0376727168225127
5 0.06140669525429452 0.49035072658507006 0.033085210772388504 0.04706589754067192
5 0.7878202460911752 0.7069377420049682 0.017432939695149585 0.04228749394987581
8 0.5162174359827165 0.621014919305282 0.059574987899751616 0.034720433645025396
8 0.68203125 0.809375 0.4046875 0.38125
8 0.9049532039366973 0.6968809650739969 0.05677724082661797 0.09095225292686618
4 0.8415446889095828 0.6753741246167214 0.004751132513557366 0.010964771077238922
5 0.8415583244482022 0.6777178746167214 0.0063681746680352095 0.020348861436318443