0 0.5722000746340015 0.025 0.03323067067154532 0.0359375
0 0.685198966621593 0.11640625 0.02387385200509069 0.0375
0 0.7554194652689574 0.25859375 0.022256808004454242 0.0328125
0 0.6713353666056847 0.23359375 0.023892033338636053 0.0390625
3 0.5844091732972744 0.05 0.015752269334818082 0.0109375
0 0.8141752052435042 0.44609375 0.0206761266709087 0.03125
0 0.8765661172422314 0.45546875 0.017532945337363513 0.0296875
7 0.8710155512412768 0.4625 0.03813634667409076 0.0546875
7 0.7521399239338212 0.271875 0.03501134667409058 0.0546875
7 0.6781848032702301 0.24921875 0.05557838534372674 0.0765625
7 0.6849262466184113 0.13984375 0.046148841343090476 0.071875
7 0.5926938406270018 0.0765625 0.07149428668045381 0.1015625
5 0.6017233952896384 0.10625 0.09456925469445317 0.2046875
5 0.692356938613957 0.17265625 0.07053177068745367 0.153125
5 0.6935734459341394 0.26953125 0.08733746268299925 0.1203125
5 0.7581626572645032 0.29140625 0.05893974267981754 0.096875
5 0.8131939605745042 0.46328125 0.03530224801081765 0.0796875
5 0.872414419239368 0.4765625 0.04157042934436319 0.08125
8 0.27578125 0.65234375 0.1796875 0.1453125
8 0.259375 0.78984375 0.51875 0.4203125
3 0.33508933127786616 0.60703125 0.00793976933481808 0.0109375
2 0.33057455394654794 0.5921875 0.012681813335454529 0.015625
4 0.3317188832750027 0.628125 0.016024989337999784 0.034375
5 0.33803251794241174 0.62265625 0.03373974801081765 0.0796875