5 0.038533839278925085 0.2577291241257421 0.058376102262936415 0.09721134328594587
4 0.030703158560765866 0.2546495759211401 0.02522725897699054 0.039207945745273955
8 0.16796875 0.1328125 0.2171875 0.265625
8 0.25 0.25 0.5 0.5
5 0.79453125 0.25 0.4109375 0.5
4 0.4515625 0.6796875 0.275 0.359375
0 0.315625 0.55625 0.115625 0.1125
5 0.375 0.75 0.428125 0.5
6 0.7953125 0.91484375 0.31875 0.1703125
2 0.6980810352205907 0.8496666392510527 0.10994769262201594 0.0990738251355733
5 0.775 0.8875 0.371875 0.225