8 0.3046875 0.26484375 0.609375 0.5296875
8 0.353125 0.26484375 0.671875 0.5296875
5 0.53203125 0.3234375 0.3140625 0.4125
4 0.8734375 0.41953125 0.253125 0.2203125
5 0.84453125 0.26484375 0.3109375 0.5296875
1 0.0734375 0.8 0.146875 0.4
1 0.29195606874599633 0.8156660745942306 0.28924650270527097 0.28770218403881637
1 0.5315907334102238 0.7949064898950049 0.26742604670590725 0.29213514536918017
0 0.72421875 0.653125 0.0703125 0.109375
0 0.81796875 0.56875 0.0796875 0.078125
3 0.8304431200270443 0.6445632339274578 0.02698067067154497 0.03624658267027261
3 0.7258743460375437 0.7231342239417754 0.02069430800445442 0.033048857336090795
7 0.7453125 0.83984375 0.1125 0.3015625
7 0.9125 0.77265625 0.175 0.3203125
5 0.8875 0.76484375 0.225 0.4703125
5 0.78984375 0.7953125 0.2015625 0.409375