8 0.08627644769018147 0.45531018959695374 0.11495335518980254 0.15378859621281205
8 0.19229464353365122 0.41608458401436776 0.12731699980360825 0.13042381908544912
5 0.06967020979042989 0.4208397408266178 0.01887726502711464 0.02198408430895533
9 0.042353730867668735 0.42536815954272456 0.031495439695149674 0.04236930718159222
8 0.35 0.2796875 0.7 0.559375
8 0.35 0.809375 0.7 0.38125
8 0.19375 0.809375 0.3875 0.38125
8 0.72734375 0.84453125 0.0546875 0.3109375
8 0.94140625 0.89140625 0.1171875 0.2171875
0 0.70234375 0.75390625 0.0046875 0.0078125
7 0.7015625 0.7640625 0.003125 0.01875
5 0.70390625 0.76171875 0.0078125 0.0265625