5 0.43671875 0.2796875 0.1546875 0.51875
5 0.54296875 0.26953125 0.3515625 0.5390625
5 0.74140625 0.26953125 0.3265625 0.5390625
5 0.8671875 0.26953125 0.265625 0.5390625
3 0.812002750039771 0.07707870969223403 0.05526930267345413 0.05031816256778665
3 0.646277752705271 0.06752138162979456 0.04456816000954511 0.07056703005422929
3 0.49555159404836147 0.13851461679907162 0.06162839067472703 0.0597295240041051
2 0.475 0.03515625 0.090625 0.0703125
2 0.80390625 0.009375 0.0921875 0.01875
4 0.8660470020687241 0.2906599415418614 0.17647487738699752 0.39631243949875794
4 0.75 0.30546875 0.215625 0.4671875
4 0.53203125 0.34296875 0.2296875 0.3921875
4 0.39609375 0.3375 0.0734375 0.33125
1 0.284375 0.7296875 0.15 0.159375
4 0.075 0.76953125 0.15 0.4609375
4 0.20234375 0.85859375 0.3140625 0.2265625
5 0.0828125 0.76953125 0.165625 0.4609375
5 0.1796875 0.7609375 0.359375 0.44375
2 0.2140625 0.59375 0.290625 0.109375
1 0.76484375 0.58984375 0.2578125 0.1015625
4 0.46796875 0.68984375 0.2171875 0.3015625
4 0.7289389954248595 0.6900503666026798 0.5119749306969986 0.2264009570599555
5 0.47578125 0.6953125 0.2328125 0.3125
5 0.6765625 0.6765625 0.634375 0.275