0 0.01796875 0.35625 0.0359375 0.078125
1 0.6984060634149962 0.2843361769075302 0.12078630935708982 0.17569086729005096
3 0.75703125 0.03046875 0.0796875 0.0609375
4 0.74375 0.246875 0.25 0.465625
5 0.8078125 0.23984375 0.378125 0.4796875
5 0.42890625 0.94609375 0.0609375 0.1078125
8 0.4125 0.540625 0.146875 0.121875
0 0.5911806253580444 0.5590695739572229 0.012736357336090975 0.020385222872637065
5 0.59921875 0.57578125 0.0390625 0.0578125
8 0.75703125 0.63046875 0.2765625 0.3015625
4 0.6948345260582246 0.5153048966569092 0.025363626670908877 0.031395445745273774
0 0.7 0.484375 0.0125 0.009375
3 0.6985316907224519 0.4973588725546082 0.009484088001272716 0.009429542154477666
5 0.690625 0.50859375 0.04375 0.0578125