6 0.65234375 0.134375 0.1671875 0.26875
6 0.8296875 0.16953125 0.340625 0.3390625
5 0.26909851523714073 0.7392371575978169 0.05576019867918127 0.09250566256778665
4 0.2769655592377772 0.7345042058024188 0.023855670671545325 0.03607385538619425
8 0.14277346725813977 0.5852950670423456 0.2038180800445435 0.3292885659621911
8 0.284375 0.66953125 0.56875 0.6609375
9 0.44234675326227607 0.5530855132785988 0.12158519334818116 0.11007495764913067
7 0.3258683252705484 0.4928297902095701 0.01762385200509069 0.03759999394987581
0 0.31986377327341187 0.47177240164588863 0.00950226933481808 0.010992042154477844
5 0.32103537460218484 0.5053570612868089 0.03065111067790873 0.0829852168225127
9 0.01640625 0.36484375 0.0234375 0.0515625
9 0.0453125 0.3734375 0.053125 0.06875
1 0.86015625 0.715625 0.2796875 0.334375
2 0.8703125 0.45078125 0.259375 0.2140625
4 0.784375 0.90546875 0.43125 0.1890625
5 0.784375 0.66953125 0.43125 0.6609375