5 0.0484375 0.065625 0.096875 0.13125
9 0.30546875 0.2453125 0.1078125 0.346875
5 0.32578125 0.33046875 0.0671875 0.1421875
3 0.3314741967695408 0.31531734768575 0.012699994668999893 0.01726022287263689
0 0.3421875 0.28515625 0.034375 0.0453125
8 0.91796875 0.1375 0.1640625 0.215625
8 0.75546875 0.1125 0.4890625 0.225
4 0.10078125 0.765625 0.2015625 0.46875
5 0.1796875 0.709375 0.359375 0.58125
1 0.6203125 0.6453125 0.521875 0.39375
2 0.68984375 0.47578125 0.5953125 0.1140625
4 0.6796875 0.8421875 0.640625 0.315625
5 0.6796875 0.709375 0.640625 0.58125