7 0.86015625 0.16953125 0.2796875 0.3390625
5 0.8140625 0.16953125 0.371875 0.3390625
5 0.59453125 0.6765625 0.1296875 0.646875
5 0.64609375 0.384375 0.0390625 0.090625
5 0.54921875 0.39390751864135193 0.0171875 0.06259999394987581
4 0.5484375 0.40719331382089174 0.0171875 0.03447499394987581
4 0.65078125 0.40034789530117676 0.015625 0.03602840359079611
2 0.64375 0.34609375 0.028125 0.0140625
2 0.546875 0.38142115417997136 0.0171875 0.02041249394987581
2 0.5921875 0.39756378376666246 0.096875 0.09118860226293624
2 0.66640625 0.47447574171038065 0.1140625 0.10222609621281205
2 0.81875 0.3484375 0.034375 0.01875
2 0.82890625 0.4547803443661003 0.103125 0.09122496369925485
1 0.9078125 0.35979003123257963 0.028125 0.040788626463433175
1 0.95546875 0.415625 0.0890625 0.153125
1 0.8171875 0.3845360220591975 0.0234375 0.026698855386194254
1 0.84140625 0.5515826214934634 0.0640625 0.08943520472226432
1 0.58203125 0.49996662110068 0.0671875 0.09726588544042354
1 0.63984375 0.6035365278147341 0.0875 0.12238406010845856
4 0.571875 0.73828125 0.084375 0.4015625
4 0.64765625 0.8375 0.2296875 0.325
4 0.81953125 0.78984375 0.1734375 0.4203125
4 0.92890625 0.71640625 0.1421875 0.5671875
4 0.89375 0.43721559446429625 0.040625 0.07523634933607007