8 0.23984375 0.08984375 0.4796875 0.1796875
5 0.12109375 0.08984375 0.2421875 0.1796875
6 0.63125 0.134375 0.303125 0.090625
6 0.31755774306611306 0.6358258112868089 0.09935562626704134 0.15838519262201595
6 0.05703125 0.37734375 0.1140625 0.2609375
6 0.3734375 0.30625 0.1625 0.253125
6 0.12928155912649988 0.7720819947354427 0.06632495764913067 0.12069429508134384
6 0.24864970354391397 0.8776411274453917 0.03953519867214013 0.08147725897699054
6 0.23329741431630246 0.924607031036188 0.0316954275949012 0.07674430718159257
6 0.26716789938738367 0.8376882931364363 0.04271474082661797 0.09087043969514959
6 0.2546875 0.9609375 0.034375 0.078125
6 0.12757867944161302 0.8822518802740621 0.0457670179539809 0.07838862041330899
6 0.27846394769018146 0.7649638654433393 0.06630677693097127 0.11756929508134384
6 0.10982705629782963 0.6510973290443982 0.08845448770335977 0.16457156010845858
6 0.14655593841860348 0.9212052959651068 0.03319429508134384 0.0658158975406721
6 0.165625 0.9625 0.028125 0.075
6 0.171875 0.97578125 0.025 0.0484375
8 0.7023685594210877 0.6953336632551577 0.22014082493918155 0.24033515027114644
8 0.81875 0.5078125 0.3625 0.63125
5 0.8245021137740096 0.6047763200674077 0.03787270472226432 0.06428066861791085