5 0.4453125 0.5484375 0.028125 0.090625
8 0.3398734827333902 0.3911219872123805 0.20814988504764004 0.3277624273985095
8 0.240625 0.34453125 0.4375 0.6890625
9 0.22321828962039492 0.1646544151018694 0.023792024004105093 0.061073855386194253
9 0.2520609071068376 0.17576008674484234 0.05513292759490129 0.07688066256778665
8 0.09021541296057008 0.06231468940056208 0.03467498184962743 0.051762487899751616
9 0.15209778942400315 0.03454875858420699 0.011010222872636888 0.012563632513557322
9 0.13713131957642838 0.05555615017295061 0.015743174668035032 0.020403403590796156
9 0.14958132260149046 0.06422262304558757 0.015752265027114642 0.0219659035907962
8 0.6312070098607532 0.33053446603694586 0.03144998789975162 0.03455680718159222
9 0.6022553080653552 0.3381787943939729 0.03455680718159222 0.03144998789975162
9 0.99765625 0.3453125 0.0046875 0.015625
3 0.6519053292407898 0.39862593588452067 0.009438632513557366 0.010992042154477666
0 0.6551394135497453 0.37989411660267985 0.022065897540671918 0.03293976502711473
5 0.6327417179026673 0.4696106015755652 0.0684601502711466 0.21914088544042354
4 0.5217411062699571 0.34552314090137254 0.03157725292686635 0.05643180718159222
0 0.5266695007855668 0.3041441619786115 0.01731476502711473 0.021974993949875808
5 0.5136968021134267 0.3853214391059745 0.06517152380771343 0.19099770472226432
8 0.38203125 0.95 0.1546875 0.1
9 0.2830200156162898 0.7224078277678518 0.03457498789975162 0.03457498789975162
8 0.225 0.84453125 0.45 0.3109375
5 0.81875 0.7984375 0.3625 0.21875