8 0.4171875 0.253125 0.225 0.453125
8 0.24921875 0.22265625 0.4984375 0.4453125
4 0.881065997294729 0.0765513261175319 0.21993178668045382 0.10283515027114642
4 0.8960984619271397 0.3287905369881162 0.20676017202418073 0.17931583703942983
0 0.8927472899427299 0.21397405806535516 0.11317270934118148 0.058467005853732344
2 0.7197472366327288 0.04311717828227231 0.07094884667409058 0.05509656615858276
3 0.7592546319621382 0.0717916241257421 0.03630112667090888 0.03145907825883114
5 0.83046875 0.12578125 0.3390625 0.2296875
5 0.8484375 0.42265625 0.303125 0.5015625
5 0.26484375 0.85 0.5296875 0.3
4 0.2359375 0.85 0.421875 0.3
9 0.54140625 0.81953125 0.0234375 0.0265625
8 0.7780933492600488 0.839732582167656 0.030069308004454242 0.032985216822512695
9 0.7498774425923216 0.8477087086310892 0.03315794533736351 0.0298783975406721
3 0.7984325739179129 0.9044536123200813 0.00793976933481808 0.010982951795397966
0 0.8017666592536855 0.886466681601922 0.020694308004454244 0.03293067466803521
5 0.78046875 0.93359375 0.0640625 0.1328125
4 0.6716524452578216 0.8567569765850701 0.030323846674090583 0.0548602168225127
0 0.6760223192632304 0.8168905006873711 0.015861357336090797 0.020403403590796287
5 0.6641757525859583 0.8950791332009285 0.059939716024817 0.18314884328594588