5 0.16328125 0.10078125 0.1546875 0.2015625
2 0.56796875 0.20546875 0.4984375 0.1859375
5 0.659375 0.23671875 0.68125 0.2859375
1 0.42578125 0.42040921327977515 0.0453125 0.06458975867281787
1 0.54921875 0.4416291379296851 0.0484375 0.07712612133990877
1 0.7203125 0.4482320319064589 0.059375 0.07412839067472685
1 0.6296875 0.5102240492520946 0.021875 0.020567038669636162
1 0.59609375 0.4926461979233217 0.0203125 0.014298857336090797
2 0.59609375 0.4621774479233217 0.0265625 0.02218408267027261
2 0.63046875 0.45787120858532193 0.034375 0.03477498933799979
4 0.6296875 0.5664740492520947 0.0640625 0.1398079346753633
5 0.59609375 0.47467744792332167 0.0328125 0.05663180800445424
5 0.62890625 0.5407018899188674 0.06875 0.19923747867599956
5 0.7375 0.68984375 0.215625 0.6203125
5 0.5203125 0.68984375 0.234375 0.6203125
5 0.4078125 0.68984375 0.178125 0.6203125
5 0.9140625 0.68984375 0.171875 0.6203125
4 0.93125 0.60546875 0.1375 0.4015625
4 0.4109375 0.594019435948457 0.1109375 0.2716033746817265
4 0.528125 0.6106245859325485 0.134375 0.26250109468490823
4 0.721875 0.6427451005729135 0.1359375 0.30470677601845375