5 0.04921875 0.271875 0.0984375 0.54375
7 0.3596274465308408 0.6838194463344491 0.07739881303532484 0.1441954275949012
1 0.3733677596643615 0.6048359282822723 0.023655668617910842 0.037636355386194253
1 0.11559162110067996 0.6000858375304092 0.03309430113146812 0.04862839754067192
4 0.46015625 0.5953125 0.0796875 0.053125
5 0.4390625 0.62421875 0.121875 0.1109375
5 0.353125 0.728125 0.125 0.31875
5 0.15625 0.74375 0.225 0.35
0 0.35546875 0.57734375 0.0453125 0.0171875
7 0.1647871243221338 0.7380761960398615 0.15156354176169423 0.26962267447164334
0 0.6296875 0.784375 0.259375 0.43125
5 0.634375 0.784375 0.26875 0.43125