5 0.30625 0.259375 0.165625 0.51875
6 0.69453125 0.259375 0.6109375 0.51875
1 0.23359375 0.94453125 0.3109375 0.1109375
2 0.23515625 0.78828125 0.3078125 0.1234375
5 0.19453125 0.8609375 0.3890625 0.278125
0 0.4171875 0.89609375 0.05625 0.0921875
0 0.4789842346037756 0.9354085992998197 0.053761346674090583 0.05530566534054522
0 0.6341808119430481 0.8898586472788207 0.07743520401018138 0.07589088534372693
0 0.7059194519414572 0.9007410559357302 0.05541475334181776 0.0631363466740904
0 0.8635955919398665 0.9106234912476403 0.053888616008908485 0.06624316534054522
0 0.9470802539385937 0.9190257899029589 0.047474984006999676 0.05210794000636341
3 0.413704132598685 0.9736631246419556 0.04115225867281787 0.04578521467218159
3 0.49453125 0.9875 0.0171875 0.025
3 0.6623870806015485 0.9496785426082299 0.014389764003817973 0.028288632001909165
3 0.7076541272676848 0.953057533935412 0.030014764003817973 0.028470445337363516
3 0.8638586739338212 0.9551456505808676 0.02843408267027243 0.026889764003817974
3 0.9473069732654575 0.9666729492361863 0.028415901336727244 0.025327264003817972
5 0.6328125 0.92265625 0.16875 0.1546875
5 0.72578125 0.93125 0.1578125 0.1375
5 0.865625 0.9359375 0.14375 0.128125
5 0.709375 0.53046875 0.040625 0.0234375