9 0.20762823116225632 0.22138793539145185 0.08681017447164337 0.15099997334499946
9 0.1263055082896194 0.20794250604708875 0.09893746974937896 0.08708292401336308
7 0.26875 0.20390625 0.1 0.2828125
0 0.29296875 0.0140625 0.0515625 0.028125
5 0.2515625 0.2546875 0.134375 0.509375
6 0.5515009510098311 0.36777149204327075 0.03341246369925486 0.10350680800445425
6 0.3918850564942213 0.3245107460216354 0.027007927594901247 0.07687158267027261
6 0.6975305476154267 0.22416803739654254 0.01428975897699054 0.039226132001908984
6 0.814663505460949 0.2161566374124509 0.011146578258831141 0.03606476933481808
6 0.46237884279496655 0.22221299669795308 0.011137487899751618 0.03450226933481808
6 0.9598760115110732 0.20066000143217727 0.01269998789975162 0.03452045066836362
6 0.547548728333586 0.22554762937617986 0.011137487899751618 0.03450226933481808
6 0.5544936199223296 0.21078569537713437 0.006404536104353475 0.026635225334181813
6 0.6318282795632499 0.21012317138763387 0.009556807181592398 0.03135908800127272
6 0.7568010084860111 0.20689017807126947 0.009529536104353475 0.026671588001272718
6 0.3614839633064713 0.2015090506842719 0.00634999394987581 0.01726022533418181
6 0.88046875 0.45546875 0.0578125 0.1078125
6 0.9926657856133743 0.1971355594366316 0.011119307181592219 0.03137726933481808
6 0.8544072615110732 0.19943276141785976 0.011128397540672097 0.032939769334818084
6 0.5255646440246305 0.20654309070654361 0.009538626463433175 0.02823408800127263
6 0.3903856681269315 0.2010641553548626 0.007948855386194253 0.023528406667727174
6 0.9824959000747547 0.1946736307685862 0.007939765027114732 0.021965906667727176
6 0.9675930627407372 0.18434465809990447 0.007921584308955332 0.018840906667727177
6 0.9175976079202771 0.18454410542645022 0.00791249394987581 0.017278406667727175
6 0.9044572584860111 0.20860831409131397 0.012690897540671741 0.03295795066836353
6 0.9090856711519937 0.19850660809195028 0.0063863553861942535 0.02351022533418181
6 0.9114112404338343 0.1954088800922685 0.006359084308955332 0.018822725334181813
6 0.8715220386384364 0.18713275608685964 0.007903403590796287 0.015715906667727264
6 0.8465720356133742 0.19543560475013252 0.007939765027114732 0.021965906667727176
6 0.8379873759724539 0.19689810741563257 0.00793067466803521 0.020403406667727175
6 0.7840856711519936 0.19705210140831478 0.007930674668035032 0.020403406667727175
6 0.763786806690613 0.19915949407222397 0.006368174668035032 0.02038522533418181
6 0.7075413518701529 0.19928621606458793 0.0063772650271147315 0.021947725334181812
6 0.6614521470496927 0.1995311167249973 0.00791249394987581 0.017278406667727175
6 0.6520680566906131 0.19785952872372467 0.00791249394987581 0.017278406667727175
6 0.6691964693565955 0.18790327339272456 0.004769313231716588 0.01411704400063627
6 0.6410760145361353 0.18835725938890652 0.004751132513557366 0.01099204400063627
6 0.6098941922292325 0.19971238271799763 0.006359084308955332 0.018822725334181813
6 0.596599306690613 0.19721409138286133 0.006359084308955332 0.018822725334181813
6 0.5598714663315334 0.1952243300445434 0.00634999394987581 0.01726022533418181
6 0.5770135145361353 0.1876118247135433 0.004760222872636888 0.012554544000636358
6 0.5489566922292324 0.19900331070972532 0.006368174668035032 0.02038522533418181
6 0.5075731681269315 0.20242775537077104 0.007948855386194253 0.023528406667727174
6 0.4958407825883121 0.1999476453691802 0.007939765027114732 0.021965906667727176
6 0.6207498789975159 0.18577715205281575 0.004760222872636888 0.012554544000636358
6 0.47942089704969265 0.19741299136695298 0.007957945745273776 0.025090906667727175
6 0.47392487597245375 0.19266185669954394 0.006359084308955332 0.018822725334181813
6 0.4450595325883121 0.1993567520289532 0.007930674668035032 0.020403406667727175
6 0.4162623668972675 0.21777039735836246 0.009538626463433175 0.028234088001272716
6 0.3544436229473917 0.1998647346833174 0.00634999394987581 0.01726022533418181
6 0.3497379422292325 0.19668519068268112 0.004778403590796199 0.01567954400063627
8 0.0859375 0.67734375 0.171875 0.3359375
8 0.65859375 0.7421875 0.3390625 0.465625