8 0.2453125 0.31484375 0.1875 0.3296875
8 0.15078125 0.23984375 0.3015625 0.4796875
8 0.7875 0.2515625 0.425 0.45625
8 0.80078125 0.0890625 0.3984375 0.178125
8 0.16953125 0.73984375 0.3390625 0.5203125
8 0.628125 0.671875 0.578125 0.384375
0 0.5381973532448949 0.6019296177810303 0.029851126463433176 0.028297716822512697
0 0.8241439436039745 0.5987035820694603 0.04242384933607006 0.040870439695149585
0 0.8648143953993725 0.5906547327333902 0.029887487899751618 0.034547716822512696
0 0.9032638170423455 0.5615257689359396 0.04244203005422946 0.04399543969514959
0 0.996875 0.5890625 0.00625 0.034375
3 0.9147734887835144 0.5973950912428425 0.012581813231716765 0.014135222872636887
3 0.8591592930382405 0.6227177989901688 0.01729658430895533 0.01884999394987581
3 0.8309297539088248 0.6408501754536019 0.01886817466803521 0.020421584308955333
1 0.5403638412428424 0.6323847322424109 0.02042158430895551 0.01886817466803503
7 0.533718410622879 0.7003898436787293 0.05377041549465282 0.11124657220870696
7 0.7946422750842596 0.7012155037124332 0.06959540339440436 0.14571247579950325
7 0.8549166997522946 0.6805530248878678 0.04754768657189175 0.1158977107723885
7 0.902636582265852 0.6693382689359396 0.06635222872636959 0.12538179508134384
7 0.98515625 0.7234375 0.0296875 0.078125
5 0.990625 0.740625 0.01875 0.41875
5 0.9796875 0.7453125 0.040625 0.346875
5 0.9045576305686497 0.7419808833973202 0.08363167407886003 0.4098476986721401
5 0.8513599076960128 0.7547899556060271 0.05528850546094901 0.372184072208707
5 0.7997065041052165 0.7707149374556546 0.09444190905174529 0.38803633118569747
5 0.545200811286809 0.7409466659856322 0.09088966217500313 0.31458065046753825