7 0.4984375 0.1203125 0.140625 0.240625
7 0.15625 0.09765625 0.18125 0.1953125
0 0.28046875 0.0625 0.0828125 0.125
3 0.24705472365820383 0.0972430054105419 0.02846134328594587 0.05813976400381797
5 0.159375 0.209375 0.31875 0.41875
5 0.478125 0.209375 0.196875 0.41875
8 0.76953125 0.2515625 0.1796875 0.334375
0 0.6137023890546608 0.6409753714194506 0.08000566256778648 0.05561474801081765
0 0.36543306069763376 0.6091782893857249 0.0941045240041051 0.06202838001272663
0 0.66015625 0.64609375 0.0390625 0.0265625
0 0.67421875 0.6328125 0.0109375 0.01875
3 0.6635478529503074 0.6681196740929047 0.012572722872636888 0.012645450668363622
3 0.5916001300776704 0.6797833327498143 0.039217036104353654 0.027017033338636053
3 0.35895125654110355 0.6489493140515431 0.040770445745273866 0.025472714672181596
7 0.334268898228043 0.7283550033815887 0.14164312021691713 0.17663632001908997
7 0.6015625 0.7765625 0.15625 0.19375
4 0.67578125 0.67578125 0.0078125 0.0359375
4 0.65390625 0.70234375 0.0515625 0.0734375
5 0.6578125 0.71171875 0.04375 0.1828125
5 0.6578125 0.67265625 0.04375 0.0796875
5 0.58359375 0.803125 0.1921875 0.39375
5 0.3128524404807166 0.7835783053787251 0.21498166802873567 0.42903516136218045
8 0.7859375 0.7578125 0.2125 0.484375