9 0.37578125 0.3243339421310366 0.0890625 0.14739315046753826
9 0.525 0.3140625 0.05 0.090625
7 0.46484375 0.2748520925985748 0.1046875 0.26467155405833437
7 0.246875 0.2399902375069681 0.0671875 0.17226588544042354
3 0.47109375 0.1233259540348933 0.03125 0.0439318071815924
3 0.24140625 0.12589592125018947 0.0078125 0.026607951795398054
0 0.25859375 0.09162091520006524 0.046875 0.06746021077238851
0 0.46796875 0.05299527331673404 0.0421875 0.05805793969514968
5 0.44921875 0.384375 0.1484375 0.76875
5 0.25078125 0.325 0.0921875 0.65
1 0.23671875 0.8671875 0.4734375 0.196875
4 0.275 0.94609375 0.55 0.1078125
5 0.275 0.884375 0.55 0.23125
9 0.92109375 0.90546875 0.1578125 0.1890625
3 0.7859375 0.9276993157657994 0.046875 0.07058521077238851
0 0.7671875 0.81796875 0.121875 0.0984375
5 0.7265625 0.884375 0.228125 0.23125