8 0.290625 0.16796875 0.396875 0.3359375
8 0.44375 0.334375 0.33125 0.46875
5 0.58125 0.2331911697962612 0.046875 0.058085210772388506
4 0.5765625 0.24181219087350003 0.0265625 0.025154536104353475
5 0.20078125 0.1939984222321481 0.0296875 0.0611102168225127
8 0.79375 0.434375 0.36875 0.46875
2 0.578125 0.726069016205465 0.0625 0.034738614363184796
4 0.28203125 0.684375 0.1703125 0.03125
3 0.5796875 0.7463724258463854 0.03125 0.018931807181592396
5 0.5703125 0.815625 0.078125 0.265625
5 0.303125 0.7734375 0.2875 0.209375