6 0.1859375 0.34179921896381205 0.034375 0.051762487899751616
9 0.42734375 0.2234375 0.0453125 0.434375
9 0.11328125 0.275 0.2265625 0.55
8 0.91484375 0.275 0.1703125 0.55
8 0.7953125 0.3703125 0.409375 0.359375
1 0.14765625 0.7484375 0.2953125 0.303125
4 0.225 0.89765625 0.45 0.2046875
5 0.225 0.775 0.45 0.45
5 0.946875 0.775 0.10625 0.45
5 0.79609375 0.775 0.2609375 0.45
5 0.6078125 0.775 0.290625 0.45
3 0.58046875 0.6427117582896195 0.0578125 0.055023843285945874
3 0.75546875 0.6101361285065365 0.0578125 0.055023843285945874
3 0.92890625 0.56953125 0.0484375 0.0390625
2 0.56875 0.56171875 0.084375 0.0234375
4 0.60625 0.828125 0.196875 0.34375
4 0.78203125 0.79154066461089 0.15625 0.3196590359079618
4 0.95703125 0.7828125 0.0859375 0.409375