9 0.415625 0.07419043716106692 0.0375 0.03459316861791084
9 0.4765625 0.03789841315696183 0.0328125 0.0298783975406721
9 0.45234375 0.05522681372269585 0.03125 0.02674430718159222
3 0.7578125 0.026887148522630612 0.009375 0.010992042154477666
0 0.75390625 0.0125 0.0234375 0.025
5 0.765625 0.10390625 0.078125 0.2078125
4 0.61796875 0.0265625 0.0328125 0.053125
5 0.62578125 0.0796875 0.0734375 0.159375
1 0.16953125 0.834375 0.3390625 0.33125
2 0.16953125 0.6 0.3390625 0.25
5 0.16953125 0.703125 0.3390625 0.59375