0 0.76328125 0.03046875 0.1140625 0.0609375
4 0.728125 0.23984375 0.19375 0.2578125
5 0.69765625 0.184375 0.2796875 0.36875
3 0.7521834020528158 0.08724074940322404 0.07082157733927233 0.04456816000954502
2 0.0732573286919079 0.5571896227323151 0.10439769334818116 0.11057496801399935
3 0.0559612880330894 0.6147930373965426 0.06024770401018138 0.07569089067472685
7 0.04296875 0.74609375 0.0859375 0.3015625
5 0.0859375 0.746875 0.171875 0.50625
3 0.8570805347310426 0.6826174314130873 0.1414624360279987 0.2078681386855445
0 0.8125 0.45546875 0.2625 0.1734375
7 0.74921875 0.84453125 0.3796875 0.3109375
5 0.77421875 0.684375 0.4421875 0.63125