3 0.39609375 0.365625 0.0140625 0.028125
0 0.3848617314210414 0.35390625 0.027107940006363407 0.046875
7 0.41484375 0.359375 0.0734375 0.040625
7 0.28828125 0.0359375 0.0515625 0.071875
5 0.2796875 0.10703125 0.10625 0.2140625
5 0.034375 0.07109375 0.06875 0.1421875
3 0.3214782947167249 0.4453125 0.0616829346753633 0.0640625
4 0.2222890060868597 0.71640625 0.2810725654041786 0.521875
4 0.03046875 0.68671875 0.0609375 0.4328125
5 0.0890625 0.68984375 0.178125 0.6203125
5 0.21171875 0.68984375 0.4015625 0.6203125
8 0.8921875 0.615625 0.215625 0.471875
2 0.6348675380330894 0.5921875 0.025272720003181703 0.0234375
3 0.637520370703362 0.61875 0.014280676002545433 0.01875
4 0.610894783378407 0.68046875 0.055942012014635625 0.1078125
5 0.6164271680458161 0.6859375 0.09158970536281678 0.2171875