9 0.50546875 0.12890625 0.0921875 0.2578125
0 0.64921875 0.3030825307416004 0.01875 0.015734084308955332
5 0.64375 0.38046875 0.04375 0.1765625
7 0.9515625 0.4341360462596944 0.028125 0.06422612646343318
0 0.95234375 0.38022525108015454 0.0171875 0.02353749394987581
5 0.9484375 0.41640625 0.040625 0.1046875
8 0.1953125 0.75234375 0.390625 0.4953125
2 0.3578125 0.5252610160090733 0.0265625 0.023592036104353474
2 0.4 0.7023593263139236 0.040625 0.06586134933607006
2 0.16875 0.7638609494577071 0.0390625 0.026789758976990364
3 0.171875 0.7919677687395479 0.0203125 0.015743174668035032
4 0.15625 0.8569024223303441 0.0453125 0.10026362041330898
4 0.3609375 0.606492835290914 0.0515625 0.11592498184962743
4 0.41484375 0.7788354679026672 0.078125 0.17076701795398092
5 0.39453125 0.83359375 0.1296875 0.3328125
5 0.35078125 0.6690519226249316 0.096875 0.3146261022629364
5 0.16875 0.87265625 0.146875 0.2546875
6 0.684375 0.734375 0.45 0.53125
4 0.50625 0.9203125 0.09375 0.159375
3 0.49765625 0.7546875 0.0765625 0.153125
5 0.671875 0.734375 0.425 0.53125