3 0.02109375 0.13125 0.0421875 0.075
7 0.13203125 0.27265625 0.2640625 0.4328125
5 0.15546875 0.24453125 0.3109375 0.4890625
8 0.759375 0.24453125 0.48125 0.4890625
3 0.46640625 0.95625 0.0859375 0.0875
2 0.42578125 0.65859375 0.1671875 0.1796875
5 0.3356890777678519 0.7237859161820239 0.08038745764913058 0.12077610831306043
5 0.315625 0.76640625 0.3875 0.4671875
3 0.53359375 0.76640625 0.0484375 0.0671875
3 0.9048208728491959 0.8156178504162245 0.05653180113146803 0.04876475292686626
0 0.8947550055591449 0.6969223925707022 0.16970448770335977 0.1650442587805987
0 0.5640625 0.61171875 0.109375 0.1484375
4 0.63984375 0.8890625 0.2609375 0.221875
4 0.9015625 0.8984375 0.196875 0.203125
5 0.84296875 0.7984375 0.3140625 0.403125
5 0.66953125 0.75859375 0.3203125 0.4828125