5 0.2791941589535494 0.1937901940642698 0.04743860226293641 0.0974204400063634
8 0.04140625 0.2296875 0.0828125 0.11875
8 0.27890625 0.215625 0.4640625 0.43125
5 0.8167810382456528 0.38775092142740475 0.019004530054229106 0.043968176002545434
8 0.54921875 0.28203125 0.0390625 0.0390625
8 0.72421875 0.37890625 0.3890625 0.2015625
8 0.9386196768093343 0.3829190654439495 0.06149201190385654 0.09602157200827222
4 0.8744071858845206 0.3563923807685862 0.004751132513557366 0.01099204400063627
5 0.8736395714231401 0.35872704010181344 0.007939765027114732 0.021965906667727353
4 0.36875 0.91953125 0.103125 0.1609375
3 0.39294304156530246 0.8677373187459964 0.029942030054229286 0.044095445337363516
3 0.28671875 0.98359375 0.0203125 0.0328125
2 0.273661776439992 0.9093151967297699 0.08185905405833438 0.10563292934436319
2 0.40114590612487894 0.8006498160804962 0.050345433645025396 0.0599568026734544
5 0.3625 0.88203125 0.146875 0.2359375
5 0.25546875 0.925 0.2015625 0.15
8 0.31796875 0.7765625 0.4234375 0.446875
8 0.76484375 0.8296875 0.4703125 0.340625
0 0.8285725111182899 0.894879432049634 0.0251545361043533 0.026853401336727246
3 0.8240031857863247 0.9151373880489977 0.012572722872636888 0.012645450668363622
4 0.8202060200952802 0.9338419347151341 0.03145907825883114 0.0363011266709087
5 0.8224452309658645 0.9159004567154524 0.039480656517662284 0.07232953333863605