0 0.31171875 0.29765625 0.0140625 0.0671875
4 0.30859375 0.39296875 0.0203125 0.1140625
9 0.659375 0.225 0.68125 0.45
8 0.09296875 0.73984375 0.1859375 0.3984375
8 0.2515625 0.7453125 0.134375 0.246875
8 0.22109375 0.55390625 0.1078125 0.2078125
7 0.279107800542293 0.6849524239338212 0.014207945745273776 0.025163632001908985
5 0.28066575536275307 0.6841529926002758 0.01893180718159222 0.03146817600254544
0 0.2837362132082754 0.674741629933185 0.0063045421544778435 0.009447725334181811
0 0.1966730713249442 0.8851438752785026 0.014153403590796287 0.01578863200190881
3 0.1967412490180413 0.8968626252785026 0.007867042154477843 0.009465906667727352
7 0.19367079117251906 0.9062739879455934 0.023592036104353474 0.026835220003181705
5 0.19205829419758116 0.8976984192791388 0.026798849336070064 0.04093408267027243
9 0.06328125 0.94453125 0.1265625 0.1109375
9 0.13984375 0.95 0.0984375 0.1
9 0.2125 0.9515625 0.19375 0.096875
9 0.27421875 0.909375 0.0890625 0.053125
9 0.28828125 0.940625 0.0609375 0.11875
8 0.20078125 0.85390625 0.2359375 0.1546875
8 0.7546875 0.725 0.490625 0.55
0 0.984375 0.80390625 0.03125 0.0546875
7 0.984375 0.8 0.03125 0.109375
5 0.98203125 0.83203125 0.0359375 0.1796875