8 0.521875 0.184375 0.115625 0.36875
8 0.40625 0.66953125 0.346875 0.6015625
6 0.3859375 0.91015625 0.14375 0.1796875
0 0.0875 0.6421527793602715 0.0390625 0.03482953333863605
0 0.215625 0.6428623987109979 0.04375 0.0473840773392725
2 0.5390625 0.493500934754905 0.03125 0.02380112667090888
7 0.54921875 0.55078125 0.0609375 0.0859375
7 0.015625 0.753125 0.03125 0.16875
7 0.09765625 0.7446147080283169 0.084375 0.1306692920114539
7 0.2453125 0.7346140940483614 0.0984375 0.14489542401336308
3 0.2234375 0.6718595553787252 0.0203125 0.0252363573360908
3 0.08984375 0.6734300513605896 0.0265625 0.02530908267027261
3 0.5421875 0.5216622974219959 0.021875 0.022129538669636163
5 0.53984375 0.534375 0.0796875 0.11875
5 0.25078125 0.7948339787157706 0.1609375 0.36593517735518083
5 0.1125 0.7963499306969986 0.18125 0.3599215346912715
5 0.0625 0.78828125 0.125 0.4234375
1 0.8578125 0.7515625 0.284375 0.490625
5 0.78984375 0.684375 0.4203125 0.63125