0 0.47421875 0.08307065591186769 0.0765625 0.11339088534372674
3 0.44921875 0.1255490572485948 0.03125 0.06911362667090888
0 0.39765625 0.12927404125559447 0.0375 0.05512385200509069
7 0.42265625 0.25788938991886734 0.0828125 0.18533861067790855
7 0.4765625 0.29765625 0.146875 0.2828125
5 0.4578125 0.21953125 0.184375 0.4390625
5 0.4359375 0.23359375 0.171875 0.4109375
5 0.92578125 0.33828125 0.1484375 0.2015625
5 0.9078125 0.321875 0.184375 0.234375
5 0.89453125 0.1203125 0.2109375 0.240625
5 0.9 0.11484375 0.2 0.2296875
0 0.2203125 0.6409495272915474 0.0765625 0.06026588534372675
3 0.2265625 0.6861893019573656 0.0421875 0.03330339600572696
4 0.25078125 0.7624699912874112 0.1359375 0.1593942760184536
5 0.28046875 0.790625 0.3046875 0.41875
6 0.99296875 0.659375 0.0140625 0.075
6 0.8640625 0.6915307826225474 0.0296875 0.059720445337363516
6 0.75 0.724108019971365 0.025 0.045603401336727065
6 0.659375 0.7587562873170007 0.021875 0.04556703866963616
6 0.5765625 0.8026886479949094 0.0171875 0.033012494668999894
9 0.93125 0.815625 0.1375 0.36875