7 0.16875 0.31993875351604134 0.015625 0.028215903590796287
0 0.165625 0.29808193423420065 0.00625 0.009411361436318443
5 0.16796875 0.3347870486955812 0.0234375 0.08138635538619425
8 0.31015625 0.4015625 0.1390625 0.25625
5 0.25078125 0.51171875 0.0453125 0.0359375
8 0.18984375 0.26484375 0.3796875 0.5296875
8 0.78671875 0.26484375 0.4265625 0.5296875
8 0.57421875 0.2203125 0.2890625 0.440625
7 0.62109375 0.2659279643866258 0.0265625 0.039217036104353654
5 0.62265625 0.26513762402754626 0.03125 0.04705680718159222
2 0.2984375 0.65859375 0.1625 0.2328125
5 0.18984375 0.76640625 0.3796875 0.4671875
8 0.7484375 0.8703125 0.21875 0.259375
8 0.925 0.85234375 0.15 0.2953125
9 0.6 0.978125 0.103125 0.04375
2 0.53359375 0.9743949702403583 0.009375 0.010992042154477844
5 0.5359375 0.984375 0.021875 0.03125
6 0.5140625 0.9890625 0.015625 0.021875
6 0.58828125 0.9859375 0.0140625 0.028125
8 0.45859375 0.946875 0.1578125 0.10625