3 0.21914834731063743 0.0605896046988232 0.03829997867599957 0.06896816861791084
7 0.24490068328295686 0.26465948116225635 0.14753171737745258 0.3258363130353249
5 0.2078125 0.28984375 0.284375 0.5796875
3 0.603125 0.0609375 0.146875 0.121875
4 0.76484375 0.37421875 0.4703125 0.4109375
5 0.76484375 0.28984375 0.4703125 0.5796875
8 0.3578125 0.78984375 0.34375 0.4203125
8 0.26484375 0.83203125 0.5296875 0.3359375
4 0.875 0.7046875 0.25 0.25
5 0.63515625 0.78984375 0.2109375 0.4203125
5 0.82890625 0.78984375 0.3421875 0.4203125