5 0.11015625 0.0140625 0.0484375 0.028125
8 0.17265625 0.11171875 0.3453125 0.2234375
0 0.859375 0.2817104830279778 0.1 0.07089428298109546
0 0.95 0.309375 0.1 0.1375
3 0.8875 0.3299843565645446 0.0453125 0.056513620413308985
3 0.8390625 0.34745365769601283 0.0546875 0.039380662567786474
4 0.90546875 0.45859375 0.1828125 0.1421875
5 0.78984375 0.359375 0.4203125 0.325
5 0.74765625 0.3565791937021704 0.3171875 0.2721578428931625
8 0.45 0.86015625 0.259375 0.2796875
8 0.24296875 0.84921875 0.4859375 0.3015625
3 0.765625 0.6650052929400447 0.01875 0.01729658430895533
2 0.76796875 0.6290541574014252 0.025 0.020457945745273775
4 0.7578125 0.7314569947354427 0.06875 0.11446247579950324
5 0.75 0.7799399465308408 0.1125 0.3334670058537326