1 0.1109375 0.2015625 0.221875 0.403125
4 0.23125 0.35859375 0.4625 0.3421875
5 0.234375 0.26484375 0.46875 0.5296875
1 0.60625 0.44296875 0.275 0.1734375
2 0.634375 0.2 0.33125 0.1875
5 0.734375 0.30859375 0.53125 0.4421875
1 0.20703125 0.946875 0.3546875 0.10625
2 0.21484375 0.65625 0.4078125 0.253125
5 0.234375 0.76484375 0.46875 0.4703125
4 0.9 0.82578125 0.2 0.1953125
3 0.8142021440563155 0.7162132689359395 0.023728401336727246 0.025136355386194253
0 0.8566436353834976 0.6706507840612501 0.1412977093411815 0.05863063231716552
5 0.671875 0.63515625 0.3125 0.2109375
5 0.82734375 0.8171875 0.3453125 0.365625