3 0.12578125 0.096875 0.2515625 0.19375
0 0.09765625 0.10390625 0.1953125 0.2078125
7 0.1953125 0.346875 0.390625 0.165625
5 0.2296875 0.21484375 0.459375 0.4296875
0 0.871875 0.08984375 0.190625 0.1796875
3 0.8989299420328407 0.08510477589914096 0.08369426483072288 0.15252611067790872
4 0.95390625 0.20078125 0.0921875 0.3734375
5 0.78046875 0.21484375 0.4390625 0.4296875
0 0.03195099941082482 0.6631148812858203 0.03458407825883123 0.03633748933799978
0 0.24814817115199359 0.6246592665897763 0.03457498789975162 0.03477498933799979
0 0.19568624648395855 0.6049558412635487 0.03144998789975162 0.03473862667090888
0 0.45078125 0.57890625 0.0171875 0.0390625
0 0.16310100546094902 0.644400149268003 0.03303066861791084 0.037881808004454245
0 0.0685652102814092 0.6447188699475024 0.03145907825883123 0.03630112667090888
0 0.10204078561337422 0.6240154712762753 0.03144998789975162 0.03473862667090888
0 0.3046345204880637 0.6646297385821403 0.04266928903121965 0.08330339600572714
0 0.12257145423128506 0.6612791139401846 0.03462043969514959 0.04258748933799979
3 0.03530325838781527 0.7021410186187295 0.02823408430895542 0.019077264003817974
3 0.07266690300162097 0.6782671666136387 0.02198408430895542 0.01900453866963616
3 0.10300384279496662 0.6552563806095026 0.020421584308955333 0.018986357336090796
3 0.12515155356735502 0.7018768419398664 0.025136355386194253 0.023728401336727066
3 0.16796576746300165 0.6748143552673667 0.020439765027114733 0.0221113573360908
3 0.19745327956324993 0.6400939099300033 0.02199317466803503 0.020567038669636162
3 0.21731632766965606 0.6968978932606852 0.02199317466803503 0.020567038669636162
3 0.2515049753085239 0.6644666539226854 0.023555674668035032 0.020585220003181703
3 0.2811106620768073 0.6500587085853219 0.01727840359079611 0.015824994668999892
3 0.3047708758742579 0.6880672385821403 0.020430674668035033 0.020548857336090798
3 0.34527770120622286 0.6672820239099587 0.020430674668035033 0.020548857336090798
3 0.380361228333586 0.6543729439051862 0.02668067466803503 0.020621582670272608
3 0.44305667105379776 0.6872394405633684 0.01884999394987581 0.017405676002545258
3 0.45546875 0.61875 0.0078125 0.025
0 0.44140625 0.64609375 0.0359375 0.0484375
0 0.3762004482793566 0.6106683972390499 0.037709078258831144 0.03637385200509069
0 0.33957714704969266 0.6275019085773678 0.036137487899751616 0.03479317067154515
0 0.3006055506404888 0.6435814419160039 0.03769998789975162 0.03481135200509069
0 0.27854874345889646 0.6125859805856401 0.0314318071815924 0.031613626670908876
0 0.21083452351312576 0.6571268685948669 0.03615566861791084 0.03791817067154515
7 0.440625 0.70859375 0.0375 0.1640625
7 0.4359375 0.78046875 0.046875 0.1703125
7 0.38864642700572605 0.735532037237459 0.09621244554888228 0.15579656134627218
7 0.3480032462875668 0.7328797519096405 0.05394313231716552 0.1412431653405452
7 0.3153725534691592 0.7645115599140949 0.08839085518980258 0.154143154678545
7 0.2773862192583996 0.6813541619191856 0.02836134933607006 0.040952264003817976
7 0.265208927005726 0.7369683625875492 0.06956813231716552 0.14142497867599965
7 0.22555607454639803 0.770244486592958 0.08365790339440445 0.14627611067790855
7 0.2070555385402404 0.6790473219287305 0.05971134328594587 0.05850339067472703
7 0.17306687880112417 0.7458535612667303 0.06786927693097126 0.11796929734245402
7 0.12712311972593787 0.772171160606321 0.09456813231716552 0.1417158800127268
7 0.09850269515609869 0.687342174610139 0.025136355386194253 0.023728401336727066
7 0.08300041500367357 0.7086177379455935 0.056522710772388504 0.04752952800763595
7 0.045836758289619396 0.7668665899506841 0.08825449980360825 0.130705654678545
7 0.01328125 0.7515625 0.0265625 0.11875
5 0.025 0.8109375 0.05 0.378125
5 0.05546875 0.81796875 0.1109375 0.3640625
5 0.08823333654845059 0.802313193944957 0.09272487294739165 0.36199201734563574
5 0.10064645725634716 0.6529399026098208 0.04587610226293641 0.09740225867281786
5 0.1359375 0.8171875 0.128125 0.365625
5 0.1796577672666098 0.8043745859325486 0.08961805366555105 0.3650806546785447
5 0.20216350546094902 0.6439456159293668 0.06942268657189174 0.11642497867599957
5 0.22421875 0.81640625 0.1203125 0.3671875
5 0.2702327702916719 0.7947263185869128 0.09597713797450638 0.38390338001272656
5 0.30138277634179617 0.7771751919160039 0.0833953247427898 0.36969542934436317
5 0.31796875 0.81015625 0.1109375 0.3796875
5 0.3444697010098311 0.7969877052435042 0.09905668617910841 0.37612724267981756
5 0.39140625 0.79453125 0.1171875 0.4109375
5 0.42578125 0.809375 0.0671875 0.38125
5 0.4375 0.77890625 0.04375 0.4421875
0 0.696875 0.72890625 0.475 0.5421875
5 0.7296875 0.71484375 0.540625 0.5703125