5 0.24296875 0.09682760742929775 0.00625 0.026598861436318445
8 0.23671875 0.09913499599297926 0.065625 0.10663179508134393
9 0.20625 0.12786398399092672 0.0234375 0.039198855386194255
9 0.16640625 0.15106967983439645 0.05 0.07685339149054773
7 0.2296875 0.138156589377121 0.0078125 0.020357951795398142
5 0.2296875 0.14753158937712102 0.009375 0.054742042154477664
8 0.059375 0.375 0.11875 0.3375
8 0.11015625 0.359375 0.2203125 0.71875
8 0.36171875 0.03736222471934867 0.0203125 0.04230567466803503
9 0.2953125 0.014319634458464913 0.009375 0.01724204215447771
9 0.31484375 0.00390625 0.0046875 0.0078125
9 0.31640625 0.01756735430603975 0.0109375 0.015688632513557323
9 0.315625 0.033969059126499966 0.0140625 0.018831813231716586
9 0.30390625 0.04093213143340284 0.0140625 0.023519313231716587
9 0.29375 0.054154294099385325 0.0171875 0.02353749394987581
9 0.27734375 0.04702759532904932 0.0140625 0.018831813231716586
3 0.77578125 0.6390140656676035 0.0671875 0.08320338544042354
2 0.75859375 0.46625782171772767 0.0921875 0.09272383118569749
5 0.7203125 0.48125 0.559375 0.475
8 0.21484375 0.859375 0.4296875 0.28125
6 0.52421875 0.859375 0.1765625 0.28125
2 0.746875 0.9528902133064714 0.096875 0.08337610226293642
5 0.646875 0.95234375 0.434375 0.0953125