0 0.321875 0.309375 0.015625 0.046875
7 0.30859375 0.40625 0.0421875 0.0875
3 0.3234375 0.346875 0.0125 0.028125
5 0.28828125 0.33125 0.0828125 0.2375
6 0.3828125 0.2203125 0.10625 0.440625
8 0.12890625 0.725 0.2578125 0.55
8 0.21484375 0.81796875 0.2296875 0.3640625
9 0.5873657281371942 0.5359375 0.09301472267624522 0.1421875
9 0.7465543757760621 0.50390625 0.0958397408266178 0.090625
7 0.66171875 0.5265625 0.1171875 0.153125
7 0.45546875 0.503125 0.0765625 0.10625
5 0.65859375 0.7203125 0.2078125 0.540625
5 0.4703125 0.65546875 0.134375 0.4109375