0 0.026521072503294628 0.13964726551809398 0.020485216822512697 0.02980567466803503
0 0.5235051568122501 0.11800653133077552 0.02363748789975162 0.03451135538619425
0 0.44239605737798404 0.09426048000291566 0.026744307181592396 0.031404536104353495
7 0.5138619912194013 0.16415482348525323 0.033176114363184794 0.062690897540672
7 0.44115119906492356 0.17395252518245546 0.06310905405833438 0.1050511143631847
7 0.009375 0.1703125 0.01875 0.071875
5 0.01875 0.20234375 0.0375 0.1703125
5 0.44296875 0.1984375 0.1265625 0.240625
5 0.5067398376286051 0.17982073010111152 0.06971357806243947 0.16602497579950315
8 0.40625 0.659375 0.51875 0.68125
0 0.1374605132785988 0.9519977954741273 0.011019313231716543 0.014126132513557366
7 0.13342245307194434 0.9746767713718263 0.014253397540672008 0.03289431323171641
5 0.134375 0.971875 0.025 0.05625