1 0.21015625 0.03203125 0.1234375 0.0640625
0 0.03515625 0.12734375 0.0703125 0.2546875
7 0.0953125 0.1703125 0.190625 0.278125
7 0.353125 0.1546875 0.453125 0.309375
7 0.50390625 0.1546875 0.1515625 0.309375
5 0.48671875 0.1546875 0.1859375 0.309375
5 0.29296875 0.1546875 0.5734375 0.309375
5 0.10703125 0.1546875 0.2140625 0.309375
5 0.62578125 0.1546875 0.0921875 0.309375
6 0.5462517895221991 0.38649395267916087 0.009520445745273776 0.025054542154477666
6 0.46814042506081854 0.3846047206331417 0.009520445745273776 0.025054542154477666
6 0.4118767895221991 0.387275723560008 0.009520445745273776 0.025054542154477666
6 0.3935944221339522 0.44128651268942354 0.020603391490547907 0.05011817466803503
6 0.3587108829063408 0.394616045768715 0.011119307181592398 0.031313632513557364
6 0.3288733919815271 0.4205700125912277 0.017432939695149675 0.04228749394987581
6 0.32506259075186306 0.4041864884889268 0.01270907825883123 0.03601022287263689
6 0.5309717022863774 0.46158031109041725 0.023782933645025393 0.05951135538619425
6 0.4634978559753694 0.5111899465308408 0.036437469749379045 0.08614657825883114
6 0.23566374746591726 0.46251713895646496 0.028534066158582762 0.07047612646343318
6 0.17649782572474843 0.4269250726014905 0.01903180113146812 0.04854658430895533
6 0.2047546359314029 0.4041051961380574 0.014298849336070063 0.040706813231716585
6 0.2712563347017388 0.3873126058771736 0.012681807181592397 0.03132272287263689
6 0.3517614461380573 0.38059445238457323 0.009520445745273864 0.025054542154477666
6 0.4291233768562166 0.37701947961013216 0.007948855386194253 0.023482951795398145
6 0.531458036497137 0.3779865610904173 0.009511355386194253 0.023492042154477664
6 0.27578125 0.9421875 0.0609375 0.115625
6 0.7950149798065238 0.6187938891528567 0.03780907220870686 0.053343168617910844
9 0.86875 0.6546875 0.2625 0.690625