5 0.2223188649523599 0.1851581907753042 0.007967036104353476 0.026607951795398144
8 0.21526943423420067 0.1883240973911625 0.07095791549465283 0.11134656615858277
9 0.1823023981298472 0.21507749493183442 0.026798849336070064 0.040779536104353475
9 0.13999672346181216 0.23563543462698408 0.05201701795398091 0.07842498184962743
7 0.2048950156162898 0.22588318472518001 0.009493174668035032 0.020367042154477665
5 0.20484047346181206 0.23525818472517995 0.01126475292686635 0.056313632513557275
8 0.040625 0.39453125 0.08125 0.2296875
8 0.1 0.2546875 0.2 0.509375
8 0.3468421419815272 0.1320917572284746 0.022120439695149586 0.04231476502711464
9 0.2805949732654204 0.10513434748935832 0.011037493949875809 0.017251132513557366
9 0.30174326541989804 0.09563662764178349 0.004742042154477844 0.009402271077238834
9 0.30166599736772143 0.10891787764178354 0.011028403590796288 0.015688632513557364
9 0.3000035034178456 0.1261144680008631 0.015734084308955332 0.0188409035907962
9 0.2890296419815271 0.13242810051442042 0.015761355386194255 0.02352840359079611
9 0.27645237392935035 0.1457820733870574 0.017332945745273953 0.02509999394987581
9 0.26009612090428824 0.13728377215739335 0.015743174668035032 0.020403403590796197
5 0.6609375 0.2546875 0.603125 0.509375
4 0.64375 0.4375 0.415625 0.14375
2 0.72578125 0.06875 0.2265625 0.1375
1 0.6845092718628057 0.339214952580965 0.18711015632127062 0.2026442527304745
6 0.32890625 0.79921875 0.0609375 0.4015625
2 0.12890625 0.98515625 0.1171875 0.0296875
8 0.6796875 0.7546875 0.640625 0.490625
5 0.43671875 0.58046875 0.1546875 0.1421875
7 0.7890625 0.80625 0.190625 0.3875
0 0.7810898769544125 0.5644780521134268 0.08336701190385662 0.09579428903121982
5 0.7234375 0.7546875 0.425 0.490625