9 0.13514962129707175 0.21484375 0.10992951190385654 0.0953125
9 0.04921875 0.20390625 0.0984375 0.1609375
7 0.05390625 0.1875 0.1078125 0.29375
5 0.07109375 0.26953125 0.1421875 0.5390625
1 0.8125 0.32890625 0.375 0.2421875
2 0.8078125 0.10625 0.384375 0.2125
4 0.76953125 0.41171875 0.4609375 0.2546875
5 0.76953125 0.26953125 0.4609375 0.5390625
4 0.26953125 0.81015625 0.5390625 0.3796875
5 0.26953125 0.76953125 0.5390625 0.4609375
6 0.8265625 0.56640625 0.034375 0.0546875
6 0.6546875 0.9578125 0.059375 0.084375