0 0.129255187062871 0.15390625 0.07564541549465283 0.1109375
0 0.02109375 0.1078125 0.0421875 0.096875
3 0.02669781362450001 0.190625 0.02677157825883123 0.0359375
3 0.15543589198152707 0.21953125 0.022074987899751618 0.034375
7 0.2125 0.29453125 0.171875 0.2484375
7 0.0453125 0.3 0.090625 0.2375
5 0.1015625 0.23828125 0.203125 0.3609375
5 0.234375 0.24609375 0.29375 0.3453125
0 0.75 0.184375 0.18125 0.215625
3 0.7752388109922214 0.35546875 0.11621587334017507 0.1015625
5 0.8296875 0.23203125 0.340625 0.3734375
1 0.8296875 0.8609375 0.340625 0.278125
2 0.80078125 0.659375 0.2828125 0.19375
5 0.8296875 0.73046875 0.340625 0.5390625