8 0.30546875 0.44140625 0.1109375 0.0765625
8 0.1890625 0.43046875 0.128125 0.0984375
5 0.3203125 0.44490030855633445 0.01875 0.02198408430895533
9 0.34921875 0.4478571369133615 0.0296875 0.0439227168225127
8 0.18671875 0.23984375 0.3734375 0.4796875
0 0.7234375 0.22830472365820387 0.2046875 0.20587833703942993
2 0.51328125 0.4623398769544124 0.0125 0.011010222872636888
2 0.46015625 0.44155519916311947 0.0140625 0.014144313231716587
2 0.44453125 0.4533648527539157 0.0109375 0.011001132513557365
4 0.46015625 0.4703125 0.0171875 0.01875
5 0.4609375 0.45625 0.03125 0.046875
5 0.48671875 0.46171875 0.0390625 0.0359375
4 0.4890625 0.47109375 0.028125 0.0171875
4 0.50625 0.4671875 0.040625 0.025
3 0.69921875 0.4057893742239379 0.1140625 0.10847609621281204
5 0.71953125 0.2890625 0.5609375 0.38125
8 0.278125 0.6265625 0.321875 0.29375
0 0.84453125 0.60078125 0.3109375 0.2421875
3 0.8734375 0.8737348774453917 0.171875 0.21506243949875808
7 0.6390625 0.91640625 0.315625 0.1671875
5 0.73984375 0.73984375 0.5203125 0.5203125