9 0.16953125 0.109375 0.3390625 0.21875
6 0.61796875 0.10300928698811629 0.0140625 0.040706813231716585
6 0.49765625 0.07949049463724682 0.0125 0.03757272287263689
6 0.8609375 0.13128323615123572 0.0125 0.03601022287263689
6 0.34765625 0.04286316910889019 0.0125 0.03601022287263689
6 0.771875 0.1239888866187739 0.0125 0.03601022287263689
6 0.7671875 0.10760990769601282 0.0078125 0.026607951795398144
6 0.6875 0.09635476600907333 0.009375 0.031304542154477664
6 0.55859375 0.07679222063314173 0.009375 0.028179542154477665
6 0.96875 0.12362475137474212 0.00625 0.017223861436318443
6 0.4578125 0.056284798793777124 0.0109375 0.03443863251355737
6 0.7984375 0.10742810051442042 0.0109375 0.029751132513557366
6 0.9390625 0.1191099681972548 0.009375 0.025054542154477666
6 0.34296875 0.0234375 0.0078125 0.01875
6 0.39375 0.03165750351604144 0.0078125 0.017232951795398143
6 0.4046875 0.058156371002484074 0.0140625 0.034456813231716586
6 0.4015625 0.0472370517206433 0.0078125 0.023482951795398145
6 0.3984375 0.04413023243880256 0.00625 0.020348861436318443
6 0.44140625 0.040755247564113084 0.0078125 0.017232951795398056
6 0.4671875 0.05310525663929937 0.0078125 0.021920451795398144
6 0.475 0.05540355484390132 0.0078125 0.021920451795398144
6 0.53125 0.06288880191703505 0.0078125 0.021920451795398144
6 0.55234375 0.06745358206946026 0.00625 0.021911361436318444
6 0.61015625 0.07571098878351439 0.00625 0.021911361436318444
6 0.6578125 0.08168373283158603 0.0078125 0.017232951795398056
6 0.66796875 0.08162464549756851 0.0078125 0.017232951795398056
6 0.65078125 0.06766213944744433 0.00625 0.014098861436318444
6 0.68046875 0.07217692262493154 0.00625 0.012536361436318444
6 0.7109375 0.08840591062287899 0.00625 0.020348861436318443
6 0.725 0.0875428473911625 0.00625 0.018786361436318445
6 0.7625 0.09123092877325165 0.00625 0.017223861436318443
6 0.746875 0.08038433236404785 0.00625 0.012536361436318444
6 0.77421875 0.09585025108015452 0.00625 0.021911361436318444
6 0.8171875 0.104194016205465 0.009375 0.025054542154477666
6 0.82890625 0.10412583851236787 0.009375 0.021929542154477667
6 0.7015625 0.07283545277735674 0.00625 0.012536361436318444
6 0.84609375 0.10402584456249206 0.009375 0.026617042154477667
6 0.85234375 0.10008323312617362 0.00625 0.020348861436318443
6 0.88203125 0.10928551630366093 0.0078125 0.021920451795398144
6 0.91015625 0.13334063984022776 0.0109375 0.029751132513557366
6 0.97578125 0.12358384475888382 0.00625 0.017223861436318443
6 0.98046875 0.12043157368164499 0.00625 0.017223861436318443
6 0.13203125 0.25859375 0.2453125 0.0796875
8 0.51796875 0.534375 0.3578125 0.409375
0 0.63046875 0.3843411002198328 0.021875 0.015752265027114642
7 0.628125 0.4320109857584523 0.0421875 0.06430793969514963
5 0.61640625 0.43911041345154944 0.0734375 0.13167724687674198