0 0.5078125 0.04296875 0.053125 0.0859375
0 0.67578125 0.03515625 0.0265625 0.0671875
0 0.6362402287157705 0.15234375 0.020785214672181595 0.040625
0 0.3012663393936791 0.23515625 0.02705339600572696 0.0421875
0 0.18106128536758934 0.04296875 0.01749658267027261 0.0265625
0 0.45162996606458794 0.26640625 0.020712489337999785 0.034375
4 0.46451177406904226 0.29921875 0.020948846674090582 0.0546875
4 0.29880495806808777 0.2921875 0.046257929344363104 0.08125
4 0.16404705537872522 0.125 0.03552042401336308 0.0984375
4 0.5304993060550429 0.19609375 0.08185107869190791 0.1859375
4 0.6470328253898611 0.20703125 0.016134077339272322 0.04375
5 0.4588975734006787 0.28671875 0.03837270401018138 0.075
5 0.3019663207351787 0.2953125 0.07692722135581712 0.165625
5 0.16858965205281576 0.1796875 0.05810559070654362 0.29375
3 0.18302377470558912 0.07734375 0.011155676002545346 0.01875
3 0.30093962273231517 0.27421875 0.012699994668999893 0.0171875
3 0.5145374040419981 0.1 0.023782945337363515 0.0296875
3 0.68125 0.109375 0.015625 0.040625
5 0.51640625 0.30859375 0.1390625 0.6171875
5 0.6398379433879521 0.19296875 0.035793144016544785 0.121875
5 0.65234375 0.325 0.0734375 0.65
7 0.66484375 0.234375 0.0484375 0.26875
8 0.34453125 0.825 0.6890625 0.35
5 0.80390625 0.76953125 0.2296875 0.2390625
5 0.91171875 0.89453125 0.1765625 0.2109375