8 0.20157859719477073 0.44754223591664016 0.2232840056573407 0.24476924936345307
8 0.1234375 0.3 0.246875 0.6
5 0.06921606996921179 0.371743899268003 0.03787270472226432 0.06449885200509069
5 0.9359375 0.33203125 0.128125 0.6140625
5 0.83359375 0.41875 0.1921875 0.440625
5 0.7356546571068376 0.23615129726291234 0.03961701190385654 0.09576703333863615
5 0.8286006812091384 0.23897575791695838 0.017532933645025395 0.05957499466899989
4 0.8300859131569618 0.2522388265834129 0.017378397540672098 0.033012494668999894
4 0.7324160276183423 0.25571890993000324 0.01582498789975162 0.03455681333545444
2 0.734319416083828 0.1971069785964578 0.026726126463433177 0.028434082670272608
2 0.8286688589022357 0.22725700791695838 0.01730567466803521 0.020512494668999893
2 0.7879347745932803 0.24647972258913992 0.09425906010845857 0.08859088001272672
2 0.7241899162802198 0.3269035665977304 0.11151019262201593 0.09972837468172671
2 0.568598967313492 0.21544044995227493 0.03302157825883114 0.036319308004454334
2 0.567958096998379 0.3255966999522749 0.10051815046753827 0.09022610534690845
2 0.48747623234060666 0.19451087929663807 0.029851126463433176 0.028470445337363516
2 0.39375 0.10703125 0.128125 0.1640625
1 0.4871944312091386 0.2429483792966381 0.028352258976990362 0.039389764003817974
1 0.43613592525721023 0.291195522636865 0.1072317587805987 0.16998633068109026
1 0.5746035276183423 0.25755522461809316 0.022029536104353476 0.02681703866963616
1 0.5635200609922213 0.41704840328613846 0.06299996974937905 0.08666475334181775
1 0.805339922330344 0.34314563725336733 0.0645988311856975 0.0929329346753633
1 0.758650753810629 0.44602573659295786 0.08505677693097118 0.11816929201145392
4 0.85078125 0.50625 0.1265625 0.265625
4 0.7703125 0.5765625 0.228125 0.125
4 0.6015625 0.5390625 0.175 0.2
4 0.45 0.47890625 0.240625 0.3203125
4 0.5055262746914762 0.31460520329409275 0.03948065651766246 0.07232953333863605
5 0.27421875 0.81953125 0.1109375 0.3609375
8 0.54765625 0.840625 0.4359375 0.31875