7 0.1359375 0.1890625 0.271875 0.378125
5 0.1734375 0.1921875 0.346875 0.384375
3 0.54140625 0.0140625 0.0640625 0.028125
3 0.83828125 0.0265625 0.0671875 0.053125
7 0.8021680506404888 0.24997116628021976 0.2794350534691592 0.4953589935570923
4 0.521875 0.24375 0.20625 0.4875
5 0.590625 0.26484375 0.34375 0.5296875
5 0.7890625 0.26484375 0.421875 0.5296875
5 0.93359375 0.26484375 0.1328125 0.5296875
0 0.38125 0.64296875 0.075 0.1046875
0 0.30947655659241724 0.6784354921031641 0.06130111436318479 0.0628545240041051
0 0.14740328258831212 0.6184388442679045 0.08800906010845858 0.08800906010845858
0 0.06931009884509072 0.6243621122218854 0.06290906615858276 0.07067611436318462
3 0.37536972218526576 0.7241474470218201 0.04717498184962743 0.05183521077238851
3 0.28714301433974365 0.7340360523098186 0.022038626463433176 0.028252265027114733
3 0.11103905659241722 0.6795899677062754 0.01893180718159222 0.03135908430895533
3 0.06182030659241722 0.6798763140172834 0.034565897540672096 0.03301248789975162
4 0.05390625 0.82265625 0.1078125 0.2421875
4 0.14092252019347606 0.8473905460633026 0.1453862646343312 0.28208631303532494
4 0.280080468963812 0.8629877541052167 0.11527151775758923 0.20847609621281213
4 0.353125 0.87109375 0.13125 0.2578125
5 0.3359375 0.79375 0.165625 0.4125
5 0.27109375 0.81875 0.2046875 0.3625
5 0.11796875 0.78359375 0.2359375 0.4328125
5 0.0640625 0.7890625 0.128125 0.421875