1 0.1625 0.2359375 0.2375 0.471875
8 0.37578125 0.3515625 0.0515625 0.26875
0 0.5241248638722054 0.045890471276275366 0.015706813231716587 0.01424431333545444
5 0.5221992703898678 0.11779274327659355 0.03530221662612103 0.15977498933799977
7 0.8068060745463981 0.15432749057132256 0.02532725292686635 0.05654090133672707
7 0.9082691014773694 0.27034229455764136 0.025236349336070062 0.04091590133672725
7 0.9490077309658644 0.28940082988545984 0.028470433645025394 0.05970226400381797
7 0.9242758965587132 0.335785481222187 0.02848861436318444 0.06282726400381797
0 0.9495026346548567 0.24017298921868716 0.015734084308955332 0.01893181333545435
0 0.9072560473208391 0.23050763522441411 0.01731476502711473 0.02207499466899989
0 0.80651972823539 0.10510874057132255 0.01574317466803512 0.020494313335454352
5 0.8069697010098311 0.18245249057132257 0.03230448165323559 0.18161362667090888
5 0.9084736345566607 0.30549854455764136 0.02913402985783762 0.17376476400381796
5 0.922886113381226 0.36549116255573233 0.0509999394987581 0.17245680267345415
5 0.9523190833269968 0.3213957172183689 0.038572662371394985 0.1848113520050907
5 0.0359375 0.75 0.071875 0.5
8 0.675 0.75 0.65 0.5
5 0.52890625 0.75 0.2140625 0.5
7 0.47259470100983114 0.7874148999443207 0.0860930778660478 0.2962942920114542
3 0.4634595537637468 0.560162056612048 0.03461134933607006 0.041024989337999786