0 0.1421875 0.0234375 0.1625 0.046875
3 0.12122205678880889 0.11358421438662583 0.059756795081343926 0.06597043364502549
7 0.1421875 0.16953125 0.284375 0.2203125
5 0.17265625 0.13984375 0.3453125 0.2796875
6 0.7473123789975158 0.23785348224241085 0.025472698672140127 0.08139544574527387
6 0.9568732104778009 0.13428707894620223 0.006413626463433175 0.028161361436318443
7 0.7908936864736958 0.07431315700864172 0.004732951795398144 0.007839771077238832
7 0.842497093089554 0.08104442515901433 0.004732951795398321 0.007839771077238832
7 0.8502914123713949 0.07787397336361628 0.007921584308955332 0.018795451795398054
2 0.9424425509350763 0.07108764217791883 0.004742042154477844 0.009402271077238834
2 0.8955630057555366 0.07057910295030734 0.004742042154477488 0.009402271077238834
2 0.8517720991396782 0.06380238300453664 0.0031704517953983213 0.007830680718159223
5 0.9425198189872532 0.0843688921779188 0.012745439695149584 0.042260222872636935
5 0.8963987979100143 0.07994955777076754 0.009547716822512698 0.029742042154477667
5 0.8518220961146163 0.07239613300453665 0.009520445745273776 0.02505454215447771
5 0.8424880027304745 0.07948192515901435 0.0063227228726368875 0.012536361436318488
5 0.797920391294156 0.07349100039278347 0.00791249394987581 0.017232951795398056
5 0.7900942557555366 0.07119270218818156 0.004742042154477666 0.009402271077238834
4 0.9425652707826513 0.09218139217791883 0.009502265027114732 0.021929542154477667
4 0.8956402738077134 0.08386035295030733 0.007921584308955332 0.018795451795398054
8 0.36484375 0.63984375 0.7296875 0.7203125