3 0.4546875 0.1125 0.05 0.140625
7 0.37890625 0.3 0.2015625 0.3
5 0.334375 0.225 0.290625 0.45
6 0.54296875 0.2234375 0.1265625 0.215625
6 0.8921875 0.02734375 0.05 0.0546875
6 0.8453125 0.040813381444903964 0.0453125 0.05833975867281786
6 0.7734375 0.05325829010181353 0.0625 0.08666475334181775
6 0.73359375 0.06607591609640466 0.0734375 0.09304202267663593
6 0.69609375 0.08751456409131397 0.1015625 0.0996192866804539
6 0.64296875 0.1384588987507689 0.1515625 0.14395108935390813
6 0.934375 0.01171875 0.04375 0.0234375
6 0.96640625 0.01171875 0.0296875 0.0234375
6 0.9875 0.01015625 0.025 0.0203125
8 0.3171875 0.5625 0.325 0.225
2 0.82734375 0.61171875 0.3453125 0.1171875
3 0.8359375 0.85078125 0.328125 0.1796875
5 0.73984375 0.7671875 0.5203125 0.465625