7 0.328125 0.3867700099459116 0.140625 0.32038632001909007
3 0.284375 0.16774783728518403 0.0421875 0.04892839600572705
2 0.26015625 0.06171875 0.0796875 0.1234375
5 0.396875 0.28984375 0.36875 0.5796875
8 0.325 0.28984375 0.65 0.5796875
4 0.825 0.50390625 0.35 0.1515625
2 0.825 0.07890625 0.35 0.1578125
5 0.825 0.28984375 0.35 0.5796875
3 0.83828125 0.38828125 0.3234375 0.3828125
0 0.29375 0.726504671944639 0.0765625 0.11026588534372675
3 0.30234375 0.778748424610139 0.0265625 0.058121582670272606
7 0.384375 0.7754501545990031 0.115625 0.15603291868236296
5 0.34921875 0.7617967346037756 0.1859375 0.2162260786919079
5 0.825 0.78984375 0.35 0.4203125
4 0.825 0.90234375 0.35 0.1953125
1 0.85234375 0.7953125 0.2953125 0.225
2 0.825 0.625 0.35 0.090625