5 0.28199127009067765 0.39921875 0.052598836012090366 0.0890625
4 0.28817763542326863 0.39375 0.022293170671545327 0.0359375
8 0.12430494474058751 0.27578125 0.19278967337681613 0.3203125
8 0.2 0.3046875 0.4 0.609375
9 0.3734375 0.18515625 0.053125 0.1046875
7 0.2798816880569519 0.15078125 0.01606135200509069 0.0375
0 0.2694890807208612 0.13046875 0.00948408800127254 0.009375
5 0.27768338872531545 0.16328125 0.02750792934436319 0.08125
1 0.8156101027211793 0.1953125 0.20946809603754354 0.2765625
2 0.740625 0.021875 0.178125 0.04375
5 0.78671875 0.3046875 0.4265625 0.609375
4 0.85390625 0.45234375 0.2921875 0.3140625
1 0.2 0.8421875 0.4 0.315625
5 0.2 0.8046875 0.4 0.390625