1 0.10012830678880888 0.05067477009528023 0.0362829336450254 0.05958407825883114
0 0.08984375 0.02109375 0.0578125 0.0421875
7 0.01484375 0.034375 0.0296875 0.06875
7 0.17421875 0.1046875 0.1359375 0.209375
7 0.2046875 0.0671875 0.121875 0.134375
7 0.2859375 0.0484375 0.115625 0.096875
5 0.29375 0.1609375 0.171875 0.321875
5 0.215625 0.18125 0.18125 0.3625
5 0.1796875 0.228125 0.240625 0.45625
5 0.02734375 0.03125 0.0546875 0.0625
9 0.5538674269075303 0.17179020423128505 0.11150110226293641 0.09752041549465282
9 0.7022094781371943 0.15624753834384872 0.23221357806243956 0.1669703731437835
7 0.8203125 0.07578125 0.09375 0.1515625
7 0.65078125 0.14453125 0.1546875 0.2890625
5 0.6734375 0.28984375 0.284375 0.5796875
5 0.8453125 0.22265625 0.203125 0.4453125
5 0.19296875 0.92890625 0.1640625 0.1421875
4 0.85078125 0.78984375 0.2921875 0.4203125
4 0.9421875 0.740625 0.115625 0.321875
5 0.8859375 0.78984375 0.228125 0.4203125
5 0.74921875 0.78984375 0.5015625 0.4203125
5 0.825 0.78984375 0.35 0.4203125