3 0.30625 0.034375 0.24375 0.06875
7 0.2739678285725952 0.31212454595004785 0.4275828440483614 0.36117714139081547
5 0.328125 0.25390625 0.58125 0.5078125
5 0.90859375 0.059375 0.1828125 0.11875
5 0.84765625 0.05234375 0.2578125 0.1046875
5 0.825 0.34375 0.296875 0.53125
5 0.86796875 0.3421875 0.2640625 0.534375
7 0.9015625 0.26796875 0.196875 0.2828125
7 0.796526817950366 0.24673535594368445 0.13715674403245312 0.24062609468490823
7 0.83203125 0.01796875 0.1203125 0.0359375
7 0.92578125 0.03046875 0.1484375 0.0609375
0 0.8972006219764556 0.05340243193032137 0.12441929201145427 0.08581132535009015
0 0.8924489399665925 0.126104135264185 0.12921588001272682 0.09524086935072651
0 0.984375 0.1421875 0.03125 0.09375
0 0.02421875 0.79609375 0.0484375 0.2203125
0 0.4890625 0.92265625 0.1875 0.1546875
3 0.50625 0.975 0.084375 0.05
5 0.3984375 0.8375 0.440625 0.325
8 0.809375 0.8046875 0.38125 0.390625