9 0.3671875 0.06328125 0.103125 0.1265625
9 0.425 0.046875 0.05 0.09375
7 0.3 0.0828125 0.1375 0.165625
7 0.1640625 0.028125 0.08125 0.05625
5 0.14375 0.1765625 0.15 0.353125
5 0.24765625 0.21953125 0.3296875 0.4390625
6 0.56171875 0.3874575307416004 0.0328125 0.0470658975406721
9 0.75546875 0.21953125 0.4890625 0.4390625
3 0.52265625 0.1150285397185908 0.0515625 0.07529998184962734
0 0.51640625 0.02890625 0.1328125 0.0578125
7 0.51015625 0.27109375 0.1203125 0.3359375
5 0.52109375 0.21953125 0.1421875 0.4390625
8 0.62890625 0.628125 0.3546875 0.378125
8 0.7546875 0.78984375 0.490625 0.4203125