0 0.4224592446372468 0.025793957909004205 0.023673849336070064 0.0408977200031817
0 0.27625186514875166 0.04702516259550329 0.01737839754067192 0.033012494668999894
4 0.26044960314669907 0.07767572593095765 0.01905907220870695 0.053343176002545435
4 0.4221365368899204 0.08126270790900421 0.041079517953980904 0.0785977146721816
4 0.203125 0.03125 0.071875 0.0625
5 0.2675490308397962 0.06587515993000323 0.03479315651766246 0.07227498933799978
5 0.41821665135130104 0.08365191124286779 0.06810562626704134 0.1585942973424542
5 0.55390625 0.06015625 0.0453125 0.1203125
3 0.42145982601933607 0.06330304857577689 0.011028403590796288 0.015752269334818082
5 0.209375 0.190625 0.109375 0.38125
5 0.09765625 0.01171875 0.0296875 0.0234375
5 0.05 0.21171875 0.1 0.4234375
7 0.04375 0.065625 0.0875 0.13125
8 0.75625 0.33828125 0.2125 0.4828125
8 0.825 0.3265625 0.35 0.50625
7 0.4890625 0.5890625 0.028125 0.01875
8 0.325 0.78984375 0.65 0.4203125