3 0.03125 0.4192023439688196 0.0140625 0.028288632001908988
0 0.046875 0.41120803063336514 0.025 0.047165901336727066
0 0.253125 0.05568309460536645 0.03125 0.04255112667090888
7 0.01796875 0.41640625 0.0359375 0.0671875
7 0.24921875 0.12760354793923007 0.0484375 0.09275112133990877
3 0.24921875 0.08619729793923007 0.0125 0.015770450668363533
5 0.2421875 0.17534161394018458 0.0953125 0.28860906134627207
4 0.865625 0.221875 0.26875 0.35625
4 0.49140625 0.14921875 0.2796875 0.2984375
3 0.9015625 0.02980874856782272 0.1015625 0.0589942866804539
3 0.57109375 0.01015625 0.0921875 0.0203125
5 0.7703125 0.225 0.459375 0.45
5 0.51796875 0.225 0.4171875 0.45
1 0.1546875 0.86953125 0.309375 0.2609375
2 0.1546875 0.69921875 0.309375 0.2328125
5 0.1546875 0.7703125 0.309375 0.459375