6 0.48693445696175947 0.35528031411547933 0.029942030054229286 0.0439227168225127
9 0.2546875 0.2 0.509375 0.4
3 0.5362203428931623 0.09795362744539178 0.04571247579950324 0.06901362041330898
7 0.52421875 0.246875 0.0703125 0.30625
6 0.6834953186926656 0.28500119301479937 0.02861587939029935 0.08453862646343317
6 0.5764862737095175 0.15515058743221335 0.007957945745273776 0.025045451795398143
6 0.6268544332522421 0.2181409459416656 0.01592498184962743 0.0516534035907962
6 0.5867107014026146 0.16681025009819583 0.009565897540671919 0.032867042154477666
6 0.6008777405320302 0.18469718686647935 0.01271816861791084 0.03757272287263689
6 0.5670567315550399 0.14583012958669112 0.0063772650271147315 0.021911361436318444
6 0.5609375 0.13828125 0.003125 0.0203125
6 0.8842987737095175 0.15335978669352865 0.007985216822512697 0.029732951795398144
6 0.5918749243734475 0.1144346838414172 0.0031977228726368877 0.012518180718159222
7 0.7074908340143679 0.1121994972695255 0.004732951795398144 0.007839771077238832
7 0.7614016291939076 0.1126671298812787 0.004732951795398144 0.007839771077238922
7 0.7684101532962087 0.1087199732654204 0.007921584308955332 0.018795451795398054
2 0.862055614166793 0.09020580172064334 0.004742042154477844 0.009402271077238834
2 0.8144311804235717 0.09595180767257169 0.004742042154477844 0.009402271077238834
2 0.768328340064492 0.0946574732654204 0.004732951795398144 0.007839771077238832
5 0.8629141322189697 0.10348250654110354 0.014317030054229107 0.04383181323171659
5 0.8160436773985096 0.10453646731349205 0.011119307181592219 0.031313632513557364
5 0.7691595870394299 0.10324667808588059 0.009529536104353475 0.026617042154477667
5 0.760611288834828 0.11110917506081845 0.0063227228726368875 0.012536361436318444
5 0.7145129936552882 0.1105960906536672 0.00791249394987581 0.017232951795398143
5 0.7066914032962086 0.1090790424490653 0.004751132513557366 0.010964771077238833
4 0.8645220840143679 0.11128591618202392 0.009502265027114732 0.021929542154477667
4 0.8168476532962086 0.10843817213395228 0.007921584308955332 0.018795451795398144
7 0.37421875 0.68125 0.3703125 0.5625
5 0.2796875 0.7 0.559375 0.6
3 0.75703125 0.425 0.0765625 0.05
4 0.7738072221852658 0.5730314163784156 0.18116922852997766 0.25573289129415605
5 0.8234375 0.7 0.353125 0.6