4 0.14921875 0.3453125 0.2984375 0.2875
5 0.21875 0.24453125 0.4375 0.4890625
1 0.78125 0.4390625 0.396875 0.1
2 0.68828125 0.16328125 0.4171875 0.3265625
5 0.73984375 0.24453125 0.5203125 0.4890625
8 0.4234375 0.8859375 0.1125 0.228125
9 0.03828125 0.55546875 0.0765625 0.0421875
9 0.34453125 0.5 0.0734375 0.021875
9 0.35234375 0.846875 0.0453125 0.053125
9 0.1890625 0.80625 0.04375 0.05625
9 0.3171875 0.8265625 0.1203125 0.0796875
9 0.365625 0.925 0.0796875 0.0765625
0 0.39296875 0.89609375 0.009375 0.009375
7 0.3953125 0.9109375 0.0109375 0.0171875
5 0.39453125 0.90625 0.0140625 0.03125
0 0.2546875 0.97578125 0.009375 0.0078125
4 0.253125 0.990625 0.015625 0.01875
5 0.25625 0.98515625 0.028125 0.0296875
5 0.26953125 0.9828125 0.0296875 0.034375
0 0.26484375 0.971875 0.0109375 0.009375
0 0.2953125 0.971875 0.0125 0.0125
0 0.3015625 0.9640625 0.0109375 0.0125
6 0.36640625 0.99609375 0.0140625 0.0078125
5 0.296875 0.98203125 0.021875 0.0359375
5 0.30625 0.978125 0.021875 0.04375
7 0.29765625 0.9890625 0.0171875 0.021875
7 0.30703125 0.98671875 0.0171875 0.0265625
7 0.26796875 0.9890625 0.0234375 0.021875
6 0.2375 0.85703125 0.009375 0.025
6 0.228125 0.853125 0.009375 0.01875
6 0.23203125 0.84375 0.009375 0.028125
7 0.83515625 0.71953125 0.034375 0.0625
3 0.8296875 0.68828125 0.009375 0.015625
0 0.82265625 0.66640625 0.025 0.0296875
8 0.73984375 0.74453125 0.5203125 0.5109375