5 0.28125 0.21484375 0.5625 0.4296875
6 0.78828125 0.38828125 0.0703125 0.0828125
6 0.6660765354169824 0.3461416634515494 0.04895565046753827 0.08934430113146803
6 0.876032797517231 0.3105440101553409 0.02210225897699054 0.03918976502711473
6 0.9875 0.34453125 0.025 0.0546875
6 0.8306203035673552 0.2936201305686497 0.01895907825883114 0.03604658430895533
6 0.8375697403356386 0.2795167239527914 0.017378397540672098 0.03291249394987581
6 0.8789850806947183 0.28083832943718157 0.015806807181592573 0.03134090359079611
6 0.9196055355151783 0.2798207301011115 0.009502265027114732 0.021929542154477667
6 0.9524043999765588 0.2772860825604395 0.011046584308955687 0.018813632513557367
6 0.9735072403356385 0.2787258627128647 0.011046584308955332 0.018813632513557367
6 0.9844401951560986 0.27788098019930735 0.011046584308955687 0.018813632513557367
6 0.7451049843837102 0.2323968051384889 0.00791249394987581 0.017232951795398143
6 0.7888913458200287 0.23839227508425961 0.007903403590796287 0.015670451795398145
6 0.6716129422292324 0.22344905201523088 0.011055674668035032 0.020376132513557365
6 0.5921875 0.2109375 0.00625 0.021875
6 0.6301385145361353 0.2119711965308408 0.009484084308955332 0.018804542154477667
6 0.687224306690613 0.22101439842443477 0.009484084308955332 0.018804542154477667
6 0.7521135084860111 0.2284496485226306 0.00947499394987581 0.017242042154477666
6 0.801382255460949 0.23675705221162263 0.007921584308955332 0.018795451795398144
9 0.79453125 0.353125 0.4109375 0.153125
1 0.31171875 0.67265625 0.5546875 0.3546875
2 0.32734375 0.471875 0.5234375 0.084375
4 0.29453125 0.83203125 0.5890625 0.3359375
5 0.29453125 0.71484375 0.5890625 0.5703125
1 0.73984375 0.75859375 0.3015625 0.3796875
0 0.73984375 0.56796875 0.3015625 0.1640625
4 0.79453125 0.921875 0.4109375 0.15625
5 0.79453125 0.715625 0.4109375 0.56875