5 0.2640625 0.23046875 0.15 0.4609375
5 0.48359375 0.275 0.2890625 0.55
5 0.6671875 0.3 0.19375 0.5
5 0.7666663669954634 0.08639812577606207 0.03961701190385671 0.09553975897699045
5 0.6729390928931623 0.08975895423128502 0.017532933645025395 0.05947499394987581
4 0.6714538609453392 0.10303111387220536 0.01737839754067192 0.03291249394987581
4 0.7699049964839586 0.1059475564942213 0.01738748789975162 0.03447499394987581
2 0.768001608018473 0.047344716135141685 0.026726126463433177 0.028279536104353475
2 0.6728663700205255 0.07725895423128501 0.01730567466803503 0.02041249394987581
2 0.7143862495090206 0.09703109874689489 0.09425906010845857 0.08804542154477701
2 0.7781356530016209 0.17786800828961943 0.11151019262201585 0.09908291549465283
2 0.9345033067888089 0.06471908937712101 0.03302157825883114 0.03612839754067192
2 0.935144177103922 0.17487533937712102 0.10051815046753845 0.08964428298109546
1 0.9284987464839585 0.10687022794080248 0.023592036104353297 0.026698855386194254
1 0.9395867582896195 0.26708556527481997 0.06299996974937905 0.0863011143631848
1 0.696199851771957 0.19379701443793945 0.06460792154477701 0.09412270472226432
1 0.38515625 0.1109375 0.0921875 0.14375
1 0.7428935654712118 0.29719018003078823 0.08506586729005097 0.11924087939029934
4 0.45859375 0.33828125 0.2390625 0.4234375
4 0.64921875 0.38828125 0.1265625 0.3234375
4 0.72890625 0.4578125 0.2296875 0.184375
4 0.89921875 0.41953125 0.1765625 0.2609375
4 0.9890625 0.1625 0.021875 0.071875
2 0.13739195745273883 0.6836236254814745 0.10399767447164336 0.15059996369925485
3 0.1193828217177277 0.810858291172519 0.06592498184962743 0.051944295081344107
4 0.10859375 0.89140625 0.1890625 0.2171875
5 0.134375 0.7984375 0.26875 0.403125
8 0.66953125 0.76015625 0.6609375 0.4203125
8 0.86796875 0.73515625 0.2640625 0.3703125