8 0.69453125 0.13828125 0.6109375 0.2421875
7 0.66875 0.19375 0.303125 0.13125
3 0.7228148104030462 0.10636168871319103 0.0877727107723885 0.04738406010845857
2 0.7012897892276115 0.04607817368607638 0.12532725292686636 0.056977228726369414
7 0.5785512051150479 0.1938066256778662 0.11942268657189174 0.11631586729005097
2 0.5930727682485685 0.11498218890958276 0.053261355386194253 0.023746572208706997
5 0.5622449490649235 0.1765236769075302 0.14313289734428025 0.16332722267624517
5 0.69140625 0.134375 0.3859375 0.25
8 0.17890625 0.4921875 0.3578125 0.44375
8 0.0484375 0.7015625 0.096875 0.596875
8 0.89921875 0.3359375 0.2015625 0.153125