9 0.061857567042345574 0.285894783378407 0.031404536104353474 0.02692612667090888
9 0.03210643452878825 0.2964868380410436 0.029832945745273863 0.025345445337363513
8 0.3259518832991242 0.28349867874758716 0.0298783975406721 0.03315794533736351
9 0.29541950078556695 0.29408164274345105 0.032985216822512695 0.030069308004454242
3 0.3560206574996211 0.3526032147517233 0.007876132513557366 0.011028406667727354
0 0.3584825821676561 0.3323179867520416 0.01894998789975162 0.03459317600254543
5 0.34453125 0.37578125 0.0453125 0.1265625
4 0.21171666647661153 0.31185894139876974 0.026898843285945873 0.05812158267027243
0 0.21197574171038056 0.2673276913987698 0.015752265027114732 0.02205681333545435
5 0.20703125 0.34609375 0.0453125 0.1859375
8 0.71484375 0.21484375 0.5703125 0.4296875
8 0.21484375 0.71953125 0.4296875 0.5609375
8 0.834375 0.63203125 0.33125 0.3859375
8 0.59296875 0.80234375 0.3265625 0.3953125
5 0.463506425453602 0.6986124120384982 0.03000566256778665 0.05503294533736351