8 0.1296875 0.21953125 0.259375 0.4390625
7 0.6807075609922213 0.33828125 0.04415906615858276 0.0703125
3 0.6808984585328933 0.30546875 0.007885222872636887 0.0125
0 0.6724365187395478 0.2828125 0.02830680718159222 0.03125
5 0.70546875 0.34609375 0.1078125 0.1859375
8 0.6296875 0.21953125 0.740625 0.4390625
6 0.25234375 0.4984375 0.0140625 0.053125
6 0.21103086524694756 0.55078125 0.04894656010845857 0.0875
9 0.05 0.73125 0.1 0.5375
1 0.5484375 0.84453125 0.578125 0.3109375
2 0.565625 0.57890625 0.6125 0.2796875
4 0.6296875 0.94140625 0.740625 0.1171875
5 0.6296875 0.71953125 0.740625 0.5609375