7 0.42710039382823883 0.19024074326250479 0.19048059601642037 0.24484993344863373
0 0.54609375 0.14453125 0.0671875 0.1453125
3 0.5193242552645573 0.1970270744482022 0.02521816861791084 0.03764544574527377
5 0.42421875 0.20625 0.3109375 0.325
6 0.03828125 0.6890625 0.0765625 0.346875
3 0.4917890868430382 0.5470361648072818 0.07706246974937905 0.08638292759490138
2 0.51484375 0.42109375 0.1296875 0.1046875
5 0.48515625 0.56796875 0.1890625 0.3984375
9 0.30859375 0.684375 0.5421875 0.63125
6 0.10562484874689489 0.6400988009350764 0.0590669695529872 0.21596134328594588
9 0.09375 0.4515625 0.1875 0.165625
8 0.78984375 0.684375 0.4203125 0.63125