0 0.08828125 0.01796875 0.0203125 0.0359375
0 0.18671875 0.0171875 0.0234375 0.034375
7 0.0944181413923519 0.06429937021691719 0.02851588544042354 0.06735112646343314
7 0.16721074677854614 0.08815957191411941 0.06154655405833438 0.10504202400410509
5 0.096875 0.0859375 0.05 0.171875
5 0.1671875 0.1296875 0.115625 0.259375
8 0.5859375 0.1296875 0.7125 0.259375
3 0.4018832669720222 0.7616066831540461 0.1823317527304745 0.18699198165323558
4 0.3296875 0.846875 0.2 0.165625
2 0.7301622821955286 0.6557077037403056 0.43632033684303834 0.3369021198241338
5 0.60625 0.6125 0.753125 0.66875