8 0.31545929001317835 0.209375 0.24684877068445524 0.2640625
8 0.21171875 0.171875 0.4234375 0.34375
5 0.1980905037124332 0.10625 0.04258747579950324 0.06875
1 0.63671875 0.06328125 0.1546875 0.1265625
4 0.6625 0.33203125 0.20625 0.3734375
5 0.73515625 0.259375 0.3515625 0.51875
5 0.85703125 0.259375 0.2859375 0.51875
9 0.48671875 0.83515625 0.1453125 0.3296875
6 0.18877407016560355 0.91015625 0.033076120413308985 0.0453125
9 0.1171875 0.759375 0.234375 0.48125
3 0.3268518288480064 0.6765625 0.05533291549465282 0.1109375
0 0.3703125 0.575 0.14375 0.1125
7 0.31640625 0.8375 0.2515625 0.325
5 0.31015625 0.759375 0.3140625 0.48125
2 0.87109375 0.67421875 0.2578125 0.3109375
5 0.7796875 0.759375 0.440625 0.48125