9 0.2828125 0.07265625 0.259375 0.1453125
9 0.4234375 0.08984375 0.090625 0.1796875
6 0.8140625 0.1515625 0.175 0.303125
4 0.92109375 0.58203125 0.1578125 0.0734375
3 0.9508872090238727 0.5044808833973201 0.06916815651766228 0.07227497579950323
2 0.96328125 0.34921875 0.0734375 0.1015625
5 0.84609375 0.40078125 0.3078125 0.4359375
2 0.09013307884800632 0.740159308163551 0.1714851563212708 0.2025533491396784
5 0.15703125 0.81796875 0.3140625 0.3640625
1 0.53125 0.809375 0.125 0.38125
1 0.783200781036188 0.8345229074014252 0.2514362767345795 0.24832945745273882
1 0.953125 0.871875 0.09375 0.25625