5 0.6511469478865732 0.23517637149346343 0.0473386083130606 0.0799602107723885
5 0.22210486338122606 0.3486137202403583 0.025254530054229285 0.04389544574527395
8 0.27421875 0.35234375 0.4296875 0.1734375
8 0.51875 0.21953125 0.4 0.4390625
8 0.859375 0.21953125 0.28125 0.4390625
2 0.47694183342519264 0.6609621666730032 0.08323974687674199 0.07391928903121965
4 0.4125 0.8796875 0.15625 0.240625
1 0.4798355501495095 0.7554797811343839 0.028470433645025394 0.05953862646343318
5 0.3734375 0.79765625 0.284375 0.4046875
8 0.859375 0.80703125 0.28125 0.3859375
8 0.91796875 0.8890625 0.1640625 0.221875