9 0.31328125 0.22023670476604087 0.0265625 0.03312158267027261
9 0.178125 0.23038276941435995 0.0234375 0.029960220003181704
9 0.01015625 0.23515625 0.0203125 0.0515625
8 0.7140625 0.234375 0.571875 0.46875
8 0.53125 0.2625 0.384375 0.4125
5 0.91796875 0.20706344808240526 0.03125 0.13630112667090888
6 0.278125 0.6760776247612684 0.021875 0.05962953866963616
6 0.03046875 0.6325708833943153 0.0125 0.05483295066836362
9 0.16953125 0.91328125 0.3390625 0.1734375
6 0.14609375 0.5964163020766783 0.009375 0.028234088001272716
6 0.0015625 0.5828125 0.003125 0.015625
6 0.053125 0.5758032627307244 0.0046875 0.01567954400063627
6 0.06875 0.5908288260661788 0.0046875 0.018804544000636268
6 0.07578125 0.5924731420671333 0.0109375 0.012627269334818081
6 0.08203125 0.6073896174013151 0.009375 0.021984088001272717
6 0.10703125 0.5795555187380421 0.0046875 0.014117044000636448
6 0.11171875 0.5741413127386785 0.003125 0.010973862667090906
6 0.16875 0.5755861814130873 0.003125 0.009411362667090906
6 0.18125 0.5804191320814508 0.003125 0.012536362667090906
6 0.2203125 0.5824361654200869 0.003125 0.015661362667090905
6 0.23203125 0.5989787754216778 0.00625 0.021947725334181812
6 0.30859375 0.6076821607654045 0.003125 0.017223862667090906
6 0.26640625 0.6368787647596775 0.009375 0.029796588001272717