9 0.25703125 0.2546875 0.3453125 0.45
7 0.07265625 0.29921875 0.1453125 0.3609375
5 0.084375 0.23984375 0.16875 0.4796875
3 0.015625 0.11015625 0.03125 0.0734375
4 0.4703125 0.07890625 0.08125 0.1578125
5 0.48984375 0.21953125 0.1203125 0.4390625
5 0.203125 0.73984375 0.39375 0.5203125
8 0.71484375 0.73984375 0.5703125 0.5203125
2 0.9299061894987579 0.553125 0.01884999394987581 0.0171875
3 0.9284936804235716 0.57890625 0.015734084308955332 0.01875
7 0.9052470779642438 0.61171875 0.025390885440423717 0.0671875
5 0.9147402526322785 0.63203125 0.10107266237139498 0.184375