7 0.35971380494209715 0.1487026830558503 0.033176114363184794 0.06269089754067192
3 0.3630160669441497 0.11825211377400953 0.0063136325135573655 0.010973861436318445
0 0.3576700367917246 0.09712654751723085 0.023592036104353474 0.026698855386194254
5 0.38068483509452233 0.16991915290342519 0.07766243344863373 0.1895079275949012
8 0.3796875 0.26953125 0.759375 0.5390625
6 0.97734375 0.01015625 0.0265625 0.0203125
9 0.8796875 0.278125 0.240625 0.521875
0 0.38950077801112587 0.6051208546988232 0.04239657825883114 0.03618293969514959
3 0.383128058163551 0.6261782432625047 0.01416249394987581 0.01726931323171641
4 0.3487030611886131 0.6345720053627532 0.06751475292686618 0.05664088544042354
5 0.3689019317001179 0.6542214300307883 0.14613972267624523 0.14303290339440444
8 0.8796875 0.7265625 0.240625 0.375