8 0.525 0.378125 0.15 0.103125
0 0.08828125 0.03587112862032029 0.0203125 0.033048857336090795
5 0.0875 0.046817719287093065 0.0453125 0.07865225867281786
4 0.0828125 0.02812226328772933 0.0234375 0.0408977200031817
0 0.553125 0.10624343189055044 0.0109375 0.015752269334818082
7 0.546875 0.13522240722473225 0.021875 0.039317038669636165
5 0.5453125 0.15242808855827777 0.0390625 0.11139203333863605
3 0.55078125 0.11877070389086866 0.00625 0.006322725334181811
8 0.6421875 0.28046875 0.084375 0.1953125
8 0.8 0.203125 0.4 0.40625
9 0.54375 0.8223036892107329 0.0359375 0.03791817067154533
9 0.4875 0.8167082172183688 0.046875 0.0677329400063634
9 0.3890625 0.667853641231732 0.0453125 0.03490225867281786
1 0.86875 0.6460535559357302 0.171875 0.26449994668999893
4 0.76328125 0.88203125 0.3265625 0.2359375
5 0.8 0.71484375 0.4 0.5703125