5 0.88515625 0.28984375 0.1828125 0.5578125
5 0.809375 0.04296875 0.0375 0.0859375
5 0.9035143227978821 0.050606592402183105 0.017532933645025395 0.05947499394987581
4 0.9042183047457055 0.06389238758172286 0.017378397540672098 0.03291249394987581
4 0.8065984161820239 0.05707424013924678 0.01582498789975162 0.034465903590796196
2 0.81171875 0.00625 0.0265625 0.0125
2 0.9059307956705192 0.03812022794080248 0.01729658430895533 0.01884999394987581
2 0.8620898920797229 0.053490697886573194 0.09268746974937905 0.08647383118569749
2 0.7921223048439013 0.12808617690753019 0.10993860226293624 0.0975113251355733
2 0.64453125 0.0078125 0.0328125 0.015625
2 0.6367580939733168 0.10921293617910824 0.09894656010845856 0.08807269262201593
1 0.56171875 0.01875 0.0265625 0.0375
1 0.5140625 0.07265625 0.090625 0.1453125
1 0.6480819342342007 0.042870318692665596 0.023582945745273955 0.025136355386194253
1 0.6237217627876195 0.20132771330647134 0.061437469749379046 0.0862920240041051
1 0.8724501542781672 0.15277308040013055 0.0645988311856975 0.09256020472226431
1 0.8156320068356913 0.2501020774732643 0.08349427693097126 0.11766928903121965
4 0.8984375 0.37890625 0.121875 0.3796875
4 0.80390625 0.44453125 0.2234375 0.2484375
4 0.640625 0.3984375 0.16875 0.340625
4 0.5375 0.32890625 0.1375 0.4796875
4 0.5743535427436528 0.09244307181592352 0.03947156615858276 0.07053975897699054
1 0.88671875 0.91015625 0.2265625 0.1796875
2 0.8703125 0.6671875 0.259375 0.196875
5 0.734375 0.784375 0.53125 0.43125