5 0.37265625 0.09609375 0.2171875 0.1921875
3 0.796875 0.34375 0.14375 0.290625
7 0.70078125 0.290625 0.2015625 0.396875
0 0.91328125 0.24453125 0.1734375 0.4890625
5 0.8 0.24453125 0.4 0.4890625
8 0.42421875 0.63359375 0.2859375 0.2890625
5 0.928125 0.7796875 0.14375 0.440625
5 0.77109375 0.753125 0.1984375 0.49375
5 0.66484375 0.7890625 0.1296875 0.421875
3 0.6527512535160415 0.7100375544511179 0.048692030054229285 0.044031801131468026
3 0.8115904432111911 0.6669273830045366 0.03319429508134384 0.06581589754067192
3 0.9699569342342006 0.7050672115579555 0.05498748184962743 0.05188066256778665
2 0.96328125 0.6 0.0734375 0.065625
2 0.7700574490649237 0.5546728226996863 0.09111587939029944 0.08490224082661779
2 0.63984375 0.61640625 0.0796875 0.0671875
4 0.65234375 0.86796875 0.1046875 0.2640625
4 0.76171875 0.84609375 0.1453125 0.3078125
4 0.946875 0.86171875 0.10625 0.2765625