9 0.9190382870863122 0.5760792910743232 0.03769998789975162 0.03459316861791084
9 0.8575240701656035 0.5405639718906783 0.032985216822512695 0.029878397540671918
9 0.882419531036188 0.5586781676359521 0.029842036104353653 0.026735216822512696
8 0.6156865489901688 0.4789987162333375 0.03301248789975162 0.034565897540672096
9 0.6405911002198328 0.4955504119786115 0.03456589754067192 0.03301248789975162
3 0.5723905460633026 0.5349987313586481 0.009438632513557366 0.010992042154477666
0 0.5756246303722581 0.5162669120768073 0.02363748789975162 0.03451135538619425
5 0.5640625 0.55859375 0.075 0.1203125
4 0.7138240671405415 0.5311339088553535 0.033148843285945875 0.05800339754067192
0 0.7226541664766115 0.4905589058302914 0.01731476502711473 0.021974993949875808
5 0.70625 0.546875 0.071875 0.14375
8 0.61640625 0.809375 0.3140625 0.38125
8 0.890625 0.9171875 0.14375 0.165625