7 0.45234375 0.29453125 0.3140625 0.5890625
5 0.38125 0.29453125 0.45625 0.5890625
0 0.92109375 0.29453125 0.1578125 0.5890625
5 0.92265625 0.29453125 0.1546875 0.5890625
8 0.3171875 0.79453125 0.584375 0.4109375
2 0.025580220338554137 0.715625 0.042560204722264315 0.0640625
2 0.2502893288480064 0.765625 0.03765453610435347 0.0265625
3 0.24700524756411307 0.79296875 0.02040340359079611 0.015625
4 0.26461492838046824 0.8546875 0.04744769262201594 0.0984375
4 0.0609375 0.63359375 0.053125 0.0890625
4 0.0265625 0.7890625 0.053125 0.165625
5 0.05390625 0.83984375 0.1078125 0.3203125
5 0.071875 0.71171875 0.10625 0.2453125
5 0.253125 0.8734375 0.153125 0.253125
2 0.82265625 0.6546875 0.3546875 0.13125
3 0.834375 0.90234375 0.33125 0.1953125
5 0.8046875 0.79453125 0.390625 0.4109375