7 0.209375 0.309375 0.41875 0.61875
5 0.209375 0.309375 0.41875 0.61875
8 0.709375 0.3765625 0.58125 0.484375
8 0.9140625 0.5015625 0.171875 0.234375
0 0.7616526558302914 0.37578125 0.032985216822512695 0.0296875
3 0.7586912822937245 0.40390625 0.01731476502711473 0.021875
7 0.7744662732185382 0.4296875 0.06298178903121965 0.0828125
5 0.7551441014773694 0.465625 0.11065674063022612 0.2203125
9 0.209375 0.809375 0.41875 0.38125
8 0.709375 0.81796875 0.58125 0.3640625
8 0.825 0.6796875 0.35 0.121875