5 0.5390625 0.2910997821955286 0.0203125 0.03136817466803503
7 0.5421875 0.29424296291368784 0.0109375 0.020376132513557365
8 0.51796875 0.29453125 0.2015625 0.2890625
8 0.33125 0.0171875 0.075 0.034375
8 0.4046875 0.12421875 0.428125 0.2484375
4 0.809375 0.39296875 0.38125 0.0921875
1 0.76171875 0.24453125 0.2859375 0.3890625
5 0.809375 0.21953125 0.38125 0.4390625
1 0.3078125 0.6616481106507516 0.509375 0.3310884570599555
2 0.34765625 0.4734375 0.4640625 0.06875
4 0.309375 0.86328125 0.61875 0.2734375
5 0.309375 0.71953125 0.61875 0.5609375
4 0.7625 0.6 0.24375 0.321875
4 0.87421875 0.490625 0.1046875 0.103125
0 0.68203125 0.50078125 0.1265625 0.1234375
3 0.62734375 0.57890625 0.0171875 0.0703125
5 0.809375 0.71953125 0.38125 0.5609375
5 0.69140625 0.71953125 0.1453125 0.5609375