7 0.2453125 0.12734375 0.265625 0.2546875
5 0.221875 0.15 0.334375 0.3
1 0.8328125 0.13828125 0.334375 0.2765625
4 0.69453125 0.1578125 0.6109375 0.284375
5 0.69453125 0.15 0.6109375 0.3
3 0.18376698770335986 0.38093079567051913 0.029978391490547728 0.050172716822512696
3 0.3450181050916067 0.4339007386853185 0.020521578258831143 0.03605567466803503
7 0.16213340309981686 0.5568438558771736 0.1613566982793567 0.341552216626121
0 0.3171875 0.35625 0.071875 0.1125
0 0.16484375 0.32109375 0.0796875 0.0421875
7 0.35078125 0.54140625 0.0765625 0.3265625
5 0.18515625 0.65 0.2421875 0.7
5 0.3390625 0.65 0.1 0.7
8 0.7375 0.61171875 0.525 0.6234375
5 0.7613107256031115 0.4298717688377437 0.023655668617910842 0.037636355386194253
2 0.818800517855785 0.3740666755517978 0.007876132513557366 0.010982951795398054
4 0.8276487979100142 0.4177666785768599 0.023755662567786474 0.054823855386194255
5 0.8314868702169171 0.4060252026791609 0.03799087939029953 0.08459316861791084