7 0.09894447658507008 0.2 0.018831813231716586 0.0140625
5 0.09898992838046819 0.1921875 0.022074987899751618 0.034375
8 0.15 0.22109375 0.29375 0.4421875
8 0.775 0.284375 0.45 0.56875
5 0.6501888140172835 0.1921875 0.028888590162688032 0.13125
0 0.1659052384889268 0.759375 0.015770445745273774 0.025
0 0.10724331079582967 0.77109375 0.015761355386194255 0.0234375
3 0.16657740417997138 0.778125 0.006304542154477666 0.009375
4 0.17820979576871493 0.79296875 0.028352258976990542 0.0390625
4 0.1007069644848217 0.8203125 0.020657933645025394 0.059375
5 0.09680980484390131 0.81875 0.04445904800821019 0.121875
5 0.17028366628021976 0.8125 0.05078177088084708 0.134375
3 0.770729093875121 0.765625 0.02195681323171659 0.0140625
2 0.7747262474659172 0.75 0.02822499394987581 0.0171875
4 0.7705336511549092 0.79921875 0.056522710772388504 0.046875
5 0.7608677596643615 0.84921875 0.11377265027114661 0.21875