5 0.284375 0.14140625 0.56875 0.2828125
8 0.86328125 0.03125 0.2734375 0.0625
5 0.90390625 0.003125 0.0203125 0.00625
8 0.784375 0.159375 0.43125 0.31875
7 0.1109375 0.425 0.15 0.2125
0 0.11015625 0.3375 0.0921875 0.0375
5 0.1 0.56875 0.2 0.5
0 0.813322538749178 0.7493112162333375 0.20274538136536221 0.2371010659621909
3 0.8128423754375861 0.9094538306947181 0.039698846674090495 0.05491475897699054
0 0.6715873827179977 0.5188146742752516 0.1646635786919079 0.18688289734428026
4 0.74453125 0.95078125 0.2265625 0.0984375
4 0.65625 0.8109375 0.175 0.378125
5 0.69140625 0.70390625 0.2453125 0.5921875
5 0.8015625 0.809375 0.35625 0.38125