0 0.3125 0.2125 0.0125 0.05
5 0.10703125 0.0625 0.1109375 0.125
1 0.6984375 0.43046875 0.603125 0.1390625
2 0.65546875 0.1890625 0.659375 0.309375
5 0.659375 0.25 0.68125 0.5
0 0.04453125 0.5484375 0.0890625 0.096875
0 0.12265625 0.5734375 0.0609375 0.0625
0 0.27578125 0.525 0.0859375 0.05
3 0.0609375 0.62265625 0.0484375 0.053125
3 0.14765625 0.6265625 0.021875 0.028125
3 0.3125 0.5640625 0.0125 0.03125
4 0.26953125 0.728125 0.0984375 0.278125
4 0.1625 0.7515625 0.1203125 0.2046875
4 0.08203125 0.8109375 0.1640625 0.34375
5 0.10390625 0.75 0.2078125 0.5
5 0.171875 0.765625 0.221875 0.46875
5 0.2546875 0.75 0.128125 0.5
5 0.4203125 0.75 0.203125 0.5
5 0.37109375 0.75 0.1046875 0.5
5 0.5875 0.75 0.328125 0.5
5 0.77265625 0.75 0.3578125 0.5
5 0.9 0.740625 0.2 0.48125
4 0.93125 0.621875 0.1375 0.24375
4 0.75546875 0.6234375 0.2265625 0.246875
4 0.56953125 0.59375 0.1796875 0.1875
4 0.38984375 0.64453125 0.1421875 0.2890625
4 0.3390625 0.70859375 0.040625 0.4171875