4 0.140625 0.046875 0.28125 0.09375
5 0.2328125 0.2796875 0.465625 0.559375
5 0.6835083167568141 0.23994568472518002 0.051036336012090365 0.08935339149054791
4 0.6904759320894049 0.23443602810932163 0.022274989337999783 0.03450226502711473
8 0.55 0.1359375 0.140625 0.271875
8 0.71171875 0.26640625 0.4640625 0.5328125
9 0.81328125 0.03828125 0.1171875 0.0765625
5 0.68359375 0.02109375 0.0265625 0.0421875
1 0.23984375 0.95 0.4796875 0.1
2 0.23984375 0.759375 0.4796875 0.20625
5 0.23984375 0.81796875 0.4796875 0.3640625