9 0.7453125 0.0203125 0.2125 0.040625
7 0.6984375 0.04453125 0.121875 0.0890625
5 0.71171875 0.16484375 0.1890625 0.3296875
5 0.88515625 0.12890625 0.1359375 0.2578125
3 0.25900475693388697 0.9122779926002759 0.14288745764913066 0.12196700135263541
3 0.4183535276183424 0.6463791779121859 0.02198408430895533 0.01900453866963616
2 0.41779499141579296 0.6081070185789585 0.0376727168225127 0.03012385200509069
2 0.2483410094679698 0.5967984432686393 0.2024715359079618 0.15859539202736245
5 0.12773761797742197 0.6481984059516386 0.06784200585373253 0.11328179734245403
5 0.4209740126894236 0.733061565245095 0.14854762607064967 0.2892090453532717
5 0.2546875 0.75 0.509375 0.5
4 0.259375 0.96015625 0.390625 0.0796875
4 0.4143381933093869 0.6651746312460495 0.06439884328594588 0.0585579346753633
6 0.89140625 0.42578125 0.2015625 0.1921875
6 0.75078125 0.37109375 0.1609375 0.0828125