9 0.06875 0.146875 0.1375 0.29375
6 0.36953125 0.11640625 0.0328125 0.0453125
9 0.45078125 0.21953125 0.2359375 0.4390625
7 0.2375 0.2140625 0.240625 0.428125
5 0.2421875 0.21953125 0.29375 0.4390625
2 0.91171875 0.27421875 0.1765625 0.1640625
5 0.784375 0.30078125 0.43125 0.2765625
8 0.24375 0.65625 0.4875 0.434375
8 0.284375 0.875 0.56875 0.25
5 0.6453125 0.82734375 0.153125 0.3453125
4 0.85 0.8609375 0.3 0.278125
3 0.721875 0.7546875 0.065625 0.0578125
0 0.69609375 0.60078125 0.1984375 0.2171875
5 0.81171875 0.734375 0.3765625 0.53125