1 0.3853955818730685 0.23603905659241717 0.10129083098930565 0.22245678298109556
1 0.04454838895646499 0.13795906313352072 0.06511698165323565 0.18162270472226433
0 0.06015625 0.0296875 0.1203125 0.059375
0 0.4125 0.10703125 0.190625 0.2140625
7 0.2078125 0.234375 0.415625 0.35
7 0.05703125 0.28359375 0.1140625 0.2515625
5 0.07578125 0.2046875 0.1515625 0.409375
5 0.2671875 0.2046875 0.534375 0.409375
8 0.775 0.2046875 0.45 0.409375
6 0.58203125 0.9203125 0.0640625 0.159375
6 0.8309489763886784 0.6193338665044841 0.162555583916172 0.27906130698520054
6 0.7859375 0.91484375 0.096875 0.1703125