8 0.390625 0.115625 0.1625 0.23125
5 0.47915817564999375 0.17724791725018568 0.04115224082661797 0.0910977146721816
8 0.4625 0.2046875 0.49375 0.409375
8 0.871875 0.2046875 0.25625 0.409375
1 0.50801547043675 0.5786927859245944 0.18092378883482815 0.2145908533577261
4 0.4234375 0.85 0.353125 0.3
5 0.42578125 0.7046875 0.5578125 0.590625
4 0.96171875 0.434375 0.0765625 0.05
2 0.8609375 0.42265625 0.06875 0.0265625
3 0.9078296389564648 0.434444441279457 0.03453862646343318 0.028524989337999785
5 0.91171875 0.49375 0.1765625 0.16875
5 0.96484375 0.76796875 0.0703125 0.4640625