9 0.37736893755385037 0.156502068398078 0.11149201190385671 0.09595791549465282
9 0.2227268893492484 0.1477896228491958 0.23374880698520073 0.162291963502863
7 0.0953125 0.07265625 0.0875 0.1453125
7 0.27421875 0.13984375 0.1453125 0.2796875
5 0.2546875 0.25 0.24375 0.5
5 0.08125 0.225 0.1625 0.45
3 0.96328125 0.39765625 0.0734375 0.2046875
0 0.82578125 0.25 0.3484375 0.5
5 0.81875 0.25 0.3625 0.5
7 0.24140625 0.53828125 0.1578125 0.0765625
5 0.38515625 0.75 0.1671875 0.5
5 0.22734375 0.7140625 0.2453125 0.428125
8 0.734375 0.75 0.53125 0.5
5 0.5619358768562166 0.658318056690613 0.03636474687674198 0.07364657825883114