7 0.49453125 0.125 0.2359375 0.25
5 0.47265625 0.3046875 0.3296875 0.609375
6 0.8921450307416003 0.24140625 0.03472952400410527 0.0609375
6 0.8433989794137405 0.16015625 0.01738748789975162 0.034375
6 0.7691847745932803 0.159375 0.015788626463433174 0.028125
6 0.8333654492613153 0.1390625 0.014198855386194253 0.0234375
6 0.8740268106976338 0.1328125 0.012636355386194254 0.0234375
6 0.9139114673134919 0.12578125 0.011064765027114731 0.021875
6 0.9756347624930319 0.125 0.009493174668034853 0.0203125
6 0.9403557926454571 0.14609375 0.014226126463433176 0.028125
9 0.86953125 0.43515625 0.2609375 0.3484375
8 0.04609375 0.68125 0.0921875 0.14375
8 0.33515625 0.8046875 0.6703125 0.390625
7 0.5110187923508696 0.7140625 0.025245439695149585 0.0421875
4 0.4800768227978822 0.9296875 0.026798849336070064 0.040625
0 0.484959765518094 0.89609375 0.017342036104353475 0.0265625
5 0.5085523225032945 0.73515625 0.05550563231716552 0.140625
5 0.4765625 0.9390625 0.05625 0.121875