7 0.4015625 0.059375 0.203125 0.11875
5 0.40390625 0.1796875 0.3296875 0.359375
6 0.903125 0.13067030054229303 0.0515625 0.07061248184962743
6 0.996875 0.15234375 0.00625 0.0421875
8 0.240625 0.60546875 0.48125 0.4921875
2 0.4671875 0.3703125 0.046875 0.021875
2 0.24296875 0.3734375 0.0390625 0.028125
2 0.13125 0.6107027133064713 0.0578125 0.04252384328594587
3 0.24296875 0.399633923980664 0.021875 0.01887726502711464
3 0.1265625 0.6583316922292324 0.0171875 0.01884999394987581
4 0.08046875 0.6916572766363837 0.0796875 0.1082761083130606
4 0.2203125 0.4580958637740095 0.0546875 0.09875566256778665
4 0.4703125 0.43203125 0.09375 0.1453125
5 0.46015625 0.53671875 0.2171875 0.3546875
5 0.425 0.4109375 0.13125 0.103125
5 0.225 0.5171875 0.178125 0.315625
5 0.11328125 0.7238794241770558 0.2046875 0.28712833703942986
8 0.78359375 0.6796875 0.4296875 0.640625
8 0.78984375 0.3796875 0.1859375 0.040625
5 0.66953125 0.404040143730043 0.034375 0.07519998789975162