6 0.06328125 0.4009328035673551 0.0328125 0.050190897540672096
9 0.17890625 0.29453125 0.2421875 0.5890625
6 0.76640625 0.2549304780389984 0.046875 0.07058521077238851
6 0.6515625 0.2605123366466465 0.0265625 0.04234203610435365
6 0.534375 0.26998680971567507 0.01875 0.03604658430895533
6 0.4015625 0.2840578791939077 0.0125 0.026635222872636886
6 0.153125 0.59375 0.00625 0.009375
6 0.146875 0.6413896319243821 0.0140625 0.050081813231716586
6 0.10234375 0.60234375 0.0078125 0.0265625
6 0.0796875 0.6331862464839586 0.0109375 0.040688632513557366
6 0.07421875 0.6183106802271798 0.0078125 0.03598295179539814
6 0.28515625 0.6367253787029283 0.015625 0.05790340359079611
6 0.22890625 0.6973356257760621 0.0265625 0.08296703610435348
6 0.00390625 0.68984375 0.0078125 0.0671875
6 0.0171875 0.6109476321207739 0.0078125 0.031295451795398145
6 0.09453125 0.5953125 0.0078125 0.0125