7 0.1903220356133742 0.1389231620768073 0.1732112827847038 0.23068743949875792
3 0.18272263817089804 0.04122600546094901 0.04094316256778665 0.054923849336070064
5 0.19609375 0.31953125 0.2640625 0.6390625
4 0.2011651286047324 0.8678112313586481 0.15764991529826117 0.2415340359079618
4 0.475 0.965625 0.028125 0.06875
4 0.36953125 0.9375 0.2015625 0.125
5 0.16796875 0.8625 0.3359375 0.275
0 0.26421002926866244 0.8275543909013725 0.03791815651766228 0.07209316861791093
0 0.30121058040013055 0.8762055143397436 0.048692030054229285 0.044031801131468026
0 0.32599695696175957 0.8396322100850174 0.026835210772388506 0.0470295361043533
0 0.37615551736480574 0.7328963967551051 0.1255181504675381 0.08978972872636941
0 0.4453125 0.8203125 0.0875 0.071875
0 0.478125 0.865625 0.021875 0.0625
3 0.48046875 0.9265625 0.0171875 0.028125
3 0.454490116504484 0.903658869529546 0.04082498789975162 0.03461134933607006
3 0.37758218285945855 0.8438384419346449 0.07225679508134383 0.06604315651766228
5 0.27843615573209546 0.8557612041330891 0.052335180521767555 0.13311248184962743
5 0.30668842075921016 0.8777998305965223 0.03943520472226432 0.06428975897699055
5 0.36484375 0.84765625 0.2484375 0.3046875
5 0.44921875 0.86328125 0.0796875 0.1609375
5 0.46328125 0.91953125 0.0515625 0.1609375
5 0.4 0.8796875 0.178125 0.240625
5 0.60234375 0.853125 0.2265625 0.29375