8 0.4578125 0.54375 0.1375 0.071875
8 0.26484375 0.28984375 0.5296875 0.5796875
5 0.0296875 0.22421875 0.0234375 0.0546875
7 0.0296875 0.22734375 0.01875 0.0328125
2 0.753125 0.04453125 0.025 0.0234375
3 0.7578125 0.07109375 0.0125 0.0171875
4 0.73203125 0.134375 0.05 0.109375
5 0.7390625 0.14140625 0.0796875 0.2203125
1 0.30078125 0.9015625 0.4578125 0.196875
2 0.2890625 0.68984375 0.48125 0.2203125
5 0.26484375 0.78984375 0.5296875 0.4203125
2 0.76484375 0.78828125 0.4703125 0.2640625
5 0.76484375 0.81171875 0.4703125 0.3765625