1 0.184375 0.87265625 0.36875 0.2546875
2 0.184375 0.6171875 0.36875 0.284375
5 0.184375 0.734375 0.36875 0.53125
4 0.85078125 0.51953125 0.1921875 0.1015625
7 0.42265625 0.69140625 0.1078125 0.4453125
1 0.46673558645025476 0.6 0.022129530054229286 0.04375
0 0.48833787567786613 0.553125 0.051962475799503235 0.06875
0 0.6337094630118838 0.56328125 0.08651019262201594 0.0984375
7 0.5483997186692244 0.80546875 0.23316806576579943 0.3296875
6 0.56015625 0.9265625 0.0921875 0.146875
5 0.4679940803019346 0.68203125 0.10817715612487895 0.33125
5 0.55234375 0.74921875 0.2734375 0.5015625
5 0.4203125 0.7265625 0.103125 0.515625
5 0.8390625 0.5203125 0.28125 0.103125