0 0.32624992437344746 0.21171875 0.06311814441741408 0.10625
0 0.44543574072842196 0.15234375 0.07239315046753828 0.0890625
3 0.4318595749391815 0.2359375 0.02363748789975162 0.034375
3 0.3078953549934108 0.2796875 0.017369307181592398 0.03125
7 0.26399588494944426 0.38828125 0.13763739714788842 0.2921875
7 0.47178111387220534 0.38359375 0.13931807181592362 0.3125
5 0.44921875 0.33671875 0.2171875 0.4640625
5 0.25703125 0.35703125 0.2078125 0.4234375
8 0.37578125 0.83359375 0.3296875 0.3328125
8 0.1671875 0.86328125 0.334375 0.2734375
8 0.81484375 0.63828125 0.3703125 0.1390625
8 0.81484375 0.821875 0.3703125 0.35625