0 0.1109375 0.404895536497137 0.0203125 0.02668067466803503
5 0.115625 0.4025245154198981 0.03125 0.08299430718159222
1 0.89765625 0.22421875 0.2046875 0.4484375
4 0.7578125 0.30625 0.484375 0.2875
5 0.75 0.225 0.5 0.45
5 0.4109375 0.6272411516458887 0.015625 0.04384090359079629
8 0.12109375 0.5508024132551577 0.0609375 0.033167024004105095
8 0.27421875 0.75234375 0.4515625 0.4046875
4 0.46484375 0.5902087842576418 0.003125 0.010955680718159222
5 0.46484375 0.5925525342576418 0.00625 0.021911361436318444
8 0.67109375 0.515625 0.1765625 0.13125
8 0.640625 0.71796875 0.28125 0.5359375