2 0.9546875 0.19174676925527634 0.065625 0.052326116008908664
2 0.53359375 0.2614903886457737 0.071875 0.061773841343090476
1 0.52109375 0.3225733393141373 0.0296875 0.042532945337363515
1 0.98359375 0.25390625 0.0328125 0.0546875
4 0.96328125 0.31796875 0.0734375 0.1015625
5 0.5453125 0.30197902864418286 0.1078125 0.1543795120146357
5 0.66328125 0.3578125 0.4484375 0.103125
5 0.82890625 0.2046875 0.3421875 0.409375
5 0.9484375 0.26953125 0.103125 0.2234375
2 0.96484375 0.0375 0.0703125 0.075
2 0.628125 0.36640625 0.1375 0.0859375
1 0.11171875 0.61484375 0.2234375 0.2671875
2 0.18671875 0.4375 0.3734375 0.05625
5 0.21953125 0.7046875 0.4390625 0.590625
4 0.21953125 0.8234375 0.4390625 0.353125
2 0.6125 0.65 0.346875 0.41875
5 0.71953125 0.7046875 0.5609375 0.590625