8 0.38125 0.4078125 0.221875 0.203125
4 0.18934676278761947 0.3372790872851841 0.01737839754067192 0.033012494668999894
2 0.1918495940715128 0.3099080652848659 0.004742042154477666 0.00942954400063627
5 0.20022972063314176 0.3465268179503659 0.02861587939029935 0.08470226400381797
8 0.23657628679172454 0.2757961472788207 0.4651271137740095 0.4569441747294517
9 0.85 0.2546875 0.3 0.509375
6 0.0171875 0.73359375 0.034375 0.1265625
6 0.2881296964326449 0.609517713956093 0.04579428903121974 0.08333975867281787
6 0.4689120638208918 0.5535115199315941 0.02219316256778665 0.054942038669636165
6 0.6173586541799714 0.5502217932447768 0.020530668617910842 0.0377363573360908
9 0.403125 0.80390625 0.565625 0.3921875