8 0.78359375 0.2703125 0.4328125 0.334375
0 0.97109375 0.525 0.0578125 0.03125
0 0.925 0.5097092597625574 0.046875 0.026835210772388506
3 0.92109375 0.5323882356602564 0.034375 0.011137487899751618
3 0.96015625 0.550129726683266 0.0234375 0.012636355386194254
7 0.91640625 0.56640625 0.0796875 0.0453125
5 0.94765625 0.5484375 0.1046875 0.08125
5 0.884375 0.540625 0.16875 0.096875
0 0.97578125 0.3781638230924697 0.0078125 0.004732951795397966
7 0.97578125 0.38753882309246973 0.015625 0.012590903590796287
5 0.978125 0.39065018755385034 0.0203125 0.03136817466803503
0 0.971875 0.4039677989901689 0.009375 0.004742042154477844
7 0.97578125 0.4133200730924697 0.015625 0.014153403590796287
5 0.97421875 0.4172354134515494 0.0203125 0.03136817466803503
0 0.2140625 0.7143159882925351 0.00625 0.009411361436318443
7 0.21171875 0.7315171238311544 0.009375 0.025054542154477843
7 0.2140625 0.7455659882925351 0.0171875 0.07353749394987581
8 0.84609375 0.81328125 0.3078125 0.3734375
7 0.60078125 0.97734375 0.0234375 0.0453125
0 0.58828125 0.9476239128623742 0.009375 0.014117042154477843
5 0.5984375 0.96953125 0.034375 0.0609375
7 0.54453125 0.659375 0.0109375 0.040625
5 0.5484375 0.6796875 0.01875 0.11875