0 0.345435740728422 0.14765625 0.0787522347764936 0.1078125
0 0.1917476593463328 0.18515625 0.07087610226293624 0.096875
7 0.1328125 0.278125 0.134375 0.103125
7 0.34765625 0.275 0.1421875 0.109375
3 0.17892092730031361 0.26328125 0.03302157825883114 0.0359375
3 0.3287118490414825 0.22734375 0.02990566861791084 0.0375
5 0.321875 0.209375 0.225 0.240625
5 0.1203125 0.22890625 0.221875 0.2015625
7 0.09765625 0.40703125 0.1953125 0.1546875
5 0.1046875 0.66484375 0.209375 0.6703125
8 0.6982714118804155 0.74765625 0.31030325838781536 0.428125
8 0.87734375 0.396875 0.1609375 0.134375