8 0.809375 0.278125 0.38125 0.48125
7 0.4578125 0.759375 0.321875 0.48125
5 0.309375 0.759375 0.61875 0.48125
3 0.9845174632082756 0.710112218099059 0.02355567466803521 0.020448855386194252
3 0.9142458698241338 0.7175525342576418 0.029823855386194253 0.023610216822512697
3 0.8735708728491959 0.7091951335937118 0.02512726502711473 0.022020445745273776
3 0.8127742734149299 0.7337684075978169 0.025136355386194253 0.023582945745273774
3 0.7968674722834617 0.6854218111886131 0.01887726502711473 0.021984084308955508
3 0.7594901921310366 0.7067337298065239 0.023564765027114732 0.022011355386194253
3 0.7075822584860111 0.6476587116561513 0.02668976502711473 0.022029536104353476
3 0.7095538246445938 0.7179621212970717 0.023564765027114732 0.022011355386194253
3 0.6341720295632499 0.6527734585328934 0.02199317466803503 0.020439765027114552
3 0.642384505362753 0.7214780067374953 0.025145445745273776 0.025145445745273776
0 0.634375 0.61640625 0.03125 0.0359375
0 0.6436788397699045 0.6753751663784157 0.040870439695149766 0.04242384933607006
0 0.7112657946885605 0.6093547357584523 0.036137487899751616 0.03458407825883114
0 0.7140049753085239 0.6773098502198328 0.039317030054229284 0.04397725897699054
0 0.7592583879745064 0.666889979806524 0.039298849336070064 0.040852258976990366
0 0.8036623729473916 0.6447559045727548 0.037727258976990544 0.03928066861791084
0 0.8195419030016209 0.6884150009819587 0.042451120413308986 0.04555793969514958
0 0.8756510024358869 0.6638689980550925 0.04242384933607006 0.040870439695149766
0 0.9186606590517453 0.6706502631804029 0.04871930113146803 0.048719301131468204
0 0.98125 0.6625 0.0375 0.05
7 0.6515625 0.8078125 0.065625 0.15625
7 0.64765625 0.6953125 0.0578125 0.059375
7 0.7039850806947181 0.7008064375538503 0.0833488311856975 0.09266928903121982
7 0.7116981076256895 0.8179530309379921 0.0853567587805987 0.16924087939029925
7 0.7655270895735127 0.8043581635497453 0.06026585518980241 0.15347043364502538
7 0.7900543909013725 0.7229627178044714 0.03147725897699054 0.0392443071815924
7 0.8101537883438488 0.8205053383159762 0.09941016842151917 0.16776019262201594
7 0.8722765384420444 0.7552979739527915 0.05674087939029917 0.08470225292686635
7 0.9108668606507516 0.8082002601553409 0.12911584913967822 0.17105790944452864
7 0.96171875 0.79921875 0.0765625 0.1703125
7 0.98046875 0.8515625 0.0390625 0.225
5 0.6375 0.79921875 0.0375 0.4015625
5 0.65703125 0.82734375 0.0765625 0.3453125
5 0.69765625 0.79375 0.1171875 0.4125
5 0.70234375 0.8265625 0.1078125 0.346875
5 0.7484375 0.82265625 0.090625 0.3546875
5 0.7859375 0.8125 0.084375 0.375
5 0.79921875 0.83125 0.1328125 0.3375
5 0.85703125 0.81796875 0.0921875 0.3640625
5 0.90078125 0.82109375 0.1671875 0.3578125
5 0.94921875 0.815625 0.1015625 0.36875
5 0.9609375 0.8296875 0.078125 0.340625