8 0.28984375 0.31953125 0.5796875 0.6390625
5 0.13203125 0.6171875 0.0578125 0.04375
3 0.13671875 0.6328125 0.0109375 0.0125
0 0.13984375 0.61328125 0.0203125 0.025
8 0.78984375 0.31953125 0.4203125 0.6390625
5 0.215625 0.81953125 0.43125 0.3609375
6 0.678125 0.96171875 0.04375 0.0765625
6 0.86640625 0.83125 0.028125 0.059375
6 0.99765625 0.771875 0.0046875 0.028125
6 0.9828125 0.7484375 0.0046875 0.0109375
6 0.97109375 0.75234375 0.0046875 0.0125
6 0.9328125 0.74921875 0.00625 0.015625
6 0.91953125 0.76328125 0.0078125 0.021875
6 0.84453125 0.76171875 0.00625 0.0171875
6 0.88203125 0.7953125 0.0125 0.0296875
6 0.796875 0.78515625 0.0140625 0.0328125
6 0.7609375 0.76484375 0.009375 0.0234375
6 0.73515625 0.74921875 0.0046875 0.0140625
6 0.66015625 0.7765625 0.0078125 0.0234375
6 0.6875 0.80078125 0.0140625 0.03125
6 0.58515625 0.81875 0.0109375 0.0375