0 0.2600506691088901 0.08984375 0.06464428298109545 0.1
3 0.25818818725926274 0.14140625 0.01906816256778665 0.0546875
7 0.17845978064340445 0.1484375 0.09926472267624523 0.1421875
5 0.2106001149523599 0.1296875 0.16205561416679296 0.1921875
6 0.98984375 0.4359375 0.0203125 0.059375
6 0.6416405158126816 0.425 0.03151362041330898 0.0453125
4 0.3375 0.98046875 0.140625 0.0390625
2 0.35716201844496015 0.92265625 0.07833407825883114 0.0359375
5 0.29453125 0.946875 0.2453125 0.10625
4 0.7796875 0.89453125 0.440625 0.2109375
5 0.7796875 0.89453125 0.440625 0.2109375