7 0.06640625 0.08828125 0.1328125 0.1765625
5 0.071875 0.28984375 0.14375 0.5796875
8 0.65 0.28984375 0.2625 0.5796875
8 0.78828125 0.36875 0.3171875 0.421875
7 0.746875 0.4575826366187739 0.0296875 0.040797716822512695
5 0.7453125 0.4568104769778536 0.0359375 0.05020907825883114
2 0.1984375 0.73203125 0.284375 0.3046875
5 0.259375 0.78984375 0.51875 0.4203125
4 0.26953125 0.93515625 0.4234375 0.1296875
1 0.2515625 0.9453125 0.19375 0.109375
2 0.89765625 0.8046875 0.2046875 0.390625
5 0.8453125 0.79296875 0.309375 0.4140625