5 0.2265625 0.18984375 0.453125 0.3796875
9 0.4921875 0.08203125 0.025 0.0484375
8 0.66796875 0.053125 0.2640625 0.10625
8 0.82265625 0.0578125 0.3546875 0.115625
5 0.184375 0.68984375 0.36875 0.6203125
4 0.1421875 0.8234375 0.284375 0.353125
1 0.1431399041799713 0.503399794295777 0.2122646924256241 0.22935219847574834
4 0.71796875 0.8828125 0.4015625 0.234375
5 0.73984375 0.68984375 0.5203125 0.6203125
1 0.7396558349963265 0.7055162853187866 0.19674877673457952 0.24801129488495227
2 0.72421875 0.44765625 0.2390625 0.1359375