8 0.3046875 0.234375 0.609375 0.46875
8 0.42734375 0.2078125 0.3640625 0.40625
5 0.30674646633153346 0.16750409992524523 0.04094316256778665 0.054923849336070064
4 0.3106663518701528 0.16982512402754618 0.026735216822512696 0.029842036104353476
5 0.59375 0.40390625 0.03125 0.1296875
8 0.7706372912707149 0.08816203357027072 0.2446590359079618 0.15766809601642037
6 0.47858055971567504 0.6444468323640479 0.02532725292686635 0.056395445745273956
6 0.02109375 0.84765625 0.0421875 0.1390625
6 0.20661011094533918 0.6296223048439014 0.02840680113146803 0.048601126463433175
6 0.24778910196834864 0.5903189103282914 0.014362481849627429 0.05164431323171659
9 0.3078125 0.88046875 0.603125 0.2390625
6 0.3585675206844554 0.5623297448336386 0.011092036104353475 0.026626132513557367
6 0.16557604478675633 0.5595461541799713 0.007957945745273953 0.025045451795398143
6 0.15698229478675635 0.5595961511549092 0.011010222872636888 0.012563632513557365
6 0.22329764119596013 0.5435848108940255 0.00789431323171641 0.014107951795398144
6 0.2724891201187214 0.5386109645830175 0.006340903590796287 0.015661361436318445
6 0.28663797852997774 0.553372901351301 0.006359084308955332 0.018786361436318445
6 0.29367831888905727 0.5548944947354427 0.011010222872636888 0.012563632513557365
6 0.2976754724798535 0.5704967688377437 0.009493174668035032 0.020367042154477665
6 0.3233112767345796 0.54534677791293 0.006331813231716587 0.014098861436318444
6 0.32718571047780093 0.539855302015231 0.0031886325135573657 0.010955680718159222
6 0.38190048155503986 0.5442246394474444 0.0031886325135573657 0.010955680718159222
6 0.39208854781181846 0.5496343021134268 0.004751132513557366 0.010964771077238922
6 0.4296112737095175 0.553322383495516 0.004769313231716588 0.014089771077238744
6 0.44064422247985346 0.5696650009819587 0.006368174668035032 0.020348861436318443
6 0.5118106953524905 0.581751389643836 0.004787493949875809 0.01721477107723892
6 0.4705498910977643 0.606992284159446 0.011101126463433175 0.028188632513557365
6 0.5533987525340829 0.6127604951282262 0.01268180718159222 0.03132272287263689
6 0.5916072796614458 0.6000377813307756 0.0063772650271147315 0.021911361436318444
5 0.63984375 0.6734375 0.0609375 0.409375