2 0.1636838302037388 0.47867146330647137 0.03145907825883123 0.03611930718159222
5 0.15625 0.47734375 0.10625 0.0453125
5 0.365625 0.95 0.09375 0.1
5 0.21328125 0.93671875 0.0921875 0.1265625
4 0.3847219962875668 0.9642963876799188 0.03154089149054791 0.05018180718159222
4 0.206474276439992 0.9421663367448424 0.036310204722264317 0.06427157825883115
0 0.3860117855151783 0.9174304780389984 0.022029536104353476 0.02668976502711473
3 0.38065666500367357 0.9369299117822198 0.0063045421544778435 0.009411361436318443
3 0.21644417407885985 0.9101941740788598 0.004742042154477666 0.009402271077238922
0 0.21319190905174512 0.8883009933607007 0.022020445745273776 0.02512726502711473
0 0.7671208849494443 0.884244752435887 0.08154089149054781 0.050472698672140125
0 0.8916032553627531 0.9302799359827165 0.07715337334017533 0.10200792759490121
3 0.8893594993126289 0.9474538004440971 0.04243293969514959 0.04243293969514959
3 0.7605759691602038 0.9677975958200286 0.05034543364502557 0.05966589149054755
5 0.70390625 0.8046875 0.2546875 0.390625