7 0.153125 0.1203125 0.125 0.240625
7 0.36328125 0.11328125 0.1296875 0.2265625
3 0.175 0.00625 0.03125 0.0125
5 0.365625 0.3015625 0.196875 0.603125
5 0.16796875 0.3078125 0.1953125 0.615625
7 0.88359375 0.440625 0.2328125 0.478125
5 0.8359375 0.33984375 0.328125 0.6796875
0 0.884375 0.0578125 0.184375 0.115625
3 0.8919112858097659 0.18621405140036057 0.09145222267624505 0.14324201734563582
5 0.0890625 0.8015625 0.178125 0.24375
5 0.1328125 0.75390625 0.096875 0.1484375
5 0.1859375 0.7890625 0.16875 0.21875
5 0.25546875 0.7546875 0.1390625 0.15
5 0.3375 0.7703125 0.140625 0.18125
5 0.3734375 0.73515625 0.09375 0.1109375
5 0.41875 0.75703125 0.128125 0.1546875
5 0.4703125 0.753125 0.078125 0.146875
4 0.75 0.90390625 0.48125 0.1921875
5 0.7546875 0.83984375 0.490625 0.3203125