1 0.07265625 0.32421875 0.1453125 0.2296875
1 0.32109375 0.3921875 0.2171875 0.09375
8 0.8203125 0.1 0.275 0.2
4 0.11328125 0.540625 0.1578125 0.203125
4 0.34453125 0.54140625 0.1546875 0.2046875
1 0.00234375 0.75625 0.0046875 0.04375
0 0.01640625 0.7046875 0.0328125 0.065625
0 0.15781496165615128 0.6855310382456528 0.07709883118569749 0.0926329275949012
7 0.11953125 0.89296875 0.1984375 0.2140625
5 0.0234375 0.834375 0.046875 0.33125
5 0.115625 0.81875 0.2125 0.3625
5 0.31796875 0.5421875 0.2234375 0.20625
5 0.11640625 0.5421875 0.2328125 0.20625
7 0.5890625 0.528125 0.096875 0.178125
7 0.45234375 0.4921875 0.0453125 0.10625
5 0.459375 0.63125 0.059375 0.384375
5 0.56328125 0.70546875 0.2390625 0.5328125
9 0.5984375 0.509375 0.1625 0.140625
9 0.7182893742239379 0.49039580024770535 0.09893746974937905 0.08651019262201594