8 0.75 0.209375 0.5 0.41875
8 0.64140625 0.209375 0.2828125 0.41875
1 0.38359375 0.671875 0.2328125 0.4375
4 0.32734375 0.87421875 0.3453125 0.2515625
5 0.253125 0.709375 0.49375 0.58125
1 0.5513912030719443 0.9418745859325487 0.10209883118569749 0.09336928668045416
1 0.80078125 0.9796875 0.0921875 0.040625
1 0.97734375 0.7328125 0.0453125 0.059375
3 0.990625 0.4578125 0.01875 0.05625
1 0.5453382084346975 0.5052558332670485 0.07543633723582169 0.07587270401018138
1 0.8295995789462023 0.5214780805617776 0.06922269867214012 0.08204997867599957
1 0.6011826456939602 0.8428643739258671 0.07073065651766228 0.07269316000954511
2 0.5728581786750558 0.7432007285964578 0.10841246369925486 0.10437951201463562
2 0.5390625 0.84140625 0.078125 0.0984375
2 0.975 0.6328125 0.05 0.059375
2 0.7796875 0.44375 0.109375 0.05
2 0.5375 0.43515625 0.075 0.0328125
4 0.64765625 0.91953125 0.1328125 0.1609375
4 0.8260013593932151 0.7371303525620957 0.20526123438371008 0.3695510733609078
4 0.959375 0.60234375 0.08125 0.2703125
4 0.96171875 0.8046875 0.0765625 0.090625
4 0.97578125 0.89609375 0.0484375 0.2078125
2 0.7703593716898551 0.9018291992361863 0.0926420179539809 0.07919769867918128
5 0.90859375 0.61953125 0.1828125 0.4015625
5 0.91953125 0.79921875 0.1609375 0.4015625
5 0.928125 0.8234375 0.14375 0.353125
5 0.80625 0.509375 0.3125 0.18125
5 0.82421875 0.709375 0.3515625 0.58125
5 0.7859375 0.9203125 0.246875 0.159375
5 0.60390625 0.8859375 0.2078125 0.228125
5 0.62734375 0.83828125 0.2328125 0.3234375
5 0.625 0.640625 0.25 0.44375
5 0.61796875 0.56875 0.2359375 0.3
5 0.5546875 0.72109375 0.109375 0.5578125