5 0.31484375 0.36875 0.1140625 0.221875
5 0.15546875 0.34589674463724684 0.1109375 0.24908291549465283
4 0.3375 0.3299939678044714 0.0359375 0.05489657825883114
4 0.15078125 0.2951427657144857 0.0421875 0.07055793969514967
0 0.3421875 0.2807479467272326 0.025 0.029832945745273953
3 0.33515625 0.3003201033430908 0.00625 0.009411361436318443
3 0.16328125 0.26225754284184877 0.00625 0.009411361436318443
0 0.1625 0.23804333802138858 0.025 0.026707945745273864
8 0.81953125 0.23984375 0.3609375 0.4796875
8 0.2203125 0.71796875 0.440625 0.4765625
7 0.06328125 0.7908916029503074 0.021875 0.02668976502711473
5 0.0640625 0.7994808077707676 0.0359375 0.05958407825883114
7 0.39453125 0.6850581968254283 0.0140625 0.014144313231716587
5 0.39296875 0.681942287184508 0.021875 0.029814765027114554
8 0.81640625 0.73984375 0.3546875 0.5203125