1 0.55703125 0.09140625 0.0453125 0.1828125
8 0.1421875 0.234375 0.284375 0.46875
0 0.39371610021983283 0.2569006966104571 0.16100217427525151 0.2815419960216353
7 0.38828125 0.3421875 0.3828125 0.253125
5 0.51328125 0.234375 0.1328125 0.46875
5 0.3765625 0.2859375 0.40625 0.365625
1 0.3944241064663488 0.40375751527691167 0.0643352107723885 0.047620434675363296
5 0.8703125 0.234375 0.259375 0.46875
4 0.94453125 0.2921875 0.1109375 0.353125
3 0.9645967476623089 0.08357173726927565 0.04558521077238851 0.04740225867281787
8 0.734375 0.734375 0.309375 0.53125