3 0.6441246454975685 0.5163167663036609 0.01424430718159222 0.03133181323171641
0 0.6269871424725064 0.5078230102535366 0.025290891490547907 0.05014544574527378
0 0.11516541598563217 0.12565748839073088 0.033048849336070066 0.04081589754067192
0 0.4214335967037915 0.12075077801112584 0.033076120413308985 0.04550339754067201
7 0.6744206786750558 0.5458270043016084 0.07109427088084708 0.13478406615858277
5 0.665625 0.58125 0.10625 0.215625
7 0.4225415787498106 0.19886668765204618 0.050572692622015934 0.09872839149054773
3 0.4243631539835796 0.15432634729296657 0.014153403590796287 0.015706813231716587
5 0.4284915969001831 0.2503928262157277 0.0939783007386847 0.3083488311856975
3 0.11808588290634078 0.16079555767257164 0.014171584308955421 0.018831813231716586
7 0.1216466992613153 0.22014783177487263 0.058576090162687854 0.13158634328594587
5 0.12608421438662581 0.2630893106976338 0.10183625253408275 0.31620678298109556
5 0.28828125 0.73125 0.5765625 0.084375
5 0.7625 0.84453125 0.0875 0.3109375