5 0.1875 0.15234375 0.25625 0.3046875
0 0.38125 0.11894842525721021 0.025 0.040770445745273866
0 0.434375 0.27488935304850326 0.0234375 0.03451135538619425
0 0.3515625 0.2375 0.025 0.040625
7 0.4296875 0.2881978741257421 0.0375 0.05803066861791084
7 0.3625 0.253125 0.046875 0.08125
7 0.37890625 0.14318081079582967 0.0484375 0.0768443011314682
5 0.38125 0.1783234252572102 0.0765625 0.1613829275949012
5 0.37734375 0.2765625 0.0765625 0.128125
5 0.43359375 0.30848764822804303 0.0640625 0.10193520472226432
8 0.16953125 0.68515625 0.3390625 0.6109375
0 0.2734375 0.5473360039088249 0.034375 0.03144998789975162
3 0.2703125 0.5778229346269841 0.01875 0.02198408430895533
7 0.2859375 0.603513281036188 0.0640625 0.08631020472226432
5 0.26640625 0.6411269105246832 0.1125 0.22721700585373253
5 0.66953125 0.68984375 0.6609375 0.6203125