8 0.234375 0.23984375 0.390625 0.4796875
0 0.55703125 0.05078125 0.1734375 0.1015625
8 0.92265625 0.17890625 0.1546875 0.3578125
7 0.56796875 0.325 0.2765625 0.309375
3 0.56796875 0.17646004439397292 0.096875 0.09275110226293623
5 0.66953125 0.23984375 0.4796875 0.4796875
7 0.00859375 0.684375 0.0171875 0.1625
7 0.02578125 0.6053566831540461 0.040625 0.08929884933607006
7 0.059375 0.680552125874258 0.0625 0.1175511143631848
7 0.08671875 0.6361799571581512 0.025 0.07358294574527395
7 0.13828125 0.6896049390077786 0.0921875 0.1802238311856975
7 0.1859375 0.6281634449597069 0.034375 0.09707498789975162
7 0.21953125 0.6533588876799188 0.0765625 0.1191954275949012
7 0.3078125 0.6382474929679172 0.053125 0.11280907220870695
7 0.35234375 0.6658503182016863 0.08125 0.13172269867214012
7 0.40078125 0.6328125 0.0578125 0.103125
0 0.41171875 0.5568207518467118 0.03125 0.032994307181592394
0 0.340625 0.5571883905085891 0.040625 0.04242384933607006
0 0.31015625 0.5421673785065366 0.03125 0.0361193071815924
0 0.2109375 0.5517463907049809 0.0296875 0.032985216822512695
0 0.19296875 0.5446106015755652 0.0234375 0.028261355386194252
0 0.14375 0.5560430052645573 0.04375 0.04556703005422928
0 0.078125 0.5751924601832133 0.0171875 0.02509999394987581
0 0.0578125 0.5672617855151783 0.0328125 0.03769089754067192
0 0.046875 0.5492294030016209 0.01875 0.014171584308955331
0 0.02109375 0.5318919120768073 0.0234375 0.025136355386194253
0 0.0046875 0.5484375 0.009375 0.04375
3 0.00234375 0.58984375 0.0046875 0.0171875
3 0.025 0.5616021379745064 0.0140625 0.012581813231716588
3 0.07265625 0.5853168939264346 0.00625 0.007848861436318444
3 0.0640625 0.6032356469514968 0.0125 0.012572722872636888
3 0.1484375 0.6052890263417962 0.0171875 0.02353749394987581
3 0.21640625 0.5845907069617595 0.015625 0.015715903590796287
3 0.3171875 0.5797082851223949 0.0140625 0.011019313231716588
3 0.346875 0.6001935019449076 0.015625 0.017278403590796288
3 0.41171875 0.5857270018467118 0.0140625 0.012581813231716588
5 0.02421875 0.740625 0.0484375 0.428125
5 0.0296875 0.6600669090517453 0.0546875 0.28469316256778665
5 0.04765625 0.5570464481811608 0.01875 0.03292158430895533
5 0.08671875 0.6580549571581512 0.034375 0.19238748789975163
5 0.06328125 0.6930748517719569 0.078125 0.28639201795398084
5 0.1640625 0.6327236799325924 0.021875 0.08137726502711473
5 0.14453125 0.7427663004440971 0.1078125 0.4225022347764937
5 0.1921875 0.6656998063960254 0.0546875 0.27219316256778664
5 0.2265625 0.702618544295777 0.0890625 0.3348931504675381
5 0.30859375 0.652314538147457 0.0609375 0.2550420240041051
5 0.371875 0.72890625 0.115625 0.3984375
5 0.40078125 0.66953125 0.0578125 0.2640625
8 0.7359375 0.7464402254067197 0.3328125 0.37849874648395854
6 0.9546875 0.8500566256778661 0.0265625 0.05796703610435365
6 0.690625 0.97890625 0.08125 0.0421875
6 0.63671875 0.97421875 0.0671875 0.0515625
6 0.59765625 0.96484375 0.0640625 0.0703125
6 0.590625 0.94375 0.059375 0.1125
6 0.59921875 0.8683010689872532 0.0296875 0.0642352168225127
6 0.56953125 0.8759408521647405 0.028125 0.06735112646343318
6 0.534375 0.8851113190854492 0.0171875 0.05791249394987581
6 0.54296875 0.95078125 0.0453125 0.0984375
6 0.525 0.9303692769309713 0.028125 0.10172612646343318
6 0.50234375 0.9130499667243168 0.034375 0.09394998789975162
9 0.43359375 0.809375 0.0078125 0.0375
9 0.43828125 0.740625 0.0171875 0.028125
9 0.4953125 0.7505090601084585 0.0515625 0.022174981849627427
9 0.53359375 0.7991692739059092 0.015625 0.023528403590796287
9 0.603125 0.8003550448849521 0.040625 0.03617384933607006
9 0.55625 0.7953948341125636 0.034375 0.03769998789975162
9 0.67265625 0.8109158158639952 0.0484375 0.05340680113146803
9 0.69140625 0.8094624001729507 0.0703125 0.06915906615858276