3 0.46293737899751586 0.1484375 0.0220658975406721 0.0328125
3 0.16484375 0.4296875 0.0140625 0.01875
0 0.46484479176169413 0.0734375 0.0756363251355733 0.109375
0 0.1953125 0.3796875 0.06875 0.11875
7 0.1 0.36484375 0.15 0.1484375
7 0.4953125 0.2859375 0.109375 0.30625
5 0.48671875 0.22890625 0.1328125 0.4203125
5 0.11484375 0.36328125 0.2296875 0.1515625
1 0.759375 0.10078125 0.190625 0.2015625
4 0.74921875 0.278125 0.3203125 0.321875
5 0.79453125 0.21953125 0.4109375 0.4390625
5 0.3984375 0.73046875 0.38125 0.5390625
1 0.50078125 0.83203125 0.1765625 0.2265625
2 0.5015625 0.51796875 0.175 0.1578125
0 0.79453125 0.615625 0.4109375 0.353125
3 0.7796875 0.8984375 0.38125 0.203125
5 0.79453125 0.71953125 0.4109375 0.5609375