8 0.04609375 0.5328125 0.0921875 0.16875
8 0.45824414007795095 0.5671836686028211 0.2420987827020893 0.26371924403245295
8 0.45859375 0.39609375 0.2421875 0.4921875
0 0.70703125 0.078125 0.2546875 0.15625
3 0.6884925247055891 0.19955072593095774 0.21348398138127056 0.3555612986950896
7 0.73046875 0.47109375 0.3015625 0.5765625
5 0.7703125 0.3796875 0.38125 0.759375
8 0.39140625 0.8796875 0.3140625 0.240625
1 0.8390625 0.9203125 0.321875 0.159375
2 0.78984375 0.79921875 0.4203125 0.0796875
5 0.78984375 0.8796875 0.4203125 0.240625