1 0.24375 0.29765625 0.25 0.2640625
1 0.0421875 0.26015625 0.084375 0.4984375
0 0.98828125 0.15234375 0.0234375 0.0765625
7 0.7854359676080797 0.33125 0.07426472267624522 0.1421875
1 0.7702700307416004 0.25234375 0.02208407825883114 0.0359375
1 0.4821302021881816 0.09375 0.026698855386194254 0.0234375
1 0.4555671813073344 0.228125 0.03456589754067192 0.0328125
1 0.6693802173134921 0.13671875 0.0361193071815924 0.03125
2 0.3796875 0.03984375 0.021875 0.0265625
2 0.48789438885826913 0.04296875 0.05178975897699036 0.0390625
2 0.45592625049097935 0.16640625 0.08475679508134401 0.065625
2 0.6775245154198981 0.0796875 0.07376475292686635 0.05625
4 0.676006946334449 0.20625 0.08357609016268785 0.13125
4 0.659375 0.01171875 0.025 0.0234375
4 0.5546875 0.01640625 0.028125 0.0328125
4 0.5059989733636162 0.15390625 0.07252041549465282 0.1109375
4 0.41328125 0.321875 0.0890625 0.184375
4 0.38984375 0.115625 0.0421875 0.084375
5 0.40546875 0.0890625 0.0734375 0.134375
5 0.44921875 0.3171875 0.1609375 0.384375
5 0.5123216962362532 0.14140625 0.14204309601642037 0.24375
5 0.553125 0.05 0.04375 0.1
5 0.66328125 0.03125 0.0359375 0.0625
5 0.682352395104785 0.18984375 0.15006467427525153 0.2796875
5 0.78984375 0.34765625 0.1140625 0.3234375
5 0.94140625 0.303125 0.1171875 0.4125
0 0.7853864915139889 0.20546875 0.04405907220870695 0.053125
7 0.9546875 0.3765625 0.090625 0.265625
5 0.22265625 0.7546875 0.2609375 0.490625
5 0.11484375 0.6828125 0.2265625 0.346875