8 0.1984375 0.1296875 0.396875 0.259375
8 0.5 0.15546875 0.4 0.2890625
5 0.5837280218628058 0.10625 0.03155907220870695 0.053125
0 0.9279199460398615 0.16328125 0.12231133723582169 0.075
9 0.7234375 0.08359375 0.046875 0.0828125
9 0.85 0.2078125 0.3 0.184375
3 0.9408103105994379 0.23046875 0.08305793969514993 0.0421875
4 0.9296875 0.253125 0.140625 0.09375
5 0.89765625 0.209375 0.2046875 0.18125
6 0.5270825912428424 0.62890625 0.2862395653730159 0.5890625
2 0.32636094945770705 0.484375 0.147684041958086 0.1390625
3 0.3468996666730032 0.7140625 0.10531473477649378 0.1078125
4 0.3828125 0.87421875 0.2625 0.2515625
5 0.40390625 0.665625 0.5515625 0.66875
4 0.85 0.80859375 0.3 0.3828125
5 0.85 0.65 0.3 0.7
1 0.8319569644848217 0.5734375 0.21084763817089797 0.253125
2 0.803125 0.3515625 0.20625 0.103125