8 0.31484375 0.16484375 0.6296875 0.3296875
5 0.23984375 0.19140625 0.2140625 0.2765625
3 0.1780194191088902 0.20078125 0.03461134933607006 0.040625
2 0.17388643101274687 0.10546875 0.05849427693097135 0.1171875
8 0.16640625 0.71796875 0.3328125 0.5640625
8 0.59765625 0.828125 0.0640625 0.34375
2 0.3015165273237548 0.434375 0.02511817466803503 0.0203125
2 0.34666487997947454 0.596875 0.03784543364502539 0.059375
2 0.1338012656162899 0.659375 0.03450226502711473 0.021875
2 0.064378058163551 0.909375 0.0533068071815924 0.03125
3 0.1375575246914762 0.68515625 0.01883181323171641 0.0140625
3 0.06722580221162264 0.95703125 0.01416249394987581 0.0171875
4 0.0296875 0.97421875 0.059375 0.0515625
4 0.1247030006873711 0.74609375 0.03958974082661797 0.090625
4 0.30733473526747296 0.50859375 0.04436814441741408 0.10625
4 0.3618853590004315 0.66640625 0.06808744554888228 0.1546875
5 0.37231379889197297 0.75390625 0.16311918617910823 0.375
5 0.2991813468019873 0.5671875 0.08136012607064966 0.2875
5 0.13768426883774368 0.79765625 0.12676352966144577 0.303125
5 0.07265625 0.946875 0.1453125 0.10625
7 0.7956013079671592 0.7828125 0.025336343285945872 0.0578125
7 0.895700781036188 0.9 0.025236349336070062 0.040625
7 0.9362121515476929 0.91953125 0.028479524004104917 0.0609375
7 0.9109394407753042 0.96640625 0.028488614363184794 0.0625
0 0.9372797478587007 0.8703125 0.015734084308955332 0.01875
0 0.8959325851927182 0.86015625 0.01731476502711473 0.021875
0 0.7958921994577071 0.7328125 0.015743174668035032 0.0203125
5 0.795442226683266 0.81015625 0.03230448165323559 0.18125
5 0.89453125 0.92421875 0.0296875 0.1515625
5 0.909375 0.9546875 0.05 0.090625
5 0.93828125 0.9296875 0.0390625 0.140625