5 0.4162223592950191 0.37888091969806525 0.052062469749379045 0.08623748184962743
8 0.1625 0.57890625 0.325 0.1015625
8 0.26796875 0.32578125 0.4640625 0.6078125
8 0.75 0.378125 0.5 0.503125
2 0.7785143227978821 0.29189102156821817 0.01416249394987581 0.01726931323171659
3 0.7839239854638647 0.3020154553114395 0.009429542154477666 0.009429542154477666
4 0.7884478590004316 0.33011318423420066 0.026826120413308986 0.04546703610435347
5 0.7900603559753694 0.32151034387512106 0.03953519867214013 0.08147725897699036
5 0.17421875 0.81484375 0.3484375 0.3703125
4 0.81484375 0.76640625 0.3703125 0.2734375
5 0.75 0.81484375 0.5 0.3703125