9 0.4768916937021704 0.48046875 0.24329652380771344 0.190625
9 0.5875 0.4921875 0.025 0.109375
0 0.34248137402754625 0.21796875 0.07252950585373234 0.1125
3 0.30712513612779463 0.25234375 0.02852497579950324 0.06875
0 0.25484047346181216 0.2421875 0.03469316256778665 0.0546875
7 0.2446927929400446 0.375 0.0760817527304745 0.1859375
7 0.2895780460633025 0.4484375 0.1487385236113216 0.3203125
5 0.2859375 0.35625 0.209375 0.60625
5 0.2390625 0.4015625 0.146875 0.515625
8 0.74453125 0.43828125 0.2890625 0.4421875
4 0.33828125 0.8296875 0.2640625 0.340625
4 0.06328125 0.8296875 0.1265625 0.340625
0 0.1171875 0.8296875 0.234375 0.340625
0 0.3328125 0.8296875 0.403125 0.340625
9 0.3 0.8296875 0.6 0.340625