7 0.05625 0.18203125 0.1125 0.3265625
7 0.4375 0.2330145714231401 0.16875 0.2244192587805987
0 0.31640625 0.1862163185944697 0.0765625 0.1332579275949012
3 0.065625 0.03163231596219109 0.0265625 0.03609203610435348
3 0.35078125 0.23563505649422128 0.021875 0.03450226502711473
5 0.41796875 0.3359375 0.2828125 0.471875
5 0.08125 0.29453125 0.1625 0.5890625
8 0.7796875 0.29453125 0.440625 0.5890625
5 0.79140625 0.2617243369412341 0.078125 0.1035795179539809
4 0.28828125 0.646875 0.3421875 0.115625
5 0.334375 0.77734375 0.45 0.3765625
8 0.7796875 0.79453125 0.440625 0.4109375
5 0.609375 0.79453125 0.1 0.4109375