1 0.109375 0.24540669072245197 0.1203125 0.21546246268299923
8 0.478125 0.26484375 0.24375 0.5296875
0 0.175 0.12265625 0.2125 0.2453125
0 0.2734375 0.41328125 0.196875 0.2328125
7 0.2515625 0.45390625 0.440625 0.1515625
7 0.071875 0.26875 0.14375 0.521875
5 0.1421875 0.26484375 0.284375 0.5296875
5 0.26328125 0.39765625 0.4921875 0.2640625
2 0.88359375 0.05971518606776964 0.05625 0.06159202800763595
3 0.98359375 0.02109375 0.0328125 0.0421875
4 0.98046875 0.2578125 0.0390625 0.328125
4 0.9359375 0.2015625 0.128125 0.31875
4 0.8203125 0.3152288420591791 0.178125 0.34738517202418073
7 0.8015625 0.1546875 0.18125 0.309375
7 0.65546875 0.1265625 0.1109375 0.253125
5 0.95078125 0.26484375 0.0984375 0.5296875
5 0.9015625 0.26484375 0.196875 0.5296875
5 0.82734375 0.26875 0.2515625 0.521875
5 0.77890625 0.26484375 0.2953125 0.5296875
5 0.67734375 0.25703125 0.1546875 0.5140625
1 0.16796875 0.9078125 0.3359375 0.184375
2 0.2109375 0.7109375 0.421875 0.275
4 0.27421875 0.9375 0.5484375 0.125
5 0.3 0.76484375 0.6 0.4703125
8 0.8015625 0.63984375 0.396875 0.2203125