0 0.21071776873954784 0.4245963934197688 0.06922269867214012 0.08204997867599957
4 0.20703125 0.53359375 0.1109375 0.0921875
5 0.19296875 0.4796875 0.1765625 0.2
1 0.7759746091968232 0.4616242260900413 0.1336215419580859 0.14060791335136286
2 0.7528381328081449 0.14102082475331418 0.09258747579950324 0.06982269867918127
3 0.7077660064429077 0.23347140674726904 0.04871930113146803 0.04900112133990877
3 0.5899052989901689 0.4821168973981334 0.08643746974937905 0.08693747334499946
2 0.6078125 0.27109375 0.196875 0.1609375
2 0.7771018137226958 0.2678742260900413 0.14463176483072288 0.15323518268618094
4 0.9625 0.40546875 0.075 0.3484375
5 0.90703125 0.28984375 0.1859375 0.5796875
5 0.740783039522199 0.19869696475172338 0.12611811416679294 0.19364200668363551
5 0.77578125 0.37734375 0.4484375 0.4046875
5 0.66875 0.35078125 0.31875 0.4578125
7 0.25625 0.6921875 0.228125 0.225
5 0.25234375 0.78984375 0.5046875 0.4203125