5 0.16953125 0.36328125 0.1015625 0.215625
5 0.31953125 0.37734375 0.0984375 0.2265625
4 0.1640625 0.31640625 0.0328125 0.05
4 0.33671875 0.33515625 0.0375 0.0640625
0 0.17265625 0.271875 0.0234375 0.0265625
3 0.1734375 0.290625 0.00625 0.0078125
3 0.334375 0.30234375 0.0046875 0.0078125
0 0.3421875 0.28203125 0.021875 0.025
8 0.6171875 0.2078125 0.175 0.415625
8 0.76484375 0.359375 0.4703125 0.38125
8 0.22421875 0.775 0.4484375 0.45
8 0.38828125 0.72578125 0.2828125 0.3515625
7 0.3578125 0.71171875 0.0296875 0.0390625
5 0.35703125 0.7109375 0.0359375 0.0484375
8 0.70859375 0.74140625 0.3578125 0.3828125
8 0.7953125 0.82265625 0.409375 0.3546875