9 0.3700827793668583 0.46948371468121336 0.08832722267624522 0.14269656010845858
9 0.20363562275099997 0.4634205879231927 0.09425906010845857 0.08804542154477701
7 0.28387711377400954 0.4238899344305924 0.10773172852997774 0.2553056444174139
7 0.4922617855151783 0.3867388714934634 0.06815107806243947 0.16601588544042353
3 0.274437960379605 0.2786274314055303 0.029932939695149586 0.042360216822512696
3 0.493969210379605 0.277350235954844 0.007957945745273776 0.025045451795398143
0 0.4773720628389331 0.24463318472518 0.04725679508134384 0.06589771077238851
0 0.2748328701187214 0.21221663622599046 0.04251475292686635 0.056495439695149675
5 0.2984375 0.37890625 0.165625 0.6796875
5 0.4890625 0.43203125 0.103125 0.5734375
8 0.33515625 0.859375 0.6484375 0.28125
8 0.0796875 0.890625 0.159375 0.21875