4 0.45 0.078125 0.109375 0.15625
5 0.48671875 0.30390625 0.2109375 0.6078125
5 0.9875 0.38359375 0.025 0.2140625
5 0.8668859555078313 0.3729623396717086 0.09350560206654457 0.2270988311856975
4 0.8554353711006801 0.3268004119786115 0.03629202400410492 0.061146578258831144
3 0.862657518641352 0.2940288185944697 0.006295451795397966 0.007848861436318444
0 0.8588785336684666 0.2721310926967707 0.022020445745273776 0.02512726502711473
5 0.3421875 0.825 0.515625 0.35
4 0.38046875 0.825 0.3828125 0.35
1 0.9703125 0.89765625 0.059375 0.2046875
2 0.88046875 0.6921875 0.2390625 0.084375
5 0.8015625 0.825 0.396875 0.35