3 0.2055490005891752 0.296875 0.009429542154477666 0.009375
0 0.20253763007767045 0.27734375 0.020439765027114733 0.021875
4 0.21874843735745858 0.3109375 0.03462043969514959 0.0421875
4 0.1481904976623089 0.353125 0.030060204722264318 0.0640625
5 0.14194504284184878 0.35234375 0.06325449980360834 0.1296875
5 0.21548708197126434 0.334375 0.07428290339440444 0.1453125
6 0.5526052868899204 0.23125 0.026853391490547728 0.05
6 0.720728572994274 0.2046875 0.033148843285945875 0.0578125
6 0.653114346998379 0.14375 0.01581589754067192 0.0328125
6 0.5058211904807166 0.215625 0.014244307181592397 0.03125
6 0.5826836723303439 0.1640625 0.015779536104353474 0.0265625
6 0.6375802505891752 0.128125 0.012636355386194254 0.0234375
6 0.6736222897185907 0.11015625 0.011064765027114731 0.021875
6 0.99765625 0.06875 0.0046875 0.03125
6 0.9629984071068376 0.05625 0.012645445745273775 0.025
6 0.7088830788480064 0.0921875 0.009493174668035032 0.0203125
6 0.7652330727978821 0.075 0.009484084308955332 0.01875
6 0.827810340850059 0.06171875 0.009484084308955332 0.01875
6 0.9130256781840764 0.0515625 0.009484084308955332 0.01875
6 0.8126575186413518 0.11484375 0.018986349336070064 0.040625
6 0.8612950065411035 0.08046875 0.015797716822512697 0.0296875
6 0.8066029613615637 0.08125 0.012645445745273775 0.025
6 0.7385024011549093 0.10390625 0.014217036104353476 0.0265625
4 0.8718603226996862 0.01015625 0.00791249394987581 0.0171875
5 0.87109375 0.01796875 0.0140625 0.0359375
9 0.8109375 0.3203125 0.378125 0.278125