5 0.1515625 0.3069998134149962 0.08125 0.22594542934436318
5 0.0140625 0.29921875 0.028125 0.2390625
4 0.1640625 0.25636401408335985 0.0296875 0.050345445337363515
0 0.1609375 0.20789015141626893 0.021875 0.02681703866963616
3 0.15703125 0.22893844808240527 0.00625 0.009447725334181811
0 0.521875 0.17265625 0.00625 0.0328125
5 0.528125 0.18359375 0.01875 0.0765625
0 0.98671875 0.20604803011613101 0.0109375 0.015752269334818082
7 0.9828125 0.23412757678226742 0.01875 0.03928067600254544
5 0.98359375 0.2513241674490401 0.03125 0.10973862667090888
3 0.98515625 0.21852984878258558 0.00625 0.006322725334181811
3 0.1671875 0.640625 0.334375 0.08125
4 0.2296875 0.83515625 0.459375 0.3296875
5 0.259375 0.8 0.51875 0.4