8 0.05625 0.31640625 0.1125 0.3390625
8 0.16640625 0.25 0.3328125 0.5
9 0.13664383529600171 0.08496341168402384 0.02416475334181776 0.06263635538619425
9 0.10604781596118365 0.09572364968197129 0.05717724801081765 0.08001475292686626
6 0.49375525926959385 0.2815854442723359 0.005105670671545326 0.03596477107723892
7 0.64921875 0.08203125 0.1859375 0.1640625
0 0.7625 0.01875 0.0875 0.0375
3 0.7401393632638669 0.027368559421087468 0.025418170671545327 0.03608294574527378
5 0.68828125 0.19921875 0.3328125 0.3984375
7 0.34765625 0.60546875 0.1296875 0.2109375
5 0.34609375 0.75 0.2203125 0.5
8 0.75 0.75 0.5 0.5