8 0.6890625 0.19453125 0.559375 0.3890625
8 0.8390625 0.25546875 0.321875 0.2671875
1 0.2609375 0.6515625 0.296875 0.2625
4 0.2046875 0.87265625 0.409375 0.2546875
5 0.2046875 0.69453125 0.409375 0.6109375
8 0.65625 0.834375 0.296875 0.33125
8 0.55859375 0.759375 0.2984375 0.48125
0 0.6612076063681529 0.8768762945974122 0.004723861436318444 0.006304544000636269
7 0.6642235220591975 0.8955899319303213 0.007948855386194253 0.023528406667727354
5 0.6641735250842595 0.9041836819303214 0.014426114363184795 0.0626636320019088
9 0.6704735220591975 0.8955172065961395 0.04250566256778665 0.05517839600572714
8 0.7175166937021704 0.8660655165897764 0.042451120413308986 0.04580339600572714
8 0.7751928383159761 0.8888303072485948 0.05345225292686635 0.056868165340545215
8 0.8354218111886131 0.8756303259070952 0.034738614363184796 0.06289998933799978
8 0.8565019256499937 0.8777286279042317 0.042560204722264315 0.06455339600572714
8 0.8877837419067725 0.8718962512333228 0.04418633723582168 0.07550907733927233
8 0.922140561188613 0.874621261895323 0.055123837235821684 0.07563634667409076
8 0.9777002147794093 0.8583508245544597 0.044340873340175335 0.10207157733927233
8 0.9875 0.8703125 0.025 0.084375