3 0.3512240731906656 0.17666950078556684 0.01582498789975162 0.034465903590796286
0 0.3163268984244348 0.13234278386485832 0.07588176483072288 0.1519988372358217
7 0.3765625 0.128125 0.084375 0.21875
7 0.03046875 0.109375 0.0609375 0.21875
5 0.04453125 0.184375 0.0890625 0.36875
5 0.34765625 0.19140625 0.1421875 0.3546875
4 0.45 0.19140625 0.0625 0.3546875
5 0.94375 0.1125 0.1125 0.225
5 0.48125 0.184375 0.125 0.36875
8 0.31484375 0.57890625 0.2078125 0.4203125
1 0.73203125 0.8421875 0.4140625 0.315625
2 0.7063898588040398 0.513624600121637 0.41866013817089814 0.255552125874258
5 0.709375 0.684375 0.58125 0.63125