3 0.19493174668035032 0.14925354879377709 0.04256929508134384 0.06587043969514968
0 0.18662382211051112 0.06414275058917518 0.08811814441741408 0.10675906010845856
7 0.2467674783335859 0.33020811212368956 0.1736930718159236 0.31349993949875793
5 0.2375 0.284375 0.384375 0.56875
7 0.928125 0.23359375 0.14375 0.4671875
7 0.7400549117822197 0.30247295580241884 0.24932030659241722 0.4217487767345796
7 0.5671875 0.3125 0.234375 0.496875
0 0.66796875 0.01484375 0.1046875 0.0296875
3 0.9453125 0.01015625 0.078125 0.0203125
3 0.6825231711519936 0.0824877087292851 0.058167024004105096 0.06127384328594587
5 0.57734375 0.284375 0.2546875 0.56875
5 0.76171875 0.284375 0.3515625 0.56875
5 0.8921875 0.284375 0.215625 0.56875
8 0.17734375 0.77421875 0.3546875 0.4109375
8 0.725 0.784375 0.55 0.43125