7 0.00703125 0.31640625 0.0140625 0.0484375
5 0.01953125 0.34296875 0.0390625 0.1734375
8 0.26953125 0.21484375 0.5390625 0.4296875
8 0.603125 0.1109375 0.128125 0.221875
8 0.9515625 0.23984375 0.096875 0.2421875
8 0.34921875 0.57890625 0.3796875 0.2984375
8 0.31015625 0.50859375 0.1171875 0.1578125
8 0.52421875 0.49140625 0.0296875 0.1234375
0 0.5854405127876194 0.52890625 0.07850679508134384 0.065625
3 0.6070973441697086 0.56640625 0.032976126463433175 0.028125
4 0.6262058924725065 0.6390625 0.12271131303532475 0.14375
4 0.89609375 0.484375 0.2078125 0.109375
5 0.8265625 0.61171875 0.346875 0.3640625
5 0.6328125 0.6921875 0.1875 0.409375