4 0.040932509566165634 0.2606945219610016 0.03617384933607006 0.04083407825883114
0 0.01913932279788213 0.24675928698811625 0.011101126463433175 0.028188632513557365
5 0.03046875 0.3046875 0.0609375 0.15
4 0.5212098411446465 0.21458311212368955 0.2025533491396782 0.1714851563212708
0 0.5515563921779189 0.10112914530117685 0.11437157220870695 0.05378859621281222
5 0.6296875 0.065625 0.34375 0.13125
5 0.53984375 0.2234375 0.2890625 0.3125
8 0.175 0.69921875 0.35 0.6015625
1 0.4320796843323965 0.6907961541799714 0.0837942587805987 0.16923178903121966
2 0.5135938256265525 0.5106405006873711 0.17740790339440443 0.14633971057599665
4 0.47578125 0.88984375 0.2515625 0.2203125
5 0.49140625 0.71015625 0.2828125 0.5796875