7 0.065625 0.27734375 0.13125 0.3046875
3 0.02617772238165763 0.06702089099956843 0.03933521077238851 0.047102258976990455
5 0.1515625 0.284375 0.303125 0.56875
8 0.16484375 0.284375 0.3296875 0.56875
1 0.7703125 0.4109375 0.459375 0.315625
2 0.7390625 0.234375 0.521875 0.19375
5 0.66484375 0.346875 0.6703125 0.44375
4 0.16484375 0.81015625 0.3296875 0.3796875
5 0.16484375 0.784375 0.3296875 0.43125
0 0.6907260357115701 0.7455691135776178 0.05210792154477702 0.09404998184962743
0 0.60859375 0.61328125 0.1203125 0.0890625
7 0.63359375 0.86484375 0.2046875 0.2703125
5 0.7240521409995685 0.8340412611182899 0.10464308996629619 0.2615374636992548
4 0.725769177103922 0.8606128514773694 0.071121541958086 0.13947156615858275
5 0.65390625 0.784375 0.3078125 0.43125