7 0.19296875 0.0875 0.2140625 0.175
5 0.165625 0.2046875 0.26875 0.409375
0 0.8421875 0.2493855017485159 0.1765625 0.11508971057599685
0 0.48203125 0.28400892398066396 0.128125 0.11480790944452864
0 0.88359375 0.049626396264125724 0.153125 0.09307835518980254
5 0.51875 0.31640625 0.359375 0.1859375
5 0.80859375 0.29140625 0.3828125 0.2359375
3 0.80546875 0.3390156283101448 0.075 0.06606133723582168
3 0.48671875 0.36372369505790286 0.078125 0.0551420179539809
3 0.01875 0.44609375 0.0375 0.0734375
4 0.0546875 0.71796875 0.109375 0.5640625
5 0.11796875 0.7046875 0.2359375 0.590625
0 0.79375 0.7046875 0.4125 0.590625
5 0.58515625 0.7046875 0.5703125 0.590625
7 0.36796875 0.73046875 0.1359375 0.5390625