8 0.271875 0.235829978333586 0.2296875 0.24821128278470378
8 0.415625 0.184375 0.3875 0.36875
5 0.40546875 0.1709822040348933 0.040625 0.06429884933607007
0 0.70546875 0.04609375 0.1578125 0.0921875
7 0.875 0.184375 0.25 0.36875
7 0.71640625 0.2953125 0.2140625 0.146875
3 0.68125 0.18976349941082482 0.0828125 0.08641928903121965
5 0.921875 0.184375 0.15625 0.36875
5 0.8390625 0.184375 0.321875 0.36875
5 0.7265625 0.184375 0.234375 0.36875
8 0.1640625 0.60546875 0.328125 0.4734375
8 0.3109375 0.7578125 0.521875 0.484375
7 0.7484375 0.5015625 0.278125 0.265625
5 0.8046875 0.684375 0.390625 0.63125