3 0.1578125 0.05390625 0.234375 0.1078125
7 0.19921875 0.26484375 0.3984375 0.5296875
5 0.23828125 0.26484375 0.4765625 0.5296875
8 0.74453125 0.26484375 0.5109375 0.5296875
6 0.07464808040013056 0.807852364854164 0.07585449375348415 0.14731133723582168
6 0.2015625 0.5453125 0.034375 0.03125
9 0.28359375 0.78984375 0.4109375 0.4203125
6 0.4921875 0.953125 0.00625 0.021875
6 0.49385662265280406 0.9522164849728852 0.009511355386194253 0.023492042154477845
6 0.5109577642415477 0.9372727410230095 0.009502265027114732 0.021929542154477843
6 0.5148367431643088 0.9325625151253105 0.009502265027114732 0.021929542154477843
6 0.5546875 0.99453125 0.028125 0.0109375
6 0.5904316408031767 0.900090382709949 0.014207945745273953 0.025081813231716765
6 0.601410047419035 0.9070580001963918 0.017378397540672098 0.03291249394987581
6 0.6683748336215845 0.8683858647559681 0.020503397540672097 0.03293067466803521
6 0.7875606499765588 0.8083154522863774 0.022111349336070063 0.04075226502711473
6 0.9147225927949666 0.7763245880213886 0.02685339149054755 0.05015453610435348
6 0.6440469993126289 0.8497767653217021 0.012636355386194254 0.023510222872636887
9 0.88359375 0.88515625 0.2328125 0.2296875
6 0.6867930355151783 0.8112455304470128 0.012609084308955331 0.018822722872636886
6 0.7124242945903646 0.7853142895221991 0.011037493949875809 0.017251132513557366
9 0.6826231651018694 0.7659557563447118 0.03462043969514976 0.04238748789975162