7 0.18828125 0.05234375 0.1734375 0.1046875
3 0.0984375 0.009375 0.025 0.01875
5 0.16015625 0.1890625 0.2921875 0.378125
8 0.21484375 0.74921875 0.4296875 0.4515625
7 0.29386571301188374 0.8574984912476402 0.018886355386194254 0.023655676002545433
5 0.2915674148072818 0.8653382632479584 0.028434072208706952 0.05345226400381797
7 0.018706110847143263 0.6989705652848659 0.012572722872636888 0.012645450668363622
5 0.020259520488063655 0.6973898839513204 0.018904536104353477 0.026780676002545432
4 0.6865844781371943 0.7395955652848658 0.12467378883482798 0.21393632535009016
4 0.89921875 0.9625 0.2015625 0.075
4 0.9226315833269968 0.8899842745862763 0.04567611436318479 0.06302725867281786
4 0.796875 0.88984375 0.153125 0.2203125
4 0.63671875 0.4375 0.2140625 0.05625
5 0.49765326746300154 0.630067665977092 0.04884656615858276 0.07087612133990877
5 0.5921875 0.79765625 0.325 0.4046875
0 0.7520822131100796 0.7169569492759572 0.028497704722264317 0.06438976400381798
0 0.7742526497801672 0.7674836606063209 0.04084316861791084 0.03797271467218159
0 0.8037856136758137 0.7405757152689575 0.020557939695149584 0.042423857336090796
0 0.8728259842855144 0.6553916459261852 0.10979315651766228 0.07314769334818116
0 0.9163401558302914 0.7486416592536855 0.07690793364502539 0.06026588534372692
0 0.9494526376799188 0.7998223512492311 0.04405907220870695 0.05363407733927232
0 0.98359375 0.77578125 0.0328125 0.1015625
5 0.60078125 0.5109375 0.3421875 0.203125
5 0.86015625 0.51484375 0.2359375 0.2109375
3 0.98046875 0.8953125 0.0390625 0.04375
3 0.931007164709086 0.8523842772517766 0.02668976502711473 0.022184082670272432
3 0.905838993066113 0.8237689285885036 0.03453862646343318 0.028524989337999785
3 0.84996572208707 0.7548831159293669 0.06281816256778647 0.05541475334181776
5 0.7584958395735126 0.7450092239417753 0.03507495764913067 0.12071248933799969
5 0.7789628756778662 0.7713353666056847 0.031586343285945874 0.05817612667090906
5 0.80546875 0.80703125 0.1828125 0.3859375
5 0.9142327551663614 0.7892939312540037 0.06801472267624539 0.14296929734245403
5 0.930203188811387 0.8484871179185491 0.07430108411256384 0.14929202267663583
5 0.88203125 0.85390625 0.2359375 0.2921875