0 0.0328125 0.00859375 0.01875 0.0171875
4 0.04905949673772394 0.031618338598048544 0.019368165340545217 0.053343176002545435
5 0.04140625 0.02734375 0.0359375 0.0546875
5 0.1 0.09453125 0.125 0.1890625
5 0.27890625 0.09453125 0.1484375 0.1890625
7 0.28046875 0.03828125 0.1265625 0.0765625
9 0.6671875 0.09453125 0.55625 0.1890625
8 0.5967975627386786 0.5635314099300033 0.34720554805854265 0.4352317120464523
4 0.5159100947246792 0.4613336579408209 0.015897720003181702 0.02361931333545435
2 0.5133299873885884 0.44104842994113913 0.007921588001272717 0.009465906667727175
5 0.5166186193904974 0.4550745672740482 0.02699885200509069 0.03780908267027261