5 0.16484375 0.3 0.3296875 0.6
6 0.6921875 0.1457649344305924 0.059375 0.10034543364502539
6 0.90625 0.09764455523668474 0.0484375 0.0909068011314682
6 0.9625 0.0078125 0.021875 0.015625
6 0.83359375 0.0125 0.0203125 0.025
6 0.6796875 0.02083765730322935 0.0203125 0.04074317466803503
6 0.55859375 0.03091716013189969 0.01875 0.03604658430895542
6 0.4484375 0.04796428044701275 0.01875 0.03604658430895542
6 0.375 0.05229777732375478 0.0171875 0.03291249394987581
6 0.34453125 0.054818789325807325 0.01875 0.03604658430895542
6 0.36171875 0.04612504537593152 0.0171875 0.03447499394987581
6 0.70625 0.0109375 0.015625 0.021875
6 0.59296875 0.018217172232148117 0.0171875 0.03447499394987581
6 0.5046875 0.032012027520146535 0.015625 0.03446590359079611
9 0.66484375 0.35 0.6703125 0.5