8 0.44776971674090565 0.06506802643999202 0.03323067067154532 0.03612839754067192
9 0.47530437074313275 0.08163335772388525 0.036319308004454244 0.03302157825883114
3 0.40472878874917806 0.12575099638576273 0.009520450668363623 0.012554542154477665
0 0.40684527207986 0.10623338192438218 0.023855670671545325 0.03607385538619425
5 0.4001872867599957 0.20540668012898405 0.07460220003181668 0.23479315651766228
4 0.5546106100811327 0.116467420857406 0.033521572008272396 0.06112839754067192
0 0.5619140327418602 0.07276287265280405 0.017460220003181703 0.02353749394987581
5 0.549650937420405 0.16018560460062742 0.07111357336090798 0.20352497579950324
5 0.66796875 0.24140625 0.1578125 0.3765625
1 0.25703125 0.71875 0.5140625 0.353125
2 0.28515625 0.48828125 0.5703125 0.1171875
4 0.29453125 0.87109375 0.5890625 0.2578125
5 0.29453125 0.71484375 0.5890625 0.5703125
8 0.76015625 0.71484375 0.3421875 0.5703125
8 0.79453125 0.79765625 0.4109375 0.4046875